n_thr,flow_thr,sa_thr,asz_thr,off_thr,n,wr_follow,mean_follow,sum_follow,wr_fade,mean_fade,sum_fade
10,0.1,1.005,100,60,8246,0.5398981324278438,-0.1483954613655266,-1223.6689744201321,0.4601018675721562,0.35275945497332306,2908.854465710022
10,0.1,1.005,100,120,6295,0.5540905480540111,-0.15353681056880633,-966.5142225306358,0.44590945194598886,0.3674282300172186,2312.960707958391
10,0.1,1.005,100,240,1626,0.577490774907749,-0.12648161070523484,-205.65909900671184,0.4225092250922509,0.9785577890331179,1591.1349649678496
10,0.1,1.005,100,270,754,0.596816976127321,-0.08886352589193545,-67.00309852251934,0.40318302387267907,0.8786868447000554,662.5298809038418
10,0.1,1.005,500,60,2974,0.5359784801613988,-0.15365776573109788,-456.9781952842851,0.46402151983860124,0.40937279975161606,1217.4747064613061
10,0.1,1.005,500,120,2283,0.5707402540516864,-0.13738635788031803,-313.65305504076605,0.4292597459483136,0.36099269830679603,824.1463302344154
10,0.1,1.005,500,240,454,0.5925110132158591,-0.11516547611454167,-52.285126156001915,0.40748898678414097,1.237608911413453,561.8744457817077
10,0.1,1.005,500,270,249,0.6867469879518072,0.08015346039766891,19.95821163901956,0.3132530120481928,1.035091585144103,257.7378047008816
10,0.1,1.005,1000,60,666,0.581081081081081,-0.13574131319319196,-90.40371458666584,0.4189189189189189,0.6441338164016636,428.99312172350795
10,0.1,1.005,1000,120,528,0.6098484848484849,-0.1819346887930567,-96.06151568273393,0.39015151515151514,0.7451485114956697,393.43841406971364
10,0.1,1.005,1000,240,162,0.5555555555555556,-0.35829023634680685,-58.04301828818271,0.4444444444444444,2.72379850293995,441.2553574762719
10,0.1,1.005,1000,270,109,0.4954128440366973,-0.43870093245538144,-47.818401637636576,0.5045871559633027,2.9727793519122776,324.03294935843826
10,0.1,1.01,100,60,3917,0.5488894562164922,-0.17887673129748896,-700.6601564922643,0.4511105437835078,0.4150573851869374,1625.779777777234
10,0.1,1.01,100,120,3118,0.5715202052597819,-0.17694180410565377,-551.7045452014285,0.4284797947402181,0.40585120942203745,1265.4440709779128
10,0.1,1.01,100,240,899,0.5617352614015573,-0.20605232884734842,-185.24104363376622,0.4382647385984427,1.326544168209497,1192.5632072203377
10,0.1,1.01,100,270,384,0.5755208333333334,-0.17995257501343062,-69.10178880515736,0.4244791666666667,1.3549776387214114,520.311413269022
10,0.1,1.01,500,60,1476,0.6090785907859079,-0.072133712579605,-106.46935976749698,0.39092140921409213,0.18777320408897477,277.15324923532677
10,0.1,1.01,500,120,1189,0.6518082422203533,-0.058780523055666264,-69.89004191318719,0.3481917577796468,0.08391262567183749,99.77211192381478
10,0.1,1.01,500,240,250,0.656,-0.09060580399101724,-22.65145099775431,0.344,1.2633418849398437,315.8354712349609
10,0.1,1.01,500,270,143,0.6643356643356644,-0.016695305711267126,-2.3874287167111987,0.3356643356643357,1.7425420114683394,249.18350763997253
10,0.1,1.01,1000,60,367,0.5749318801089919,-0.2309828021451862,-84.77068838728334,0.4250681198910082,1.0238950384835508,375.7694791234631
10,0.1,1.01,1000,120,320,0.578125,-0.30044775712824057,-96.14328228103699,0.421875,1.1240504369556616,359.6961398258117
10,0.1,1.01,1000,240,125,0.592,-0.3474310502271273,-43.42888127839091,0.408,2.9876570629648627,373.45713287060784
10,0.1,1.01,1000,270,91,0.5274725274725275,-0.41710040168689505,-37.95613655350745,0.4725274725274725,3.057912206708183,278.27001081044466
10,0.1,1.02,100,60,985,0.3725888324873096,-0.4381184629306115,-431.54668598665234,0.6274111675126903,0.5928499159573268,583.9571672179669
10,0.1,1.02,100,120,775,0.4038709677419355,-0.39508096598385606,-306.1877486374884,0.5961290322580645,0.5129888534440243,397.56636141911883
10,0.1,1.02,100,240,281,0.5338078291814946,-0.1697060711298055,-47.68740598747535,0.46619217081850534,0.42726368623684136,120.06109583255243
10,0.1,1.02,100,270,194,0.5979381443298969,-0.03197348946652114,-6.2028569565051015,0.4020618556701031,0.17851159919825177,34.631250244460844
10,0.1,1.02,500,60,238,0.3949579831932773,-0.3144766418626537,-74.84544076331159,0.6050420168067226,0.5853508801936121,139.31350948607968
10,0.1,1.02,500,120,153,0.5555555555555556,-0.025301945570825612,-3.8711976723363186,0.4444444444444444,0.08037609657457825,12.297542775910474
10,0.1,1.02,500,240,76,0.5,0.04351419071157461,3.3070784940796707,0.5,0.2717335425777976,20.651749235912614
10,0.1,1.02,500,270,68,0.5,0.09801373875349519,6.664934235237673,0.5,0.27799264402824425,18.90349979392061
10,0.1,1.02,1000,60,74,0.3783783783783784,-0.5144585294830265,-38.06993118174396,0.6216216216216216,0.5965372102898112,44.143753561446026
10,0.1,1.02,1000,120,70,0.4,-0.4851333026130318,-33.95933118291222,0.6,0.5523808940581799,38.6666625840726
10,0.1,1.02,1000,240,53,0.37735849056603776,-0.5621811754137724,-29.79560229692994,0.6226415094339622,0.6845046530714957,36.27874661278927
10,0.1,1.02,1000,270,50,0.38,-0.5608220725693726,-28.04110362846863,0.62,0.6291312070675612,31.456560353378062
10,0.2,1.005,100,60,7744,0.5458419421487604,-0.1439601661047657,-1114.8275263153055,0.4541580578512397,0.3678583710267553,2848.695225231193
10,0.2,1.005,100,120,5909,0.5623624978845828,-0.1459701300109421,-862.5374982346569,0.4376375021154172,0.3797336041682587,2243.8458670302407
10,0.2,1.005,100,240,1537,0.5849056603773585,-0.11967670126110463,-183.94308983831783,0.41509433962264153,1.028962540054072,1581.5154240631089
10,0.2,1.005,100,270,711,0.6174402250351617,-0.05849633308243536,-41.59089282161154,0.38255977496483823,0.9039807508932997,642.7303138851361
10,0.2,1.005,500,60,2744,0.5528425655976676,-0.1336476351370566,-366.72911081608333,0.44715743440233235,0.41825422873696,1147.6896036542182
10,0.2,1.005,500,120,2092,0.5927342256214149,-0.11183021194530268,-233.94880338957321,0.4072657743785851,0.3629123219268868,759.2125774710472
10,0.2,1.005,500,240,407,0.6339066339066339,-0.053582031454677985,-21.80788680205394,0.36609336609336607,1.3246389522870332,539.1280535808226
10,0.2,1.005,500,270,218,0.7568807339449541,0.19201106261917833,41.85841165098088,0.24311926605504589,1.1002523151539076,239.85500470355188
10,0.2,1.005,1000,60,595,0.6235294117647059,-0.09209164395386023,-54.79452815254683,0.3764705882352941,0.6644626167900115,395.35525699005683
10,0.2,1.005,1000,120,474,0.6603375527426161,-0.13126666411188065,-62.22039878903142,0.339662447257384,0.7612519990232527,360.83344753702175
10,0.2,1.005,1000,240,136,0.6544117647058824,-0.24310979806805127,-33.06293253725497,0.34558823529411764,3.074771010861076,418.16885747710637
10,0.2,1.005,1000,270,84,0.6428571428571429,-0.26289763819559897,-22.083401608430314,0.35714285714285715,3.5703327304575985,299.90794935843826
10,0.2,1.01,100,60,3706,0.55774419859687,-0.17017864618396605,-630.6820627577782,0.44225580140313003,0.4294869422084882,1591.6786078246573
10,0.2,1.01,100,120,2950,0.5840677966101695,-0.16224694735387993,-478.6284946939458,0.4159322033898305,0.4165684091184866,1228.8768068995355
10,0.2,1.01,100,240,844,0.5699052132701422,-0.19964454169262918,-168.49999318857903,0.43009478672985785,1.4066818622176178,1187.2394917116694
10,0.2,1.01,100,270,348,0.6149425287356322,-0.12670562026239396,-44.0935558513131,0.3850574712643678,1.4341809363041909,499.0949658338584
10,0.2,1.01,500,60,1363,0.6426999266324285,-0.02476704000665063,-33.757475529064806,0.3573000733675715,0.16012510165665655,218.2505135580229
10,0.2,1.01,500,120,1088,0.6976102941176471,0.00596488489729343,6.489794768255251,0.3023897058823529,0.03658271367325585,39.80199247650236
10,0.2,1.01,500,240,217,0.7188940092165899,-0.009179513615458053,-1.9919544545543975,0.28110599078341014,1.3826381162978332,300.0324712366298
10,0.2,1.01,500,270,114,0.7982456140350878,0.17831503683667452,20.327914199380896,0.20175438596491227,2.010562347745409,229.20410764297662
10,0.2,1.01,1000,60,325,0.6338461538461538,-0.1621509418995302,-52.69905611734731,0.36615384615384616,1.056130126374589,343.2422910717414
10,0.2,1.01,1000,120,284,0.6514084507042254,-0.20789747275473583,-59.042882262344975,0.3485915492957746,1.1394082068956364,323.5919307583607
10,0.2,1.01,1000,240,100,0.74,-0.17693881249184643,-17.693881249184642,0.26,3.4933213287060783,349.33213287060784
10,0.2,1.01,1000,270,66,0.7272727272727273,-0.18516873521668467,-12.221136524301189,0.2727272727272727,3.850681981976434,254.14501081044466
10,0.2,1.02,100,60,922,0.3720173535791757,-0.44444899820666023,-409.7819763465407,0.6279826464208242,0.6227135952941137,574.1419348611729
10,0.2,1.02,100,120,718,0.40668523676880225,-0.39593745370499916,-284.2830917601894,0.5933147632311978,0.5388402723762236,386.8873155661285
10,0.2,1.02,100,240,244,0.5778688524590164,-0.10269488386688064,-25.057551663518876,0.42213114754098363,0.4230977863587872,103.23585987154408
10,0.2,1.02,100,270,162,0.6790123456790124,0.09997918182534107,16.196627455705254,0.32098765432098764,0.10190729845698224,16.508982350031122
10,0.2,1.02,500,60,199,0.4321608040201005,-0.23966367301581115,-47.69307093014642,0.5678391959798995,0.5959183767279653,118.5877569688651
10,0.2,1.02,500,120,116,0.6637931034482759,0.18286700137494566,21.212572159493696,0.33620689655172414,-0.055102090870009265,-6.391842540921075
10,0.2,1.02,500,240,47,0.723404255319149,0.5536685406419526,26.02242141017177,0.2765957446808511,0.014305302955674244,0.6723492389166894
10,0.2,1.02,500,270,39,0.7692307692307693,0.7533404397776864,29.380277151329768,0.23076923076923078,-0.02758718469423891,-1.0759002030753175
10,0.2,1.02,1000,60,46,0.6086956521739131,-0.20060502500800195,-9.22783115036809,0.391304347826087,0.37403488620751507,17.205604765545694
10,0.2,1.02,1000,120,43,0.6511627906976745,-0.1428309570512854,-6.1417311532052725,0.3488372093023256,0.30969052949369463,13.316692768228869
10,0.3,1.005,100,60,7173,0.5569496723825457,-0.134378142408039,-963.8944154928638,0.44305032761745433,0.37529420471469205,2691.9853304184862
10,0.3,1.005,100,120,5523,0.5697990222705052,-0.14292698669159154,-789.3857474976601,0.43020097772949484,0.3980593068788461,2198.481551891867
10,0.3,1.005,100,240,1470,0.5857142857142857,-0.12408635810813187,-182.40694641895385,0.4142857142857143,1.0886116864291766,1600.2591790508895
10,0.3,1.005,100,270,677,0.6277695716395865,-0.04304110315477583,-29.138826835783238,0.3722304283604136,0.954857668615835,646.4386416529203
10,0.3,1.005,500,60,2541,0.5686737504919324,-0.12057451299396672,-306.37983751766944,0.4313262495080677,0.4110324765538094,1044.4335229232297
10,0.3,1.005,500,120,1958,0.6052093973442288,-0.10491244171628862,-205.41856088049312,0.3947906026557712,0.37104302559565455,726.5022441162916
10,0.3,1.005,500,240,399,0.631578947368421,-0.06017353714313166,-24.00924132010953,0.3684210526315789,1.3596538274214809,542.5018771411709
10,0.3,1.005,500,270,213,0.7511737089201878,0.1823154198042317,38.83318441830135,0.24882629107981222,1.1505103507197252,245.0587047033015
10,0.3,1.005,1000,60,566,0.6219081272084805,-0.10943151882870977,-61.938239657049735,0.37809187279151946,0.7173382339327765,406.0134404059515
10,0.3,1.005,1000,120,448,0.6607142857142857,-0.15166998326998532,-67.94815250495343,0.3392857142857143,0.8276140254619506,370.7710834069539
10,0.3,1.005,1000,240,131,0.648854961832061,-0.2685355696777667,-35.17815962778744,0.3511450381679389,3.2164401334053814,421.35365747610496
10,0.3,1.005,1000,270,81,0.6296296296296297,-0.2962889063549995,-23.99940141475496,0.37037037037037035,3.7410820908263736,303.02764935693625
10,0.3,1.01,100,60,3457,0.5620480185131617,-0.17354017756221338,-599.9283938325716,0.4379519814868383,0.4555807685153257,1574.9427167574809
10,0.3,1.01,100,120,2773,0.5842048323115759,-0.17153935820341307,-475.6786402980644,0.4157951676884241,0.45960847583813597,1274.494303499151
10,0.3,1.01,100,240,801,0.5717852684144819,-0.20231045245040338,-162.0506724127731,0.4282147315855181,1.4966218038986203,1198.7940649227949
10,0.3,1.01,100,270,319,0.6332288401253918,-0.10276261309562951,-32.781273577505814,0.3667711598746082,1.5779260089137008,503.3583968434706
10,0.3,1.01,500,60,1255,0.6605577689243027,-0.01707732310498108,-21.432040496751256,0.3394422310756972,0.13987650297614176,175.54501123505793
10,0.3,1.01,500,120,1021,0.7051909892262488,-0.0014892463254106293,-1.5205204982442524,0.2948090107737512,0.053898654968275256,55.03052672260904
10,0.3,1.01,500,240,212,0.7169811320754716,-0.014098893400584277,-2.988965400923867,0.2830188679245283,1.425979220731804,302.30759479514245
10,0.3,1.01,500,270,110,0.7909090909090909,0.16643457503799697,18.307803254179667,0.20909090909090908,2.1215837058308287,233.37420764139114
10,0.3,1.01,1000,60,303,0.6270627062706271,-0.19951841477405668,-60.45407967653917,0.37293729372937295,1.1734481797747176,355.55479847173945
10,0.3,1.01,1000,120,263,0.6463878326996197,-0.24866989129379685,-65.40018141026857,0.35361216730038025,1.2732944416731087,334.8764381600276
10,0.3,1.01,1000,240,97,0.7319587628865979,-0.2021637222217453,-19.609881055509295,0.26804123711340205,3.6335240501969666,352.4518328691058
10,0.3,1.01,1000,270,63,0.7142857142857143,-0.22439898937501324,-14.137136330625834,0.2857142857142857,4.083566838237184,257.2647108089426
10,0.3,1.02,100,60,852,0.3755868544600939,-0.44008555008243144,-374.9528886702316,0.6244131455399061,0.6231298299841319,530.9066151464804
10,0.3,1.02,100,120,672,0.4017857142857143,-0.40561778678681276,-272.5751527207382,0.5982142857142857,0.5890083572307713,395.8136160590783
10,0.3,1.02,100,240,219,0.589041095890411,-0.0779900266230693,-17.079815830452176,0.410958904109589,0.5057106312350387,110.75062824047346
10,0.3,1.02,100,270,141,0.7092198581560284,0.16824040319137548,23.721896849983942,0.2907801418439716,0.1716427806858921,24.201632076710784
10,0.3,1.02,500,60,167,0.47904191616766467,-0.14661656654020447,-24.484966612214148,0.5209580838323353,0.43436402237747473,72.53879173703828
10,0.3,1.02,500,120,104,0.6826923076923077,0.23117958177046943,24.04267650412882,0.3173076923076923,-0.04297392844799971,-4.46928855859197
10,0.3,1.02,500,240,43,0.6976744186046512,0.558193266627222,24.00231046497055,0.3023255813953488,0.11261509854258618,4.842449237331206
10,0.3,1.02,500,270,35,0.7428571428571429,0.7817190344608155,27.360166206128543,0.2571428571428571,0.08840570843826287,3.0941997953392004
10,0.3,1.02,1000,60,37,0.6486486486486487,-0.1888584954392331,-6.9877643312516255,0.35135135135135137,0.490904641964003,18.163471752668112
10,0.3,1.02,1000,120,34,0.7058823529411765,-0.11475483335555317,-3.901664334088808,0.29411764705882354,0.4198399928044496,14.274559755351287
10,0.5,1.005,100,60,5736,0.5589260808926081,-0.17074110187335012,-979.3709603455363,0.4410739191073919,0.456368376919343,2617.7290100093514
10,0.5,1.005,100,120,4504,0.577708703374778,-0.16811050523439722,-757.169715575725,0.422291296625222,0.4660861060165534,2099.2518214985566
10,0.5,1.005,100,240,1209,0.5508684863523573,-0.22650002985324488,-273.83853609257307,0.4491315136476427,1.3929307958817894,1684.0533322210833
10,0.5,1.005,100,270,558,0.600358422939068,-0.13599636266143128,-75.88597036507865,0.3996415770609319,1.221282035377863,681.4753757408475
10,0.5,1.005,500,60,2111,0.5684509711037423,-0.15815882962776864,-333.8732893442196,0.4315490288962577,0.5021662332815873,1060.0729184574307
10,0.5,1.005,500,120,1656,0.6099033816425121,-0.1339540810098999,-221.82795815239422,0.39009661835748793,0.448044181656028,741.9611648223823
10,0.5,1.005,500,240,334,0.6017964071856288,-0.14717762705193935,-49.157327435347746,0.39820359281437123,1.6857756148485254,563.0490553594075
10,0.5,1.005,500,270,156,0.7243589743589743,0.07376738005079642,11.507711287924241,0.27564102564102566,1.706474947241886,266.2100917697342
10,0.5,1.005,1000,60,516,0.6414728682170543,-0.09563636814884711,-49.34836596480511,0.35852713178294576,0.7296212384518673,376.48455904116355
10,0.5,1.005,1000,120,413,0.6755447941888619,-0.1443080760030136,-59.59923538924461,0.324455205811138,0.8523570190949059,352.02344888619615
10,0.5,1.005,1000,240,111,0.6666666666666666,-0.284311796788936,-31.558609443571893,0.3333333333333333,3.6561431422274793,405.8318887872502
10,0.5,1.005,1000,270,64,0.671875,-0.2927479934129299,-18.735871578427513,0.328125,4.443348135443987,284.37428066841517
10,0.5,1.01,100,60,2846,0.5790583274771609,-0.18763590646259828,-534.0117897925547,0.4209416725228391,0.5046452414334227,1436.220357119521
10,0.5,1.01,100,120,2333,0.5957993999142734,-0.19666314395569962,-458.8151148486472,0.40420060008572656,0.5178537752211758,1208.152857591003
10,0.5,1.01,100,240,716,0.5600558659217877,-0.24727809672507384,-177.05111725515286,0.4399441340782123,1.690503440477542,1210.4004633819202
10,0.5,1.01,100,270,281,0.6227758007117438,-0.1420030660383633,-39.90286155678009,0.37722419928825623,1.8321336319496255,514.8295505778448
10,0.5,1.01,500,60,1066,0.6632270168855535,-0.05798420480237407,-61.811162319330755,0.33677298311444653,0.196983045679635,209.98392669449092
10,0.5,1.01,500,120,878,0.7038724373576309,-0.05056391963212877,-44.39512143700906,0.296127562642369,0.1234786134233046,108.41422258566143
10,0.5,1.01,500,240,198,0.7121212121212122,-0.027157029234880017,-5.3770917885062435,0.2878787878787879,1.5655357779638497,309.9760840368422
10,0.5,1.01,500,270,99,0.7878787878787878,0.1619272214830433,16.030794926821287,0.21212121212121213,2.4391608630174764,241.47692543873018
10,0.5,1.01,1000,60,280,0.6464285714285715,-0.18265513044798593,-51.14343652543606,0.3535714285714286,1.243010216898036,348.04286073145005
10,0.5,1.01,1000,120,249,0.6506024096385542,-0.25273860979941043,-62.9319138400532,0.3493975903614458,1.3548399651757712,337.355151328767
10,0.5,1.01,1000,240,88,0.7159090909090909,-0.2535740168536854,-22.314513483124315,0.2840909090909091,4.0923249419275916,360.12459488962804
10,0.5,1.01,1000,270,56,0.6964285714285714,-0.2805669767741431,-15.711750699352013,0.30357142857142855,4.693762014799953,262.85067282879737
10,0.5,1.02,100,60,748,0.36764705882352944,-0.4660010852735676,-348.56881178462856,0.6323529411764706,0.6671620749041913,499.0372320283351
10,0.5,1.02,100,120,585,0.39829059829059826,-0.42854818395308936,-250.7006876125573,0.6017094017094017,0.6272765550330237,366.95678469431886
10,0.5,1.02,100,240,183,0.5846994535519126,-0.10509975095302365,-19.233254424403327,0.41530054644808745,0.6348481699254125,116.1772150963505
10,0.5,1.02,100,270,115,0.7043478260869566,0.16520481367548576,18.998553572680862,0.2956521739130435,0.30627248415815045,35.2213356781873
10,0.5,1.02,500,60,144,0.4722222222222222,-0.13693980464167702,-19.71933186840149,0.5277777777777778,0.5174326775785647,74.51030557131331
10,0.5,1.02,500,120,88,0.6818181818181818,0.26971671397225533,23.73507082955847,0.3181818181818182,0.055626162387655186,4.895102290113656
10,0.5,1.02,500,240,36,0.6666666666666666,0.6373911796111512,22.946082466001442,0.3333333333333333,0.29207236146238696,10.51460501264593
10,0.5,1.02,1000,60,30,0.6333333333333333,-0.20085253483318274,-6.025576044995482,0.36666666666666664,0.6873306444710363,20.61991933413109
10,0.7,1.005,100,60,4009,0.5884260414068346,-0.1830670790560155,-733.9159199355661,0.41157395859316537,0.483229884406779,1937.268606586777
10,0.7,1.005,100,120,3344,0.597488038277512,-0.19015030614392847,-635.8626237452968,0.40251196172248804,0.4910013988581291,1641.9086777815837
10,0.7,1.005,100,240,923,0.5774647887323944,-0.22829164788616144,-210.71319099892702,0.4225352112676056,1.5188110990282835,1401.8626444031056
10,0.7,1.005,100,270,384,0.6927083333333334,-0.04027195197031538,-15.464429556601104,0.3072916666666667,1.0737741935661733,412.3292903294106
10,0.7,1.005,500,60,1625,0.5809230769230769,-0.17913384623613166,-291.09250013371394,0.41907692307692307,0.6099606675596956,991.1860847845054
10,0.7,1.005,500,120,1318,0.6130500758725341,-0.16923941038298596,-223.05754288477547,0.38694992412746587,0.560541516806201,738.793719150573
10,0.7,1.005,500,240,270,0.5666666666666667,-0.22600044406965333,-61.0201198988064,0.43333333333333335,2.164114295038622,584.3108596604279
10,0.7,1.005,500,270,122,0.6885245901639344,-0.008129279708840096,-0.9917721244784916,0.3114754098360656,2.3808766146315206,290.4669469850455
10,0.7,1.005,1000,60,392,0.6836734693877551,-0.12092477590586359,-47.40251215509853,0.3163265306122449,0.9515174723367873,372.9948491560206
10,0.7,1.005,1000,120,348,0.7011494252873564,-0.15747153108926545,-54.800092819064375,0.2988505747126437,1.0025207330547492,348.8772151030527
10,0.7,1.005,1000,240,101,0.6831683168316832,-0.2898110738183942,-29.270918455657814,0.31683168316831684,3.9881644201268065,402.8046064328075
10,0.7,1.005,1000,270,59,0.6949152542372882,-0.28132638868690135,-16.59825693252718,0.3050847457627119,4.79776648945813,283.0682228780297
10,0.7,1.01,100,60,2097,0.6218407248450167,-0.17209632209617054,-360.8859874356696,0.3781592751549833,0.48374102631132615,1014.404932174851
10,0.7,1.01,100,120,1819,0.6250687190764156,-0.197415220488209,-359.0982860680522,0.3749312809235844,0.4903764079782143,891.9946861123718
10,0.7,1.01,100,240,599,0.5709515859766278,-0.26546868467611795,-159.01574212099464,0.4290484140233723,1.7820287569269437,1067.4352253992392
10,0.7,1.01,100,270,218,0.7201834862385321,-0.022158760204521392,-4.830609724585663,0.2798165137614679,1.5926753851081519,347.2032339535771
10,0.7,1.01,500,60,840,0.6654761904761904,-0.1028097630646393,-86.36020097429702,0.3345238095238095,0.2910171640763095,244.4544178241
10,0.7,1.01,500,120,708,0.6991525423728814,-0.1133203519595269,-80.23080918734505,0.3008474576271186,0.23630824866266473,167.30624005316662
10,0.7,1.01,500,240,172,0.7151162790697675,-0.03603418328246275,-6.197879524583593,0.28488372093023256,1.8518421618423058,318.5168518368766
10,0.7,1.01,500,270,94,0.8191489361702128,0.21402865872988727,20.118693920609402,0.18085106382978725,2.5263538827674394,237.47726498013932
10,0.7,1.01,1000,60,248,0.657258064516129,-0.2216527041909718,-54.969870639361005,0.34274193548387094,1.3880219324682779,344.2294392521329
10,0.7,1.01,1000,120,230,0.6695652173913044,-0.2547057572693655,-58.58232417195407,0.33043478260869563,1.4288807922986309,328.6425822286851
10,0.7,1.01,1000,240,82,0.7439024390243902,-0.22550872947300019,-18.491715816786016,0.25609756097560976,4.3682179328817075,358.1938704963
10,0.7,1.01,1000,270,52,0.7307692307692307,-0.24322407122553996,-12.647651703728078,0.2692307692307692,5.009800289200229,260.50961503841194
10,0.7,1.02,100,60,510,0.4470588235294118,-0.3564999065892923,-181.81495236053908,0.5529411764705883,0.5337326671106245,272.2036602264185
10,0.7,1.02,100,120,437,0.45308924485125857,-0.3559850019067434,-155.56544583324688,0.5469107551487414,0.5235123820804533,228.77491096915807
10,0.7,1.02,100,240,155,0.5935483870967742,-0.08748909189587945,-13.560809243861314,0.4064516129032258,0.6588959152003117,102.1288668560483
10,0.7,1.02,100,270,94,0.7340425531914894,0.23109428826338788,21.72286309675846,0.26595744680851063,0.2443167615898378,22.965775589444753
10,0.7,1.02,500,60,98,0.4897959183673469,-0.07022122913039505,-6.8816804547787145,0.5102040816326531,0.558486609382286,54.73168771946403
10,0.7,1.02,500,120,60,0.7333333333333333,0.418649992670246,25.11899956021476,0.26666666666666666,0.05200183813462046,3.120110288077228
10,0.7,1.02,500,240,30,0.7333333333333333,0.8803272717349959,26.409818152049876,0.26666666666666666,0.2515014851257815,7.545044553773446
30,0.1,1.005,100,60,7172,0.5365309537088678,-0.16174049527884715,-1160.0028321398918,0.46346904629113217,0.3989085868089131,2860.972384593525
30,0.1,1.005,100,120,5559,0.5517179348803741,-0.1637000437782572,-910.0085433633318,0.4482820651196258,0.4178913445287671,2323.0579842354164
30,0.1,1.005,100,240,1529,0.5683453237410072,-0.1504050666433202,-229.9693468976366,0.4316546762589928,1.0659500160559316,1629.8375745495196
30,0.1,1.005,100,270,706,0.5934844192634561,-0.10210474991180776,-72.08595343773628,0.4065155807365439,0.9613828788205517,678.7363124473095
30,0.1,1.005,500,60,2681,0.5415889593435286,-0.15506708089407062,-415.7348438770033,0.4584110406564715,0.4122574271565305,1105.2621622066583
30,0.1,1.005,500,120,2092,0.5803059273422562,-0.1310551575974233,-274.1673896938096,0.4196940726577438,0.3558188448822167,744.3730234935973
30,0.1,1.005,500,240,442,0.5927601809954751,-0.11195498340081543,-49.48410266316042,0.4072398190045249,1.2673339215215254,560.1615933125142
30,0.1,1.005,500,270,247,0.6842105263157895,0.07988911454392321,19.732611292349034,0.3157894736842105,1.0520461728800898,259.8554047013822
30,0.1,1.005,1000,60,602,0.5780730897009967,-0.1650819641548494,-99.37934242121935,0.4219269102990033,0.6838235966340145,411.6618051736767
30,0.1,1.005,1000,120,486,0.6111111111111112,-0.20566104118558734,-99.95126601619545,0.3888888888888889,0.7954085495226099,386.56855506798837
30,0.1,1.005,1000,240,162,0.5555555555555556,-0.35829023634680685,-58.04301828818271,0.4444444444444444,2.72379850293995,441.2553574762719
30,0.1,1.005,1000,270,109,0.4954128440366973,-0.43870093245538144,-47.818401637636576,0.5045871559633027,2.9727793519122776,324.03294935843826
30,0.1,1.01,100,60,3448,0.5446635730858469,-0.19402552552450886,-669.0000120085066,0.45533642691415316,0.4689987385257583,1617.1076504368145
30,0.1,1.01,100,120,2787,0.5705059203444564,-0.1851785393243424,-516.0925890969422,0.4294940796555436,0.4616804402814328,1286.7033870643531
30,0.1,1.01,100,240,851,0.5499412455934195,-0.23448761576241048,-199.54896101381132,0.4500587544065805,1.4368703743498277,1222.7766885717033
30,0.1,1.01,100,270,361,0.5761772853185596,-0.18038219059804772,-65.11797080589523,0.42382271468144045,1.4586494576502687,526.572454211747
30,0.1,1.01,500,60,1336,0.6220059880239521,-0.058012216589719896,-77.50432136386578,0.37799401197604793,0.16648064935472376,222.41814753791095
30,0.1,1.01,500,120,1104,0.6630434782608695,-0.04588811771842671,-50.66048196114309,0.33695652173913043,0.06983035638982704,77.09271345436906
30,0.1,1.01,500,240,243,0.6502057613168725,-0.09835678073588079,-23.900697718819032,0.3497942386831276,1.3211477845857829,321.0389116543452
30,0.1,1.01,500,270,141,0.6595744680851063,-0.01853212101689171,-2.613029063381731,0.3404255319148936,1.7822773591522922,251.3011076404732
30,0.1,1.01,1000,60,340,0.5823529411764706,-0.23606261895500258,-80.26129044470088,0.4176470588235294,1.0385428134557355,353.1045565749501
30,0.1,1.01,1000,120,303,0.5874587458745875,-0.2975391846845094,-90.15437295940634,0.41254125412541254,1.1384308715056233,344.94455406620386
30,0.1,1.01,1000,240,125,0.592,-0.3474310502271273,-43.42888127839091,0.408,2.9876570629648627,373.45713287060784
30,0.1,1.01,1000,270,91,0.5274725274725275,-0.41710040168689505,-37.95613655350745,0.4725274725274725,3.057912206708183,278.27001081044466
30,0.1,1.02,100,60,896,0.34933035714285715,-0.4797720756644133,-429.8757797953143,0.6506696428571429,0.6557946296855494,587.5919881982522
30,0.1,1.02,100,120,709,0.38787023977433005,-0.42117239523977046,-298.61122822499726,0.61212976022567,0.5675735467322831,402.4096446331887
30,0.1,1.02,100,240,269,0.5204460966542751,-0.18832002376144763,-50.658086391829414,0.4795539033457249,0.4735218977894396,127.37739050535924
30,0.1,1.02,100,270,184,0.5869565217391305,-0.02865972185775805,-5.273388821827481,0.41304347826086957,0.21684752673289753,39.899944918853144
30,0.1,1.02,500,60,212,0.37264150943396224,-0.34061243708125427,-72.2098366612259,0.6273584905660378,0.6392157744388978,135.51374418104632
30,0.1,1.02,500,120,132,0.553030303030303,-0.00032950984978524946,-0.04349530017165293,0.44696969696969696,0.07309883577015275,9.649046321660162
30,0.1,1.02,500,240,74,0.4864864864864865,0.041641596586610145,3.081478147409151,0.5135135135135135,0.3076939086001796,22.76934923641329
30,0.1,1.02,500,270,66,0.48484848484848486,0.09756566497829004,6.439333888567143,0.5151515151515151,0.31850151203668614,21.021099794421286
30,0.1,1.02,1000,60,71,0.36619718309859156,-0.5524348952819459,-39.22287756501816,0.6338028169014085,0.6347878951523696,45.06994055581824
30,0.1,1.02,1000,120,67,0.3880597014925373,-0.5240638442714388,-35.1122775661864,0.6119402985074627,0.5909380534096241,39.59284957844482
30,0.1,1.02,1000,240,53,0.37735849056603776,-0.5621811754137724,-29.79560229692994,0.6226415094339622,0.6845046530714957,36.27874661278927
30,0.1,1.02,1000,270,50,0.38,-0.5608220725693726,-28.04110362846863,0.62,0.6291312070675612,31.456560353378062
30,0.2,1.005,100,60,6759,0.5441633377718598,-0.15318042242684277,-1035.3464751830302,0.45583666222814023,0.4109933882047734,2777.9043108760634
30,0.2,1.005,100,120,5235,0.5619866284622732,-0.15146039719397467,-792.8951793104574,0.43801337153772685,0.42667325857708344,2233.634508651032
30,0.2,1.005,100,240,1449,0.5762594893029676,-0.1430280151835166,-207.24759400091554,0.42374051069703245,1.1156976755770003,1616.6459319110734
30,0.2,1.005,100,270,666,0.6141141141141141,-0.07181556063992041,-47.82916338618699,0.3858858858858859,0.9900733054241325,659.3888214124722
30,0.2,1.005,500,60,2481,0.5630794034663442,-0.12424308026635228,-308.24708214082,0.4369205965336558,0.41121531082931884,1020.2251861675401
30,0.2,1.005,500,120,1923,0.6073842953718148,-0.09388219256495581,-180.53545630241,0.3926157046281851,0.34655007120817044,666.4157869333118
30,0.2,1.005,500,240,400,0.6375,-0.04495454234038343,-17.981816936153372,0.3625,1.3360563084830523,534.4225233932209
30,0.2,1.005,500,270,216,0.7546296296296297,0.1927444967792146,41.63281130431035,0.24537037037037038,1.1202435402965394,241.9726047040525
30,0.2,1.005,1000,60,539,0.6289424860853432,-0.10090396623473424,-54.38723780052176,0.37105751391465674,0.6891903655717406,371.4736070431682
30,0.2,1.005,1000,120,436,0.6674311926605505,-0.1430892481251686,-62.386912182573504,0.33256880733944955,0.80624897967065,351.5245551364034
30,0.2,1.005,1000,240,136,0.6544117647058824,-0.24310979806805127,-33.06293253725497,0.34558823529411764,3.074771010861076,418.16885747710637
30,0.2,1.005,1000,270,84,0.6428571428571429,-0.26289763819559897,-22.083401608430314,0.35714285714285715,3.5703327304575985,299.90794935843826
30,0.2,1.01,100,60,3272,0.5559290953545232,-0.18058700269864014,-590.8806728299505,0.44407090464547677,0.4791369571628624,1567.7361238368858
30,0.2,1.01,100,120,2643,0.5853197124479758,-0.16653554367628226,-440.153441936414,0.41468028755202424,0.46907748041833824,1239.771780745668
30,0.2,1.01,100,240,803,0.5591531755915318,-0.22627378728541425,-181.69785119018763,0.44084682440846823,1.5114970722902525,1213.7321490490729
30,0.2,1.01,100,270,327,0.6146788990825688,-0.1290264154468901,-42.191637851133066,0.3853211009174312,1.5499788463622377,506.8430827604517
30,0.2,1.01,500,60,1238,0.6615508885298869,0.0007249700514328877,0.897512923673915,0.3384491114701131,0.12616379510292594,156.1907783374223
30,0.2,1.01,500,120,1013,0.7147087857847977,0.02872557243591059,29.09900487757743,0.28529121421520237,0.010516473737867913,10.653187896460196
30,0.2,1.01,500,240,214,0.719626168224299,-0.005539041134238093,-1.1853548027269518,0.2803738317757009,1.406820147931539,301.05951165734933
30,0.2,1.01,500,270,112,0.7946428571428571,0.17948494511348542,20.102313852710367,0.20535714285714285,2.0653723896739047,231.32170764347734
30,0.2,1.01,1000,60,302,0.6490066225165563,-0.14853297445537147,-44.85695828552218,0.3509933774834437,1.0534242885044398,318.1341351283408
30,0.2,1.01,1000,120,268,0.664179104477612,-0.20184803336180845,-54.09527294096466,0.3358208955223881,1.1547724313464967,309.4790116008611
30,0.2,1.01,1000,240,100,0.74,-0.17693881249184643,-17.693881249184642,0.26,3.4933213287060783,349.33213287060784
30,0.2,1.01,1000,270,66,0.7272727272727273,-0.18516873521668467,-12.221136524301189,0.2727272727272727,3.850681981976434,254.14501081044466
30,0.2,1.02,100,60,841,0.3507728894173603,-0.48117459840341364,-404.6678372572709,0.6492271105826397,0.6814423501317899,573.0930164608353
30,0.2,1.02,100,120,659,0.3930197268588771,-0.4158573903328901,-274.0500202293746,0.6069802731411229,0.5888982691952335,388.08395939965885
30,0.2,1.02,100,240,232,0.5646551724137931,-0.12081134512014197,-28.028232067872935,0.4353448275862069,0.47651790751875367,110.55215454435086
30,0.2,1.02,100,270,152,0.6710526315789473,0.11267168151567673,17.126095590382864,0.32894736842105265,0.14327419095015403,21.777677024423415
30,0.2,1.02,500,60,177,0.4180790960451977,-0.2514350618576664,-44.504005948806956,0.5819209039548022,0.6377407850167012,112.8801189479561
30,0.2,1.02,500,120,99,0.6868686868686869,0.25852257990820354,25.59373541091215,0.31313131313131315,-0.11058799708128289,-10.948211711047007
30,0.2,1.02,500,240,45,0.7111111111111111,0.5732626903000276,25.79682106350124,0.28888888888888886,0.061998871987052624,2.789949239417368
30,0.2,1.02,500,270,37,0.7567567567567568,0.7879642379637631,29.154676804659236,0.24324324324324326,0.028154048579063822,1.0416997974253615
30,0.2,1.02,1000,60,43,0.6046511627906976,-0.24141343101493673,-10.380777533642279,0.3953488372093023,0.4216695758120445,18.131791759917913
30,0.2,1.02,1000,120,40,0.65,-0.18236693841198648,-7.294677536479459,0.35,0.35607199406502726,14.24287976260109
30,0.3,1.005,100,60,6271,0.5555732738000319,-0.14305376127272734,-897.0901369412732,0.4444267261999681,0.41939068553799724,2629.998989008781
30,0.3,1.005,100,120,4902,0.5679314565483476,-0.15134692212566084,-741.9026122599894,0.4320685434516524,0.4502607400387937,2207.1781476701667
30,0.3,1.005,100,240,1385,0.5768953068592058,-0.14836174537593025,-205.4810173456634,0.42310469314079424,1.1795918139101178,1633.7346622655132
30,0.3,1.005,100,270,632,0.625,-0.05597641993727639,-35.37709740035868,0.375,1.0492043499687602,663.0971491802565
30,0.3,1.005,500,60,2296,0.5788327526132404,-0.11280340746128749,-258.9966235311161,0.4211672473867596,0.4050211096525746,929.9284677623112
30,0.3,1.005,500,120,1803,0.6184137548530227,-0.09022887691223196,-162.68266507275422,0.38158624514697725,0.35818740126061677,645.8118844728921
30,0.3,1.005,500,240,392,0.6352040816326531,-0.05148768228114534,-20.183171454208974,0.3647959183673469,1.3719294565142073,537.7963469535692
30,0.3,1.005,500,270,211,0.7488151658767772,0.18297433209303704,38.60758407163082,0.25118483412322273,1.1714516810606739,247.1763047038022
30,0.3,1.005,1000,60,513,0.6257309941520468,-0.12191991408617935,-62.54491592621,0.3742690058479532,0.7476241764016567,383.53120249404986
30,0.3,1.005,1000,120,412,0.6674757281553398,-0.16529109834428402,-68.09993251784502,0.3325242718446602,0.8774787635605611,361.52125058695117
30,0.3,1.005,1000,240,131,0.648854961832061,-0.2685355696777667,-35.17815962778744,0.3511450381679389,3.2164401334053814,421.35365747610496
30,0.3,1.005,1000,270,81,0.6296296296296297,-0.2962889063549995,-23.99940141475496,0.37037037037037035,3.7410820908263736,303.02764935693625
30,0.3,1.01,100,60,3066,0.5587084148727984,-0.18564005066165556,-569.172395328636,0.44129158512720157,0.5095945790092126,1562.4169792422456
30,0.3,1.01,100,120,2499,0.5826330532212886,-0.17983065459836162,-449.39680584130565,0.4173669467787115,0.5198800844468028,1299.1803310325602
30,0.3,1.01,100,240,762,0.5616797900262467,-0.2283077390787307,-173.9704971779928,0.43832020997375326,1.6052547536216504,1223.2041222596977
30,0.3,1.01,100,270,298,0.6342281879194631,-0.1036219985816301,-30.879355577325768,0.36577181208053694,1.7151225294297443,511.1065137700638
30,0.3,1.01,500,60,1140,0.6780701754385965,0.004397966096481952,5.013681349989426,0.3219298245614035,0.10940888674142034,124.72613088521919
30,0.3,1.01,500,120,956,0.7175732217573222,0.013472199796108622,12.879423005079843,0.2824267782426778,0.038831147503481794,37.122577013328595
30,0.3,1.01,500,240,209,0.7177033492822966,-0.010441941383236524,-2.1823657490964337,0.2822966507177033,1.4513618909849852,303.3346352158619
30,0.3,1.01,500,270,108,0.7870370370370371,0.16742780469915872,18.082202907509142,0.21296296296296297,2.180479700387887,235.4918076418918
30,0.3,1.01,1000,60,282,0.6418439716312057,-0.18651506547540278,-52.59724846406358,0.35815602836879434,1.1720060358473559,330.5057021089544
30,0.3,1.01,1000,120,249,0.6586345381526104,-0.24272224380818386,-60.43783870823778,0.3413654618473896,1.2884440906953558,320.8225785831436
30,0.3,1.01,1000,240,97,0.7319587628865979,-0.2021637222217453,-19.609881055509295,0.26804123711340205,3.6335240501969666,352.4518328691058
30,0.3,1.01,1000,270,63,0.7142857142857143,-0.22439898937501324,-14.137136330625834,0.2857142857142857,4.083566838237184,257.2647108089426
30,0.3,1.02,100,60,778,0.3560411311053985,-0.47319148618977164,-368.14297625564234,0.6439588688946015,0.6762662738904771,526.1351610867912
30,0.3,1.02,100,120,619,0.3893376413570275,-0.4216146352168132,-260.9794591992074,0.6106623586429726,0.6370567435107815,394.3381242331737
30,0.3,1.02,100,240,208,0.5769230769230769,-0.0926144925730672,-19.263814455197977,0.4230769230769231,0.5626433793903693,117.02982291319682
30,0.3,1.02,100,270,131,0.7022900763358778,0.1881783586615386,24.651364984661555,0.29770992366412213,0.2249643263442983,29.470326751103077
30,0.3,1.02,500,60,146,0.4726027397260274,-0.13869156336798807,-20.248968251726257,0.5273972602739726,0.45068255970523124,65.79965371696376
30,0.3,1.02,500,120,88,0.7159090909090909,0.33489514925790603,29.47077313469573,0.2840909090909091,-0.11428588327140271,-10.057157727883439
30,0.3,1.02,500,240,41,0.6829268292682927,0.5799197589829272,23.776710118300016,0.3170731707317073,0.16975729848370447,6.960049237831884
30,0.3,1.02,500,270,33,0.7272727272727273,0.8222595714987275,27.134565859458007,0.2727272727272727,0.157933327146663,5.211799795839879
30,0.3,1.02,1000,60,35,0.6571428571428571,-0.20267935243935337,-7.093777335377368,0.34285714285714286,0.5159473927964228,18.058158747874796
30,0.3,1.02,1000,120,32,0.71875,-0.12523991681920466,-4.007677338214549,0.28125,0.4427889609549366,14.16924675055797
30,0.5,1.005,100,60,4986,0.5563578018451665,-0.18250302141331862,-909.9600647668067,0.4436421981548335,0.5149834279837562,2567.7073719270084
30,0.5,1.005,100,120,3975,0.5740880503144654,-0.18065943064391207,-718.1212368095505,0.4259119496855346,0.5352397270863911,2127.5779151684046
30,0.5,1.005,100,240,1133,0.5392762577228597,-0.25543293779223264,-289.4055185185996,0.46072374227714036,1.5130494189810502,1714.2849917055298
30,0.5,1.005,100,270,517,0.5957446808510638,-0.15405937987673013,-79.64869939626948,0.40425531914893614,1.3497697045565715,697.8309372557475
30,0.5,1.005,500,60,1903,0.5796111403047819,-0.14828500746892542,-282.1863692133651,0.42038885969521805,0.4983366865221818,948.334714451712
30,0.5,1.005,500,120,1518,0.6231884057971014,-0.12131933203282494,-184.16274602582826,0.37681159420289856,0.43972220811791257,667.4983119229913
30,0.5,1.005,500,240,327,0.6055045871559633,-0.13862769898913513,-45.33125756944719,0.3944954128440367,1.7074725540422195,558.3435251718058
30,0.5,1.005,500,270,154,0.7207792207792207,0.07326046065749164,11.282110941253713,0.2792207792207792,1.7423876088976291,268.3276917702349
30,0.5,1.005,1000,60,468,0.6452991452991453,-0.11000399403454887,-51.481869208168874,0.3547008547008547,0.7603527051289942,355.8450660003693
30,0.5,1.005,1000,120,380,0.6842105263157895,-0.1557935325686562,-59.20154237608936,0.3157894736842105,0.9017821552052693,342.6772189780023
30,0.5,1.005,1000,240,111,0.6666666666666666,-0.284311796788936,-31.558609443571893,0.3333333333333333,3.6561431422274793,405.8318887872502
30,0.5,1.005,1000,270,64,0.671875,-0.2927479934129299,-18.735871578427513,0.328125,4.443348135443987,284.37428066841517
30,0.5,1.01,100,60,2508,0.5769537480063796,-0.19942238816831023,-500.1513495261221,0.4230462519936204,0.5685299026821411,1425.8729959268098
30,0.5,1.01,100,120,2091,0.5930176948828312,-0.20838726929845658,-435.7377801030727,0.4069823051171688,0.5934747802364502,1240.9557654744174
30,0.5,1.01,100,240,680,0.55,-0.2678689057583305,-182.15085591566475,0.45,1.8114016481227884,1231.753120723496
30,0.5,1.01,100,270,261,0.6245210727969349,-0.13865632433416697,-36.18930065121758,0.37547892720306514,1.9982906801006661,521.5538675062738
30,0.5,1.01,500,60,963,0.6832814122533749,-0.03493676946725864,-33.64410899697007,0.31671858774662515,0.16669331655120212,160.52566383880765
30,0.5,1.01,500,120,817,0.7160342717258262,-0.04015792730103073,-32.809026604942105,0.2839657282741738,0.11507701649735369,94.01792247833797
30,0.5,1.01,500,240,195,0.7128205128205128,-0.02343842121373747,-4.570492136678807,0.28717948717948716,1.5948878177310861,311.0031244575618
30,0.5,1.01,500,270,97,0.7835051546391752,0.16294015031083253,15.805194580150756,0.21649484536082475,2.5112837674147515,243.5945254392309
30,0.5,1.01,1000,60,261,0.6590038314176245,-0.17379082495163345,-45.35940531237633,0.34099616858237547,1.2464679320257261,325.3281302587145
30,0.5,1.01,1000,120,236,0.6610169491525424,-0.24996597939627857,-58.991971137521745,0.3389830508474576,1.378324977384282,325.2846946626906
30,0.5,1.01,1000,240,88,0.7159090909090909,-0.2535740168536854,-22.314513483124315,0.2840909090909091,4.0923249419275916,360.12459488962804
30,0.5,1.01,1000,270,56,0.6964285714285714,-0.2805669767741431,-15.711750699352013,0.30357142857142855,4.693762014799953,262.85067282879737
30,0.5,1.02,100,60,686,0.34839650145772594,-0.4960792470107994,-340.3103634494084,0.6516034985422741,0.7180178896144077,492.56027227548367
30,0.5,1.02,100,120,537,0.3817504655493482,-0.44714753693067016,-240.11822733176987,0.6182495344506518,0.6876024309011008,369.2425053938912
30,0.5,1.02,100,240,173,0.5722543352601156,-0.10580223288858791,-18.303786289725707,0.4277456647398844,0.7019994784435999,121.44590977074277
30,0.5,1.02,100,270,105,0.6952380952380952,0.18979068292722362,19.92802170735848,0.3047619047619048,0.3856193366912342,40.490030352579595
30,0.5,1.02,500,60,124,0.46774193548387094,-0.11607075748493899,-14.392773928132435,0.532258064516129,0.5382231254199454,66.73966755207323
30,0.5,1.02,500,120,72,0.7222222222222222,0.40504399250174133,29.163167460125376,0.2777777777777778,-0.009621762210802945,-0.6927668791778121
30,0.5,1.02,500,240,34,0.6470588235294118,0.668249474097968,22.72048211933091,0.35294117647058826,0.37153544156313567,12.632205013146613
30,0.7,1.005,100,60,3494,0.5844304522037779,-0.2003163765581075,-699.9054196940276,0.41556954779622207,0.5522932960973959,1929.7127765643013
30,0.7,1.005,100,120,2966,0.5906945380984491,-0.21012312490089846,-623.2251884560649,0.4093054619015509,0.5723953926355817,1697.7247345571352
30,0.7,1.005,100,240,866,0.5635103926096998,-0.2619228674692673,-226.82520322838548,0.43648960739030024,1.6562909352715294,1434.3479499451444
30,0.7,1.005,100,270,351,0.6894586894586895,-0.06260999647912355,-21.976108764172366,0.31054131054131057,1.2256983925267835,430.220135776901
30,0.7,1.005,500,60,1499,0.5817211474316211,-0.18290378232249968,-274.172769701427,0.41827885256837893,0.630472680486244,945.0785480488798
30,0.7,1.005,500,120,1232,0.6136363636363636,-0.1736536486487269,-213.94129513523154,0.38636363636363635,0.5809014198119833,715.6705492083634
30,0.7,1.005,500,240,266,0.5639097744360902,-0.22658026329038472,-60.27035003524234,0.43609022556390975,2.2051393808691135,586.5670753111842
30,0.7,1.005,500,270,120,0.6833333333333333,-0.010144770592908496,-1.2173724711490195,0.31666666666666665,2.4382045582128855,292.58454698554624
30,0.7,1.005,1000,60,359,0.6880222841225627,-0.13388423176519143,-48.06443920370373,0.31197771587743733,0.9962171344785175,357.64195127778777
30,0.7,1.005,1000,120,325,0.7046153846153846,-0.1733740824278331,-56.346576789045756,0.2953846153846154,1.065534390166337,346.29867680405954
30,0.7,1.005,1000,240,101,0.6831683168316832,-0.2898110738183942,-29.270918455657814,0.31683168316831684,3.9881644201268065,402.8046064328075
30,0.7,1.005,1000,270,59,0.6949152542372882,-0.28132638868690135,-16.59825693252718,0.3050847457627119,4.79776648945813,283.0682228780297
30,0.7,1.01,100,60,1851,0.6148028092922745,-0.1936362597721491,-358.420716838248,0.38519719070772557,0.5669190093403792,1049.367086289042
30,0.7,1.01,100,120,1632,0.6176470588235294,-0.21898512238713233,-357.38371973579996,0.38235294117647056,0.5822979832441095,950.3103086543867
30,0.7,1.01,100,240,567,0.5573192239858906,-0.29469790162730536,-167.09371022268215,0.4426807760141093,1.9211145998535553,1089.2719781169658
30,0.7,1.01,100,270,201,0.7263681592039801,-0.0152391953318447,-3.0630782617007846,0.2736318407960199,1.7578163516337109,353.3210866783759
30,0.7,1.01,500,60,782,0.6662404092071611,-0.10533462911674701,-82.37167996929617,0.3337595907928389,0.3086458730684664,241.36107273954073
30,0.7,1.01,500,120,672,0.6964285714285714,-0.12152287878759285,-81.6633745452624,0.30357142857142855,0.26676959623065566,179.2691686670006
30,0.7,1.01,500,240,170,0.711764705882353,-0.0377851757132595,-6.423479871254115,0.28823529411764703,1.8860850108081018,320.6344518373773
30,0.7,1.01,500,270,92,0.8152173913043478,0.21622927797759642,19.89309357393887,0.18478260869565216,2.60429201065913,239.59486498063998
30,0.7,1.01,1000,60,236,0.6610169491525424,-0.22068206287452943,-52.080966838388946,0.3389830508474576,1.4012875063206627,330.7038514916764
30,0.7,1.01,1000,120,223,0.672645739910314,-0.25344981561514723,-56.51930888217784,0.3273542600896861,1.4489177790027128,323.10866471760494
30,0.7,1.01,1000,240,82,0.7439024390243902,-0.22550872947300019,-18.491715816786016,0.25609756097560976,4.3682179328817075,358.1938704963
30,0.7,1.01,1000,270,52,0.7307692307692307,-0.24322407122553996,-12.647651703728078,0.2692307692307692,5.009800289200229,260.50961503841194
30,0.7,1.02,100,60,465,0.42795698924731185,-0.3849396495297775,-178.99693703134653,0.5720430107526882,0.592544855508946,275.53335781165987
30,0.7,1.02,100,120,398,0.43467336683417085,-0.375913572885602,-149.6136020084696,0.5653266331658291,0.5974407059258929,237.7814009585054
30,0.7,1.02,100,240,146,0.5821917808219178,-0.0853792503580725,-12.465370552278586,0.4178082191780822,0.7284148050087335,106.34856153127508
30,0.7,1.02,100,270,85,0.7294117647058823,0.2684506092746023,22.818301788341195,0.27058823529411763,0.31982906193731186,27.18547026467151
30,0.7,1.02,500,60,87,0.47126436781609193,-0.05057552666765589,-4.4000708200860625,0.5287356321839081,0.6530139910791508,56.81221722388612
30,0.7,1.02,500,120,49,0.7551020408163265,0.5632777386715798,27.60060919490741,0.24489795918367346,0.10613550596937414,5.200639792499333
50,0.1,1.005,100,60,5954,0.5241854215653342,-0.18158915026498876,-1081.181800677743,0.4758145784346658,0.46563869972834365,2772.412818182558
50,0.1,1.005,100,120,4657,0.5413356237921408,-0.1794265010252419,-835.5892152745515,0.45866437620785916,0.4898724218305819,2281.3358684650198
50,0.1,1.005,100,240,1333,0.5476369092273068,-0.17984371123902038,-239.73166708161415,0.45236309077269315,1.2120296346204837,1615.6355029491049
50,0.1,1.005,100,270,649,0.5839753466872111,-0.12515785818978575,-81.22744996517096,0.41602465331278893,1.0587521528000348,687.1301471672225
50,0.1,1.005,500,60,2255,0.5565410199556541,-0.13699091633044175,-308.9145163251461,0.4434589800443459,0.4020590486848702,906.6431547843823
50,0.1,1.005,500,120,1794,0.6014492753623188,-0.1027115378005552,-184.26449881419603,0.39855072463768115,0.3242498709296658,581.7042684478204
50,0.1,1.005,500,240,412,0.5946601941747572,-0.10237551533415226,-42.17871231767073,0.4053398058252427,1.2154270810744092,500.75595740265663
50,0.1,1.005,500,270,241,0.6804979253112033,0.07469238831630351,18.000865584229146,0.31950207468879666,1.093084655747676,263.43340203518994
50,0.1,1.005,1000,60,515,0.570873786407767,-0.19194012953848769,-98.84916671232116,0.429126213592233,0.7705463751171487,396.8313831853316
50,0.1,1.005,1000,120,422,0.6042654028436019,-0.23499942687004327,-99.16975813915826,0.3957345971563981,0.8937291545274291,377.1537032105751
50,0.1,1.005,1000,240,153,0.5294117647058824,-0.39729900669330886,-60.78674802407626,0.47058823529411764,2.94609383970806,450.75235747533316
50,0.1,1.005,1000,270,107,0.48598130841121495,-0.45564754194764845,-48.754286988398384,0.514018691588785,3.048005134191304,326.13654935846955
50,0.1,1.01,100,60,2857,0.5334266713335667,-0.21135842031963234,-603.8510068531896,0.4665733286664333,0.5658903086651137,1616.74861185623
50,0.1,1.01,100,120,2352,0.560374149659864,-0.19846879259138162,-466.79860017492956,0.43962585034013607,0.5730065186418829,1347.7113318457086
50,0.1,1.01,100,240,764,0.5261780104712042,-0.26519430811754136,-202.6084514018016,0.4738219895287958,1.6447378031471402,1256.579681604415
50,0.1,1.01,100,270,345,0.5739130434782609,-0.19145368428615575,-66.05152107872374,0.4260869565217391,1.5115605619601813,521.4883938762625
50,0.1,1.01,500,60,1130,0.6504424778761062,-0.023371932414929793,-26.410283628870665,0.3495575221238938,0.1632496573946786,184.4721128559868
50,0.1,1.01,500,120,964,0.6877593360995851,-0.012208826839522497,-11.769309073299688,0.31224066390041494,0.07349255204272083,70.84682016918288
50,0.1,1.01,500,240,232,0.6422413793103449,-0.10817561332027932,-25.096742290304803,0.3577586206896552,1.4172481784267044,328.80157739499543
50,0.1,1.01,500,270,138,0.6594202898550725,-0.018867727200971397,-2.603746353734053,0.34057971014492755,1.8242065577787485,251.7405049734673
50,0.1,1.01,1000,60,294,0.5544217687074829,-0.30982754475529195,-91.08929815805584,0.445578231292517,1.252268484397988,368.1669344130085
50,0.1,1.01,1000,120,270,0.5518518518518518,-0.3780059470130238,-102.06160569351643,0.44814814814814813,1.3579792867068439,366.65440741084785
50,0.1,1.01,1000,240,119,0.5714285714285714,-0.3783001583817679,-45.01771884743038,0.42857142857142855,3.191556578736978,379.7952328697004
50,0.1,1.01,1000,270,90,0.5222222222222223,-0.4218393061616184,-37.965537554545655,0.4777777777777778,3.103762342338622,279.338610810476
50,0.1,1.02,100,60,772,0.3173575129533679,-0.5294830510720419,-408.76091542761634,0.6826424870466321,0.7540973860480878,582.1631820291238
50,0.1,1.02,100,120,613,0.3621533442088091,-0.45892805569505823,-281.3228981410707,0.6378466557911908,0.6515705023596678,399.4127179464764
50,0.1,1.02,100,240,241,0.5186721991701245,-0.18283649202808608,-44.06359457876874,0.48132780082987553,0.5370793662002974,129.43612725427167
50,0.1,1.02,100,270,176,0.5795454545454546,-0.043805246340731845,-7.709723355968805,0.42045454545454547,0.24804653677584507,43.65619047254873
50,0.1,1.02,500,60,177,0.3163841807909605,-0.4135035127119594,-73.19012175001681,0.6836158192090396,0.8090994142938814,143.210596330017
50,0.1,1.02,500,120,109,0.5045871559633027,-0.045992872494263384,-5.013223101874709,0.4954128440366973,0.18642494873954657,20.320319412610576
50,0.1,1.02,500,240,70,0.4857142857142857,0.05545657898120302,3.8819605286842114,0.5142857142857142,0.33057164253171367,23.140014977219955
50,0.1,1.02,500,270,64,0.484375,0.10090652498832836,6.458017599253015,0.515625,0.3186233926153766,20.3918971273841
50,0.1,1.02,1000,60,66,0.36363636363636365,-0.5626638920763017,-37.135816877035914,0.6363636363636364,0.5934528484671899,39.16788799883454
50,0.1,1.02,1000,120,64,0.375,-0.5481221386906476,-35.07981687620145,0.625,0.5701429599843247,36.48914943899678
50,0.1,1.02,1000,240,52,0.36538461538461536,-0.5784269928166522,-30.078203626465914,0.6346153846153846,0.7178412809991309,37.32774661195481
50,0.1,1.02,1000,270,50,0.38,-0.5608220725693726,-28.04110362846863,0.62,0.6291312070675612,31.456560353378062
50,0.2,1.005,100,60,5635,0.5336291038154393,-0.16933601521004438,-954.2084457086,0.4663708961845608,0.47444175628151036,2673.479296646311
50,0.2,1.005,100,120,4400,0.553409090909091,-0.1633112369220035,-718.5694424568154,0.4465909090909091,0.4961296618885315,2182.9705123095387
50,0.2,1.005,100,240,1264,0.5561708860759493,-0.17084008762947575,-215.94187076365736,0.4438291139240506,1.2662790217196622,1600.576683453653
50,0.2,1.005,100,270,613,0.601957585644372,-0.0996728546718956,-61.099459913872,0.39804241435562804,1.0981799009356343,673.1842792735438
50,0.2,1.005,500,60,2083,0.5847335573691791,-0.0938565408174357,-195.50317452271858,0.4152664426308209,0.39136329104614825,815.2097352491268
50,0.2,1.005,500,120,1645,0.6352583586626139,-0.053190023337324636,-87.49758838989902,0.364741641337386,0.30426430982985575,500.5147896701127
50,0.2,1.005,500,240,370,0.6432432432432432,-0.028855207001793705,-10.67642659066367,0.3567567567567568,1.2838294256307115,475.01688748336323
50,0.2,1.005,500,270,210,0.7523809523809524,0.19000507426757357,39.90106559619045,0.24761904761904763,1.1692885811326676,245.55060203786022
50,0.2,1.005,1000,60,459,0.6252723311546841,-0.1249699220764959,-57.36119423311162,0.3747276688453159,0.7821324651272246,358.99880149339606
50,0.2,1.005,1000,120,377,0.6604774535809018,-0.17715863211659488,-66.78880430795627,0.3395225464190981,0.9192271080009364,346.548619716353
50,0.2,1.005,1000,240,127,0.6299212598425197,-0.2819422226232168,-35.80666227314853,0.3700787401574803,3.367447696662737,427.6658574761676
50,0.2,1.005,1000,270,82,0.6341463414634146,-0.2807230116974649,-23.01928695919212,0.36585365853658536,3.6830676751032874,302.01154935846955
50,0.2,1.01,100,60,2724,0.5484581497797357,-0.19128998576681983,-521.0739212288172,0.45154185022026433,0.5704897738410427,1554.0141439430004
50,0.2,1.01,100,120,2235,0.5785234899328859,-0.17449279301733447,-389.99139239374256,0.4214765100671141,0.5785956054698617,1293.1611782251407
50,0.2,1.01,100,240,720,0.5361111111111111,-0.2548194759586562,-183.47002269023247,0.4638888888888889,1.7320525633882893,1247.0778456395683
50,0.2,1.01,100,270,312,0.6121794871794872,-0.14148521834389113,-44.14338812329403,0.38782051282051283,1.616703929430289,504.41162598225014
50,0.2,1.01,500,60,1041,0.7002881844380403,0.05054199180109493,52.61421346493982,0.29971181556195964,0.11109365965743177,115.64849970338648
50,0.2,1.01,500,120,878,0.7494305239179955,0.07650340652617674,67.16999092998317,0.2505694760820046,0.0034591961474558755,3.0371742174662586
50,0.2,1.01,500,240,203,0.7142857142857143,-0.011731031400062632,-2.381399374212714,0.2857142857142857,1.5212915142758596,308.8221773979995
50,0.2,1.01,500,270,109,0.7981651376146789,0.18451006020511962,20.111596562358038,0.2018348623853211,2.126248669508912,231.7611049764714
50,0.2,1.01,1000,60,259,0.6293436293436293,-0.21253667234824541,-55.04699813819556,0.37065637065637064,1.2808952879139668,331.7518795697174
50,0.2,1.01,1000,120,236,0.6313559322033898,-0.28408392235307245,-67.0438056753251,0.3686440677966102,1.4060488624898864,331.8275315476132
50,0.2,1.01,1000,240,94,0.723404255319149,-0.20513530657685233,-19.28271881822412,0.2765957446808511,3.783725881592557,355.6702328697004
50,0.2,1.01,1000,270,65,0.7230769230769231,-0.1881621157744522,-12.230537525339392,0.27692307692307694,3.9263632432380917,255.21361081047596
50,0.2,1.02,100,60,728,0.3241758241758242,-0.5213123602049511,-379.5153982292044,0.6758241758241759,0.7701550649067527,560.672887252116
50,0.2,1.02,100,120,573,0.37347294938917974,-0.4430370479750541,-253.860228489706,0.6265270506108203,0.661646962777813,379.1237096716868
50,0.2,1.02,100,240,205,0.5707317073170731,-0.10130499964424504,-20.767524927070234,0.4292682926829268,0.5442692258240529,111.57519129393086
50,0.2,1.02,100,270,144,0.6666666666666666,0.10201222955723308,14.689761056241563,0.3333333333333333,0.17731890679249301,25.533922578118993
50,0.2,1.02,500,60,143,0.36363636363636365,-0.31662502679957494,-45.27737883233922,0.6363636363636364,0.8358158817934812,119.52167109646781
50,0.2,1.02,500,120,77,0.6623376623376623,0.27053142616191855,20.830919814467727,0.33766233766233766,-0.017301800266955148,-1.3322386205555463
50,0.2,1.02,500,240,41,0.7317073170731707,0.6487147181652758,26.59730344477631,0.2682926829268293,0.07708817024936665,3.1606149802240324
50,0.2,1.02,500,270,35,0.7714285714285715,0.8335245861527175,29.173360515345113,0.22857142857142856,0.011785632296805064,0.41249713038817726
50,0.2,1.02,1000,60,38,0.631578947368421,-0.21825570646473783,-8.293716845660038,0.3684210526315789,0.32183524218247905,12.229739202934205
50,0.2,1.02,1000,120,37,0.6486486486486487,-0.1962761309863379,-7.262216846494502,0.35135135135135137,0.30105890873386587,11.139179623153037
50,0.3,1.005,100,60,5251,0.5452294800990287,-0.1570449513902489,-824.643039750197,0.4547705199009712,0.4835667294137079,2539.20889615138
50,0.3,1.005,100,120,4127,0.5592440029076812,-0.1626243152755225,-671.1505491420814,0.4407559970923189,0.5204487105074511,2147.8918282642508
50,0.3,1.005,100,240,1205,0.5576763485477179,-0.17415776164873295,-209.8601027867232,0.44232365145228214,1.3381448247375949,1612.464513808802
50,0.3,1.005,100,270,581,0.6144578313253012,-0.07895137869649095,-45.870751022661246,0.3855421686746988,1.1615051756325234,674.8345070424962
50,0.3,1.005,500,60,1941,0.5996908809891809,-0.07956465700224033,-154.4349992413485,0.40030911901081917,0.3844499255690032,746.2173055294352
50,0.3,1.005,500,120,1545,0.6472491909385113,-0.04643309977174633,-71.73913914734808,0.35275080906148865,0.3092364188104918,477.7702670622098
50,0.3,1.005,500,240,362,0.6408839779005525,-0.03557398096331293,-12.87778110871928,0.35911602209944754,1.3215213012257228,478.39071104371163
50,0.3,1.005,500,270,205,0.7463414634146341,0.17988213835858988,36.87583836351092,0.25365853658536586,1.2231917172566336,250.75430203760988
50,0.3,1.005,1000,60,437,0.6247139588100686,-0.13713495357832212,-59.92797471372677,0.37528604118993136,0.8396896955399391,366.9443969509534
50,0.3,1.005,1000,120,357,0.6638655462184874,-0.18742556582116165,-66.91092699815471,0.33613445378151263,0.9872081657523153,352.43331517357655
50,0.3,1.005,1000,240,122,0.6229508196721312,-0.31083515871869666,-37.92188936368099,0.3770491803278688,3.5315627661898867,430.8506574751662
50,0.3,1.005,1000,270,79,0.620253164556962,-0.31563654133565533,-24.93528676551677,0.379746835443038,3.862420877936297,305.1312493569675
50,0.3,1.01,100,60,2577,0.5483119906868452,-0.19687034018104108,-507.3348666465428,0.45168800931315484,0.6040075451288605,1556.5274437970734
50,0.3,1.01,100,120,2124,0.5729755178907722,-0.19022532744547369,-404.0385954941861,0.4270244821092279,0.6344250913665676,1347.5188940625894
50,0.3,1.01,100,240,681,0.5389133627019089,-0.25471598897978315,-173.46158849523232,0.461086637298091,1.8421142714424068,1254.479818852279
50,0.3,1.01,100,270,284,0.6338028169014085,-0.10922346107078969,-31.019462944104273,0.36619718309859156,1.7875044260341482,507.6512569936981
50,0.3,1.01,500,60,976,0.7100409836065574,0.05108415799858101,49.85813820661507,0.2899590163934426,0.09896060636743922,96.58555181462069
50,0.3,1.01,500,120,835,0.7473053892215569,0.05517641522363806,46.07230671173778,0.25269461077844313,0.03578017430452101,29.876445544275043
50,0.3,1.01,500,240,198,0.7121212121212122,-0.017062678386778732,-3.378410320582189,0.2878787878787879,1.5711984896793545,311.0973009565122
50,0.3,1.01,500,270,105,0.7904761904761904,0.17229986302054112,18.091485617156817,0.20952380952380953,2.2469638569036756,235.93120497488593
50,0.3,1.01,1000,60,243,0.6255144032921811,-0.23537609329902826,-57.19639067166386,0.37448559670781895,1.3992240599053773,340.0114465570067
50,0.3,1.01,1000,120,221,0.6289592760180995,-0.3067668497625572,-67.79547379752513,0.37104072398190047,1.5342040657763418,339.0590985365715
50,0.3,1.01,1000,240,91,0.7142857142857143,-0.23295295191811832,-21.198718624548768,0.2857142857142857,3.942746515035146,358.7899328681983
50,0.3,1.01,1000,270,62,0.7096774193548387,-0.22816995696232323,-14.14653733166404,0.2903225806451613,4.166666303370547,258.3333108089739
50,0.3,1.02,100,60,667,0.3268365817091454,-0.5173006555123559,-345.0395372267414,0.6731634182908546,0.7759412063327159,517.5527846239215
50,0.3,1.02,100,120,534,0.36704119850187267,-0.4528564933686726,-241.82536745887117,0.6329588014981273,0.7230377537296401,386.1021604916278
50,0.3,1.02,100,240,181,0.585635359116022,-0.06631551002428333,-12.003107314395283,0.4143646408839779,0.6522257439932423,118.05285966277685
50,0.3,1.02,100,270,123,0.6991869918699187,0.1806100036627662,22.215030450520242,0.3008130081300813,0.27013473418535505,33.22657230479867
50,0.3,1.02,500,60,112,0.41964285714285715,-0.18769947442195112,-21.022341135258525,0.5803571428571429,0.6467964809417454,72.44120586547548
50,0.3,1.02,500,120,66,0.696969696969697,0.37436299300380765,24.707957538251303,0.30303030303030304,-0.006684615718060377,-0.4411846373919849
50,0.3,1.02,500,240,37,0.7027027027027027,0.6642484459344619,24.577192499575087,0.2972972972972973,0.198127431855096,7.330714978638552
50,0.3,1.02,500,270,31,0.7419354838709677,0.8759112764562543,27.153249570143885,0.25806451612903225,0.14782571383234502,4.582597128802695
50,0.3,1.02,1000,60,30,0.7,-0.16689055491317092,-5.006716647395128,0.3,0.4052035396963696,12.156106190891087
50,0.5,1.005,100,60,4182,0.5382592061214729,-0.2104280850131089,-880.0102515248213,0.461740793878527,0.602982178585074,2521.6714708427794
50,0.5,1.005,100,120,3356,0.5604886769964244,-0.2000722484898015,-671.4424659317739,0.4395113230035757,0.621677124334674,2086.348429267166
50,0.5,1.005,100,240,986,0.5091277890466531,-0.2988451085185297,-294.6612769992703,0.4908722109533469,1.7206562436722117,1696.5670562608007
50,0.5,1.005,100,270,478,0.5732217573221757,-0.19815758047161955,-94.71932346543414,0.42677824267782427,1.5076155098805126,720.640213722885
50,0.5,1.005,500,60,1619,0.5960469425571341,-0.12385063349167835,-200.51417562302726,0.40395305744286597,0.4858547059536426,786.5987689389474
50,0.5,1.005,500,120,1302,0.6536098310291859,-0.0771659713960184,-100.47009475761595,0.34639016897081415,0.3850745019188092,501.3670014982896
50,0.5,1.005,500,240,302,0.6125827814569537,-0.12083527109080074,-36.49225186942182,0.38741721854304634,1.6416483627362217,495.777805546339
50,0.5,1.005,500,270,150,0.72,0.0754026386592712,11.31039579889068,0.28,1.7989185940135997,269.83778910203995
50,0.5,1.005,1000,60,401,0.6408977556109726,-0.13082372605567563,-52.46031414832593,0.35910224438902744,0.8573503554873503,343.7974925504275
50,0.5,1.005,1000,120,329,0.6808510638297872,-0.1789825149619368,-58.88524742247721,0.3191489361702128,1.0154262804834144,334.07524627904337
50,0.5,1.005,1000,240,103,0.6407766990291263,-0.3282620167250953,-33.810987722684814,0.3592233009708738,4.022168823164021,414.2833887858942
50,0.5,1.005,1000,270,62,0.6612903225806451,-0.3172864020836988,-19.671756929189325,0.3387096774193548,4.62061097852333,286.47788066844646
50,0.5,1.01,100,60,2119,0.559226050023596,-0.2207839192755755,-467.8411249449445,0.44077394997640396,0.6872746552761205,1456.3349945300995
50,0.5,1.01,100,120,1783,0.5765563656758272,-0.2284008390797239,-407.2386960791477,0.42344363432417276,0.7317558272210074,1304.7206399350562
50,0.5,1.01,100,240,610,0.5245901639344263,-0.2966348541697369,-180.9472610435395,0.47540983606557374,2.0693735267354434,1262.3178513086204
50,0.5,1.01,100,270,252,0.623015873015873,-0.1409019553166622,-35.50729273979887,0.376984126984127,2.062610502603137,519.7778466559905
50,0.5,1.01,500,60,828,0.711352657004831,0.004908998598854381,4.064650839851428,0.2886473429951691,0.17209501145782125,142.49466948707598
50,0.5,1.01,500,120,707,0.7496463932107497,0.0036902258769173227,2.608989694980547,0.25035360678925034,0.11561917493121229,81.7427566763671
50,0.5,1.01,500,240,186,0.7096774193548387,-0.022957360020998015,-4.270068963905631,0.2903225806451613,1.702639194605519,316.6908901966265
50,0.5,1.01,500,270,95,0.7894736842105263,0.17704835344501818,16.819593577276727,0.21052631578947367,2.557942344958492,243.00452277105677
50,0.5,1.01,1000,60,226,0.6415929203539823,-0.22178792765453537,-50.12407164992499,0.3584070796460177,1.4847731288741333,335.5587271255541
50,0.5,1.01,1000,120,209,0.631578947368421,-0.3151112668422414,-65.85825477002845,0.3684210526315789,1.6386397828502448,342.4757146157012
50,0.5,1.01,1000,240,83,0.6987951807228916,-0.2820722842817248,-23.41199959538316,0.30120481927710846,4.402616805883173,365.41719488830336
50,0.5,1.01,1000,270,55,0.6909090909090909,-0.2858391218252767,-15.721151700390218,0.3090909090909091,4.7985322332514295,263.91927282882864
50,0.5,1.02,100,60,609,0.31198686371100165,-0.5471609678039393,-333.221029392599,0.6880131362889984,0.8295514580749525,505.19683796764605
50,0.5,1.02,100,120,479,0.35281837160751567,-0.4834935748308307,-231.59342234396792,0.6471816283924844,0.7838843943266882,375.48062488248365
50,0.5,1.02,100,240,151,0.5894039735099338,-0.05595529530979949,-8.449249591779722,0.4105960264900662,0.790347435801647,119.3424628060487
50,0.5,1.02,100,270,100,0.7,0.2035720245174814,20.35720245174814,0.3,0.4114897590519037,41.14897590519037
50,0.5,1.02,500,60,100,0.4,-0.17897375185341613,-17.897375185341613,0.6,0.7612169526641605,76.12169526641604
50,0.5,1.02,500,120,55,0.7090909090909091,0.4874386089091643,26.809123490004037,0.2909090909090909,0.09040513512634121,4.972282431948766
50,0.5,1.02,500,240,31,0.6774193548387096,0.7911638963898155,24.526080788084283,0.3225806451612903,0.3862409920253234,11.973470752785026
50,0.7,1.005,100,60,2891,0.5693531649948115,-0.22417002241859665,-648.0755348121629,0.4306468350051885,0.6469717800022108,1870.3954159863913
50,0.7,1.005,100,120,2482,0.5777598710717163,-0.22933559294317685,-569.210941684965,0.42224012892828366,0.6660898813171261,1653.235085429107
50,0.7,1.005,100,240,749,0.5380507343124166,-0.29606049672592094,-221.74931204771477,0.46194926568758343,1.8720997246817155,1402.2026937866049
50,0.7,1.005,100,270,324,0.6759259259259259,-0.08646515785684804,-28.014711145618765,0.32407407407407407,1.3681694904593293,443.2869149088227
50,0.7,1.005,500,60,1286,0.6026438569206843,-0.15069614767944758,-193.79524591576958,0.3973561430793157,0.613094905185499,788.4400480685517
50,0.7,1.005,500,120,1064,0.6466165413533834,-0.12583582956410866,-133.88932265621162,0.3533834586466165,0.523019780913887,556.4930468923758
50,0.7,1.005,500,240,246,0.5691056910569106,-0.21035470984159665,-51.74725862103278,0.43089430894308944,2.1271848481004145,523.287472632702
50,0.7,1.005,500,270,118,0.6779661016949152,-0.010901722558920659,-1.2864032619526378,0.3220338983050847,2.4976122625894632,294.7182469855567
50,0.7,1.005,1000,60,311,0.684887459807074,-0.15113159772413337,-47.001926892205475,0.31511254019292606,1.1001300093900703,342.14043292031187
50,0.7,1.005,1000,120,286,0.6958041958041958,-0.20107812373416586,-57.508343387971436,0.3041958041958042,1.1785263454095554,337.0585347871328
50,0.7,1.005,1000,240,95,0.6631578947368421,-0.319096958479065,-30.314211055511173,0.3368421052631579,4.307074804550379,409.172106432286
50,0.7,1.005,1000,270,58,0.6896551724137931,-0.2863389298890583,-16.60765793356538,0.3103448275862069,4.898910739276914,284.136822878061
50,0.7,1.01,100,60,1543,0.6033700583279326,-0.20679302838766217,-319.0816428021627,0.3966299416720674,0.6901411343586821,1064.8877703154465
50,0.7,1.01,100,120,1379,0.6055112400290066,-0.23501928097461952,-324.0915884640003,0.3944887599709935,0.724701018492017,999.3627045004914
50,0.7,1.01,100,240,509,0.5343811394891945,-0.32049734636515337,-163.13314929986308,0.4656188605108055,2.1864817049331013,1112.9191878109486
50,0.7,1.01,100,270,195,0.7282051282051282,-0.010973290076924805,-2.139791565000337,0.2717948717948718,1.8005670179250257,351.11056849538
50,0.7,1.01,500,60,681,0.6989720998531571,-0.058462880117284795,-39.813221359870944,0.3010279001468429,0.31087096687129306,211.70312843935056
50,0.7,1.01,500,120,585,0.7350427350427351,-0.07322397602561104,-42.836025974982455,0.26495726495726496,0.26720018601329715,156.31210881777884
50,0.7,1.01,500,240,164,0.7073170731707317,-0.038578995934060396,-6.326955333185905,0.2926829268292683,1.9871245136899274,325.8884202451481
50,0.7,1.01,500,270,91,0.8131868131868132,0.21850211618572157,19.883692572900664,0.18681318681318682,2.644653461326058,240.66346498067128
50,0.7,1.01,1000,60,208,0.6442307692307693,-0.2555384277009476,-53.1519929617971,0.3557692307692308,1.6252074508052319,338.0431497674882
50,0.7,1.01,1000,120,200,0.645,-0.3082485359704957,-61.649707194099136,0.355,1.6903998083345042,338.07996166690083
50,0.7,1.01,1000,240,78,0.7307692307692307,-0.24752052050652423,-19.30660059950889,0.2692307692307692,4.646634237125766,362.43747049580975
50,0.7,1.01,1000,270,51,0.7254901960784313,-0.2481775040150252,-12.657052704766285,0.27450980392156865,5.128984608596926,261.5782150384432
50,0.7,1.02,100,60,411,0.40632603406326034,-0.40858907638629355,-167.93011039476664,0.5936739659367397,0.6828849381216859,280.6657095680129
50,0.7,1.02,100,120,359,0.4206128133704735,-0.38381994644828415,-137.79136077493402,0.5793871866295265,0.6662819451027298,239.19521829187997
50,0.7,1.02,100,240,128,0.6015625,-0.02492742376721538,-3.1907102422035685,0.3984375,0.825939794330895,105.72029367435456
50,0.7,1.02,100,270,82,0.7317073170731707,0.285456156278332,23.407404814823224,0.2682926829268293,0.34723924980877396,28.473618484319466
50,0.7,1.02,500,60,77,0.44155844155844154,-0.0665396633002651,-5.123554074120413,0.5584415584415584,0.7511863911341127,57.84135211732668
50,0.7,1.02,500,120,44,0.7727272727272727,0.6500851352489833,28.60374595095526,0.22727272727272727,0.07068427415487277,3.110108062814402
100,0.1,1.005,100,60,3558,0.5626756604834177,-0.10704001070265788,-380.84835808005676,0.43732433951658234,0.3219642335417026,1145.548742941378
100,0.1,1.005,100,120,2845,0.583128295254833,-0.10235492024013929,-291.19974808319625,0.41687170474516694,0.2979425973400159,847.6466894323452
100,0.1,1.005,100,240,837,0.5376344086021505,-0.17940383670414428,-150.16101132136876,0.46236559139784944,1.2317116626661304,1030.9426616515511
100,0.1,1.005,100,270,494,0.5566801619433198,-0.14511982637363202,-71.68919422857422,0.4433198380566802,1.0412153901714254,514.3604027446842
100,0.1,1.005,500,60,1292,0.6246130030959752,-0.006152419529881363,-7.948926032606721,0.3753869969040248,0.0689214438719748,89.04650548259144
100,0.1,1.005,500,120,1066,0.6838649155722326,0.055480319975744034,59.14202109414314,0.31613508442776733,-0.14516264379738042,-154.74337828800753
100,0.1,1.005,500,240,252,0.623015873015873,-0.016311939420947417,-4.110608734078749,0.376984126984127,0.5806633505324189,146.32716433416957
100,0.1,1.005,500,270,175,0.7028571428571428,0.16151467993594532,28.265068988790432,0.29714285714285715,0.7106363633140669,124.3613635799617
100,0.1,1.005,1000,60,277,0.5884476534296029,-0.205404406405249,-56.89702057425398,0.41155234657039713,0.5990739676482317,165.9434890385602
100,0.1,1.005,1000,120,224,0.65625,-0.16904944178217204,-37.86707495920654,0.34375,0.6502191578516607,145.649091358772
100,0.1,1.005,1000,240,113,0.5132743362831859,-0.4350891683747875,-49.16507602635099,0.48672566371681414,1.943669085870799,219.6346067034003
100,0.1,1.005,1000,270,87,0.4482758620689655,-0.49858659674990535,-43.37703391724177,0.5517241379310345,2.317166408323715,201.59347752416323
100,0.1,1.01,100,60,1631,0.5432250153280196,-0.1866232664129169,-304.3825475194675,0.45677498467198036,0.5644199853513915,920.5689961081196
100,0.1,1.01,100,120,1407,0.5621890547263682,-0.18712977448762608,-263.2915927040899,0.43781094527363185,0.5814372291814459,818.0821814582944
100,0.1,1.01,100,240,470,0.4829787234042553,-0.33934447879018387,-159.4919050313864,0.5170212765957447,1.8281502230601778,859.2306048382836
100,0.1,1.01,100,270,263,0.532319391634981,-0.23431864840030303,-61.6258045292797,0.467680608365019,1.355792847576737,356.57351891268183
100,0.1,1.01,500,60,614,0.7133550488599348,0.1232453186851114,75.6726256726584,0.28664495114006516,-0.1283305308144492,-78.79494592007181
100,0.1,1.01,500,120,557,0.7396768402154399,0.11985978376051797,66.7618995546085,0.26032315978456017,-0.23201348131868776,-129.23150909450908
100,0.1,1.01,500,240,158,0.6012658227848101,-0.13886325448124107,-21.94039420803609,0.3987341772151899,0.7564745062323267,119.52297198470762
100,0.1,1.01,500,270,112,0.6607142857142857,0.03554559764882716,3.981106936668642,0.3392857142857143,1.15078391573871,128.88779856273553
100,0.1,1.01,1000,60,134,0.5522388059701493,-0.3535142043060297,-47.37090337700798,0.44776119402985076,1.2324294210709579,165.14554242350835
100,0.1,1.01,1000,120,122,0.5491803278688525,-0.4025315398186913,-49.108847857880335,0.45081967213114754,1.3460838452165969,164.2222291164248
100,0.1,1.01,1000,240,92,0.5652173913043478,-0.39377403194801947,-36.22721093921779,0.43478260869565216,1.7816636849486875,163.91305901527926
100,0.1,1.01,1000,270,72,0.4861111111111111,-0.4658701790680809,-33.54265289290183,0.5138888888888888,2.3518139724330216,169.33060601517755
100,0.1,1.02,100,60,415,0.3108433734939759,-0.518493945640344,-215.17498744074277,0.689156626506024,0.6124599013921084,254.17085907772497
100,0.1,1.02,100,120,384,0.3177083333333333,-0.5033901839127515,-193.30183062249657,0.6822916666666666,0.5478501696466802,210.3744651443252
100,0.1,1.02,100,240,152,0.5263157894736842,-0.1215401480577498,-18.47410250477797,0.47368421052631576,0.19134746315820259,29.084814400046792
100,0.1,1.02,100,270,136,0.5220588235294118,-0.09649166730124403,-13.122866752969188,0.47794117647058826,0.19578834050031949,26.62721430804345
100,0.1,1.02,500,60,99,0.37373737373737376,-0.20528667878480633,-20.323381199695827,0.6262626262626263,0.5678953713785905,56.22164176648045
100,0.1,1.02,500,120,76,0.47368421052631576,0.024430492679031017,1.8567174436063574,0.5263157894736842,0.10493898672372293,7.975362991002942
100,0.1,1.02,500,240,62,0.4838709677419355,0.10936855781488541,6.780850584522896,0.5161290322580645,0.012624787357375869,0.7827368161573038
100,0.1,1.02,500,270,58,0.4827586206896552,0.1496770799080585,8.681270634667394,0.5172413793103449,-0.03393358026059025,-1.9681476551142343
100,0.1,1.02,1000,60,53,0.39622641509433965,-0.5233773053991431,-27.738997186154585,0.6037735849056604,0.20676180126646604,10.9583754671227
100,0.1,1.02,1000,120,52,0.40384615384615385,-0.5136057151344048,-26.70749718698905,0.5961538461538461,0.18976569014118339,9.867815887341536
100,0.1,1.02,1000,240,48,0.375,-0.5654645656801462,-27.14229915264702,0.625,0.25923359737570156,12.443212674033674
100,0.1,1.02,1000,270,47,0.3829787234042553,-0.5559957266875735,-26.131799154315953,0.6170212765957447,0.162105527544795,7.618959794605365
100,0.2,1.005,100,60,3346,0.5753138075313807,-0.08817276101533239,-295.0260583573022,0.4246861924686193,0.32567605779501413,1089.7120893821173
100,0.2,1.005,100,120,2660,0.6022556390977444,-0.07335897883568854,-195.13488370293152,0.3977443609022556,0.2932130240393228,779.9466439445987
100,0.2,1.005,100,240,784,0.5535714285714286,-0.15656612446630783,-122.74784158158533,0.44642857142857145,1.2925844691696207,1013.3862238289826
100,0.2,1.005,100,270,463,0.5831533477321814,-0.10482677222048661,-48.534795538085305,0.4168466522678186,1.069548671382659,495.20103485017114
100,0.2,1.005,500,60,1157,0.6732929991356957,0.07354465200268961,85.09116236711188,0.3267070008643042,0.013147211676604317,15.211323909831194
100,0.2,1.005,500,120,933,0.7534833869239014,0.16622936415261824,155.09199675439282,0.2465166130760986,-0.2471982420796003,-230.6359598602671
100,0.2,1.005,500,240,213,0.7183098591549296,0.13597058298280582,28.961734175337636,0.28169014084507044,0.5514225089876781,117.45299441437544
100,0.2,1.005,500,270,146,0.815068493150685,0.34918090345809943,50.980411904882516,0.18493150684931506,0.7149449560477109,104.3819635829658
100,0.2,1.005,1000,60,239,0.6778242677824268,-0.09128153688610091,-21.81628731577812,0.32217573221757323,0.5511742949372173,131.7306564899949
100,0.2,1.005,1000,120,186,0.7849462365591398,-0.014980331724358536,-2.786341700730688,0.21505376344086022,0.5991196710226169,111.43625881020674
100,0.2,1.005,1000,240,88,0.6590909090909091,-0.2662508636039173,-23.430075997144723,0.3409090909090909,2.221700076175004,195.50960670340032
100,0.2,1.005,1000,270,62,0.6290322580645161,-0.284548933677992,-17.642033888035503,0.3709677419354839,2.8623947987768266,177.46847752416323
100,0.2,1.01,100,60,1521,0.5713346482577252,-0.1453178027533583,-221.02837798785794,0.4286653517422748,0.5606566494090088,852.7587637511025
100,0.2,1.01,100,120,1305,0.5946360153256705,-0.1406206712849096,-183.50997602680704,0.4053639846743295,0.5797654372182411,756.5938955698047
100,0.2,1.01,100,240,432,0.4976851851851852,-0.3230742523700924,-139.5680770238799,0.5023148148148148,1.96156652069448,847.3967369400153
100,0.2,1.01,100,270,232,0.5818965517241379,-0.16582502516720163,-38.47140583879078,0.41810344827586204,1.4543713405955547,337.4141510181687
100,0.2,1.01,500,60,529,0.8185255198487713,0.28998027536786075,153.39956566959833,0.18147448015122875,-0.27593067158477336,-145.9673252683451
100,0.2,1.01,500,120,473,0.8625792811839323,0.3096664745504354,146.47224246235595,0.13742071881606766,-0.4173917303219487,-197.42628844228173
100,0.2,1.01,500,240,129,0.7054263565891473,0.006007354326015516,0.7749487080560016,0.29457364341085274,0.7716555968039668,99.54357198771172
100,0.2,1.01,500,270,83,0.8433734939759037,0.3216439741296474,26.696449852760733,0.1566265060240964,1.3121493803101159,108.90839856573962
100,0.2,1.01,1000,60,101,0.7326732673267327,-0.13261092435380742,-13.393703359734548,0.26732673267326734,1.2966072590334854,130.957333162382
100,0.2,1.01,1000,120,89,0.7528089887640449,-0.17001851506299903,-15.131647840606915,0.24719101123595505,1.4610564028685222,130.03401985529848
100,0.2,1.01,1000,240,67,0.7761194029850746,-0.15660016283599296,-10.492210910011528,0.22388059701492538,2.0863889405265565,139.7880590152793
100,0.2,1.01,1000,270,47,0.7446808510638298,-0.16612027369565008,-7.807652863695553,0.2553191489361702,3.0894809790463307,145.20560601517755
100,0.2,1.02,100,60,380,0.3236842105263158,-0.4980146098177565,-189.24555173074748,0.6763157894736842,0.6165046986090931,234.2717854714554
100,0.2,1.02,100,120,349,0.332378223495702,-0.4795770627865366,-167.37239491250128,0.667621776504298,0.5457747608540277,190.47539153805565
100,0.2,1.02,100,240,120,0.6166666666666667,0.03607777672057522,4.329333206469027,0.38333333333333336,0.09145955421764776,10.975146506117731
100,0.2,1.02,100,270,105,0.6285714285714286,0.09553839940494961,10.03153193751971,0.37142857142857144,0.07112234679552633,7.467846413530264
100,0.2,1.02,500,60,68,0.4852941176470588,0.06588473111365713,4.480161715728685,0.5147058823529411,0.5177610343444491,35.20775033542254
100,0.2,1.02,500,120,45,0.7111111111111111,0.5924502302006862,26.66026035903088,0.28888888888888886,-0.28974507644566594,-13.038528440054968
100,0.2,1.02,500,240,33,0.7878787878787878,0.8938240454731817,29.496193500614996,0.21212121212121213,-0.5817170660860188,-19.19666318083862
100,0.3,1.005,100,60,3104,0.5898840206185567,-0.07041939517115613,-218.5818026112686,0.4101159793814433,0.3209778457881038,996.3152333262742
100,0.3,1.005,100,120,2492,0.6067415730337079,-0.07516454365309244,-187.31004278350636,0.39325842696629215,0.3139887738602697,782.4600244597921
100,0.3,1.005,100,240,742,0.5579514824797843,-0.15287060812957368,-113.42999123214368,0.4420485175202156,1.3770649411475284,1021.782186331466
100,0.3,1.005,100,270,432,0.5972222222222222,-0.07948191353559074,-34.3361866473752,0.4027777777777778,1.1529740507037012,498.0847899039989
100,0.3,1.005,500,60,1065,0.704225352112676,0.11434991846719067,121.78266316755807,0.29577464788732394,-0.05641017604622035,-60.07683748922467
100,0.3,1.005,500,120,862,0.7830626450116009,0.2002772910283264,172.63902486641734,0.21693735498839908,-0.30044396989056577,-258.9827020456677
100,0.3,1.005,500,240,207,0.714975845410628,0.13029375334939938,26.970806943325673,0.28502415458937197,0.5878825817107494,121.69169441412511
100,0.3,1.005,500,270,141,0.8085106382978723,0.3401076927106596,47.955184672203,0.19148936170212766,0.7772032878206768,109.58566358271543
100,0.3,1.005,1000,60,234,0.6794871794871795,-0.09257088513112895,-21.661587120684175,0.32051282051282054,0.5685105296402282,133.0314639358134
100,0.3,1.005,1000,120,181,0.7900552486187845,-0.01453945583224725,-2.631641505636752,0.20994475138121546,0.6228567196465482,112.73706625602523
100,0.3,1.005,1000,240,84,0.6547619047619048,-0.28942590241430716,-24.3117758028018,0.34523809523809523,2.3531465083559318,197.66430670189828
100,0.3,1.005,1000,270,59,0.6101694915254238,-0.33149209651457884,-19.55803369436015,0.3898305084745763,3.060816568180699,180.58817752266123
100,0.3,1.01,100,60,1422,0.570323488045007,-0.15245526795840453,-216.79139103685122,0.42967651195499296,0.6000435922509533,853.2619881808555
100,0.3,1.01,100,120,1227,0.5851670741646292,-0.16355883378030148,-200.6866890484299,0.41483292583537085,0.6567688027655436,805.855320993322
100,0.3,1.01,100,240,397,0.4987405541561713,-0.3259261124324281,-129.39266663567395,0.5012594458438288,2.15595886134038,855.9156679521309
100,0.3,1.01,100,270,204,0.6078431372549019,-0.12425235617451484,-25.34748065960103,0.39215686274509803,1.6698714805373367,340.6537820296167
100,0.3,1.01,500,60,485,0.845360824742268,0.31353427356876434,152.06412268085072,0.15463917525773196,-0.35318156189124045,-171.2930575172516
100,0.3,1.01,500,120,449,0.8574610244988864,0.27785924164880005,124.75879950031123,0.14253897550111358,-0.3892661502829228,-174.78050147703232
100,0.3,1.01,500,240,125,0.696,-0.009961297897161783,-1.245162237145223,0.304,0.8297093758890098,103.71367198612623
100,0.3,1.01,500,270,79,0.8354430379746836,0.31235872034885453,24.676338907559508,0.16455696202531644,1.4313733995462548,113.07849856415412
100,0.3,1.01,1000,60,98,0.7244897959183674,-0.15622146087815508,-15.309703166059197,0.2755102040816326,1.3681329914375504,134.07703316087995
100,0.3,1.01,1000,120,86,0.7441860465116279,-0.1982284610108322,-17.04764764693157,0.2558139534883721,1.5482990680674005,133.15371985379645
100,0.3,1.01,1000,240,64,0.765625,-0.19387829244275273,-12.408210716336175,0.234375,2.232933734590269,142.90775901377722
100,0.3,1.01,1000,270,44,0.7272727272727273,-0.22099210613682277,-9.723652670020202,0.2727272727272727,3.371029682128989,148.32530601367552
100,0.3,1.02,100,60,332,0.3313253012048193,-0.4843394909364853,-160.80071099091313,0.6686746987951807,0.5823708694198758,193.34712864739876
100,0.3,1.02,100,120,322,0.3198757763975155,-0.49795420542017527,-160.34125414529643,0.6801242236024845,0.6158662599619974,198.30893570776317
100,0.3,1.02,100,240,98,0.6530612244897959,0.13149084285625762,12.886102599913247,0.3469387755102041,0.18064077788568783,17.702796232797407
100,0.3,1.02,100,270,84,0.6666666666666666,0.20900953966426658,17.556801331798393,0.3333333333333333,0.18048209690726114,15.160496140209935
100,0.3,1.02,500,60,43,0.6744186046511628,0.5550081568098426,23.86535074282323,0.32558139534883723,-0.22627399732430864,-9.729781884945272
100,0.3,1.02,500,120,40,0.7,0.6416862353207073,25.667449412828294,0.3,-0.25011353615667187,-10.004541446266874
100,0.5,1.005,100,60,2411,0.5773537951057652,-0.1475263535862517,-355.68603849645285,0.42264620489423477,0.44063069138729216,1062.3605969347614
100,0.5,1.005,100,120,2009,0.6047784967645595,-0.1273666144865234,-255.87952850342552,0.39522150323544053,0.39103011552411393,785.5795020879449
100,0.5,1.005,100,240,586,0.4948805460750853,-0.3156769724514543,-184.98670585655222,0.5051194539249146,1.861777130921856,1091.0013987202076
100,0.5,1.005,100,270,347,0.5446685878962536,-0.22865289594829186,-79.34255489405727,0.4553314121037464,1.5457426038457103,536.3726835344614
100,0.5,1.005,500,60,885,0.6768361581920904,0.014502136394122128,12.834390708798082,0.3231638418079096,0.05062863476794867,44.80634176963457
100,0.5,1.005,500,120,724,0.7748618784530387,0.13136575468367095,95.10880639097778,0.22513812154696133,-0.25343082527343497,-183.4839174979669
100,0.5,1.005,500,240,153,0.6797385620915033,0.019174947944053024,2.9337670354401126,0.3202614379084967,0.914730419941229,139.95375425100804
100,0.5,1.005,500,270,88,0.7954545454545454,0.2598845995964129,22.869844764484334,0.20454545454545456,1.457446532632543,128.25529487166378
100,0.5,1.005,1000,60,210,0.7095238095238096,-0.07509225998595638,-15.76937459705084,0.2904761904761905,0.5183977360612864,108.86352457287015
100,0.5,1.005,1000,120,162,0.8333333333333334,0.03221095492764296,5.21817469827816,0.16666666666666666,0.5692231864760249,92.21415620911603
100,0.5,1.005,1000,240,68,0.7058823529411765,-0.2577476957253298,-17.526843309322427,0.29411764705882354,2.6174270296035793,177.98503801304338
100,0.5,1.005,1000,270,43,0.6744186046511628,-0.2970488651367621,-12.77310120088077,0.32558139534883723,3.7420676472978216,160.90890883380632
100,0.5,1.01,100,60,1134,0.5987654320987654,-0.160232683504985,-181.703863094653,0.4012345679012346,0.6708166598904953,760.7060923158217
100,0.5,1.01,100,120,1019,0.5907752698724239,-0.2080126145012111,-211.96485417673412,0.40922473012757604,0.759470041591569,773.8999723818088
100,0.5,1.01,100,240,363,0.4986225895316804,-0.3363000237863862,-122.07690863445819,0.5013774104683195,2.3312996014385714,846.2617553222015
100,0.5,1.01,100,270,185,0.6,-0.14365236135206305,-26.575686850131664,0.4,1.8837830196922565,348.49985864306745
100,0.5,1.01,500,60,396,0.8409090909090909,0.23325565786650915,92.36924051513762,0.1590909090909091,-0.2730029222253763,-108.10915720124902
100,0.5,1.01,500,120,370,0.8486486486486486,0.18562279233955983,68.68043316563714,0.15135135135135136,-0.2964732320973693,-109.69509587602664
100,0.5,1.01,500,240,117,0.6837606837606838,-0.017409842907040278,-2.0369516201237126,0.3162393162393162,0.943360119716371,110.3731340068154
100,0.5,1.01,500,270,71,0.8309859154929577,0.3364021059800143,23.884549524581015,0.16901408450704225,1.6864501490822998,119.7379605848433
100,0.5,1.01,1000,60,87,0.7586206896551724,-0.11751281474970529,-10.22361488322436,0.2413793103448276,1.5066083276012152,131.07492450130573
100,0.5,1.01,1000,120,78,0.7564102564102564,-0.19270332513579452,-15.030859360591972,0.24358974358974358,1.7414941091529221,135.83654051392793
100,0.5,1.01,1000,240,58,0.7586206896551724,-0.2148521108260417,-12.461422427910419,0.2413793103448276,2.5425486385051412,147.46782103329818
100,0.5,1.01,1000,270,38,0.7105263157894737,-0.2572859047788013,-9.77686438159445,0.2894736842105263,4.023299158768327,152.88536803319644
100,0.5,1.02,100,60,310,0.3193548387096774,-0.5055889263200655,-156.7325671592203,0.6806451612903226,0.6204980459818024,192.35439425435874
100,0.5,1.02,100,120,302,0.3079470198675497,-0.5193240828962872,-156.83587303467874,0.6920529801324503,0.6533696513028289,197.31763469345432
100,0.5,1.02,100,240,80,0.6875,0.20039527112406538,16.03162168992523,0.3125,0.19887119001600895,15.909695201280716
100,0.5,1.02,100,270,71,0.676056338028169,0.24459485491907673,17.36623469925445,0.323943661971831,0.2600269116885072,18.461910729884014
100,0.5,1.02,500,60,37,0.6486486486486487,0.6439875413828523,23.827539031165536,0.35135135135135137,-0.12732383427444974,-4.71098186815464
100,0.5,1.02,500,120,34,0.6764705882352942,0.7538128735638413,25.629637701170605,0.3235294117647059,-0.14663945380812493,-4.985741429476247
100,0.7,1.005,100,60,1611,0.6244568590937306,-0.14735005411098073,-237.38093717278997,0.3755431409062694,0.3862130939353466,622.1892943298434
100,0.7,1.005,100,120,1426,0.638148667601683,-0.13745330429187397,-196.00841192021227,0.36185133239831696,0.34654791135700236,494.17732159508535
100,0.7,1.005,100,240,433,0.5842956120092379,-0.21075297373425272,-91.25603762693143,0.41570438799076215,1.786030196421626,773.3510750505641
100,0.7,1.005,100,270,224,0.71875,-0.008573708522116055,-1.9205107089539961,0.28125,1.069580082587008,239.58593849948983
100,0.7,1.005,500,60,707,0.695898161244696,0.007388163304133155,5.223431456022141,0.3041018387553041,0.1130433690184909,79.92166189607306
100,0.7,1.005,500,120,603,0.7728026533996684,0.08594151737247524,51.82273497560257,0.22719734660033167,-0.18140086375325531,-109.38472084321296
100,0.7,1.005,500,240,141,0.6808510638297872,0.008251410657504022,1.1634489027080672,0.3191489361702128,1.0232123795202706,144.27294551235815
100,0.7,1.005,500,270,78,0.8076923076923077,0.26903475616955813,20.984710981225533,0.19230769230769232,1.6945917017323342,132.17815273512207
100,0.7,1.005,1000,60,149,0.8187919463087249,-0.011895522439950791,-1.772432843552668,0.18120805369127516,0.7067512686446135,105.3059390280474
100,0.7,1.005,1000,120,136,0.8529411764705882,-0.0052530646551683475,-0.7144167931028953,0.14705882352941177,0.7635309156757121,103.84020453189684
100,0.7,1.005,1000,240,64,0.734375,-0.24003636969215184,-15.362327660297717,0.265625,2.7490111503206007,175.93671362051845
100,0.7,1.005,1000,270,41,0.7073170731707317,-0.26154637078982457,-10.723401202382808,0.2926829268292683,3.8649817327656,158.4642510433896
100,0.7,1.01,100,60,792,0.6527777777777778,-0.13322209949582425,-105.51190280069281,0.3472222222222222,0.640323771513029,507.13642703831897
100,0.7,1.01,100,120,757,0.6472919418758256,-0.16511614011277084,-124.99291806536752,0.3527080581241744,0.6753386742714524,511.2313764234895
100,0.7,1.01,100,240,310,0.5451612903225806,-0.285666891111007,-88.55673624441218,0.45483870967741935,2.1963479024294026,680.8678497531148
100,0.7,1.01,100,270,137,0.7445255474452555,0.04475798493503917,6.131843936100367,0.25547445255474455,1.326508267752499,181.73163268209237
100,0.7,1.01,500,60,308,0.8441558441558441,0.1709529582904569,52.65351115346073,0.15584415584415584,-0.16550730935916885,-50.976251282624006
100,0.7,1.01,500,120,292,0.8561643835616438,0.1228518198275261,35.87273138963762,0.14383561643835616,-0.20720536147222063,-60.50396554988842
100,0.7,1.01,500,240,114,0.7017543859649122,0.009246038408987661,1.0540483786245933,0.2982456140350877,0.9411386808271094,107.28980961429048
100,0.7,1.01,500,270,69,0.855072463768116,0.3758586887402751,25.934249523078982,0.14492753623188406,1.6999029390496605,117.29330279442658
100,0.7,1.01,1000,60,73,0.7945205479452054,-0.16954601813936354,-12.37685932417354,0.2054794520547945,1.7997759882905648,131.38364714521123
100,0.7,1.01,1000,120,72,0.8055555555555556,-0.1575744350695556,-11.345359325008003,0.19444444444444445,1.8096262161865289,130.29308756543008
100,0.7,1.01,1000,240,55,0.8,-0.1703713168938567,-9.370422429162119,0.2,2.625172666195877,144.38449664077325
100,0.7,1.01,1000,270,36,0.75,-0.21464345508601357,-7.727164383096488,0.25,4.178908617854992,150.44071024277972
100,0.7,1.02,100,60,222,0.4009009009009009,-0.37200160593036063,-82.58435651654005,0.5990990990990991,0.3999983530715643,88.79963438188727
100,0.7,1.02,100,120,215,0.39069767441860465,-0.3832793537788953,-82.4050610624625,0.6093023255813953,0.43121430148983875,92.71107482031533
100,0.7,1.02,100,240,66,0.7272727272727273,0.29784114401464223,19.657515504966387,0.2727272727272727,0.01603996638786252,1.0586377815989263
100,0.7,1.02,100,270,57,0.7192982456140351,0.3682829563911511,20.99212851429561,0.2807017543859649,0.06334830368775819,3.6108533102022173
100,0.7,1.02,500,60,30,0.7,0.8468885319173943,25.40665595752183,0.3,-0.22962248194216256,-6.888674458264877
200,0.1,1.005,100,60,755,0.7112582781456953,0.056262866138491956,42.478463934561425,0.28874172185430463,-0.09890840880800102,-74.67584865004076
200,0.1,1.005,100,120,630,0.7476190476190476,0.06114969842950875,38.52431001059051,0.2523809523809524,-0.11738896682959345,-73.95504910264387
200,0.1,1.005,100,240,343,0.5918367346938775,-0.10456579428932393,-35.86606744123811,0.40816326530612246,0.5258744705317665,180.37494339239592
200,0.1,1.005,100,270,278,0.5575539568345323,-0.17952867776622017,-49.90897241900921,0.44244604316546765,0.7315344982385457,203.3665905103157
200,0.1,1.005,500,60,279,0.8172043010752689,0.08214318861938638,22.917949624808802,0.1827956989247312,-0.6024226981840611,-168.07593279335305
200,0.1,1.005,500,120,263,0.8098859315589354,0.03132124593225582,8.23748768018328,0.19011406844106463,-0.5837994261484203,-153.53924907703453
200,0.1,1.005,500,240,117,0.6923076923076923,-0.026820574938583495,-3.138007267814269,0.3076923076923077,-0.3001953985656203,-35.122861632177575
200,0.1,1.005,500,270,109,0.6972477064220184,-0.0031115956154764996,-0.33916392208693846,0.30275229357798167,-0.3547895573708687,-38.672061753424686
200,0.1,1.005,1000,60,67,0.4626865671641791,-0.3868815976199864,-25.92106704053909,0.5373134328358209,0.1419345160195955,9.509612573312898
200,0.1,1.005,1000,120,58,0.3793103448275862,-0.6289208433815503,-36.47740891612992,0.6206896551724138,0.3243329755486973,18.811312581824442
200,0.1,1.005,1000,240,51,0.3333333333333333,-0.6761293007765158,-34.48259433960231,0.6666666666666666,0.45176166387389705,23.03984485756875
200,0.1,1.005,1000,270,44,0.29545454545454547,-0.7184859587372686,-31.613382184439818,0.7045454545454546,0.41881010764604426,18.427644736425947
200,0.1,1.01,100,60,385,0.6051948051948052,-0.2308372922818709,-88.8723575285203,0.3948051948051948,0.011863198510494524,4.567331426540392
200,0.1,1.01,100,120,316,0.7025316455696202,-0.12326221835438486,-38.950860999985615,0.2974683544303797,-0.16014731880632427,-50.60655274279847
200,0.1,1.01,100,240,163,0.5153374233128835,-0.3831952286226694,-62.46082226549511,0.48466257668711654,0.45166840948395026,73.6219507458839
200,0.1,1.01,100,270,148,0.49324324324324326,-0.40445141181640754,-59.85880894882832,0.5067567567567568,0.5160426961665374,76.37431903264753
200,0.1,1.01,500,60,209,0.7894736842105263,-0.07935724414909605,-16.585664027161073,0.21052631578947367,-0.589009389020138,-123.10296230520885
200,0.1,1.01,500,120,199,0.7788944723618091,-0.1286130173715891,-25.59399045694623,0.22110552763819097,-0.5665415191229105,-112.74176230545919
200,0.1,1.01,500,240,76,0.5921052631578947,-0.38381228401092693,-29.169733584830446,0.40789473684210525,-0.2079657352203792,-15.80539587674882
200,0.1,1.01,500,270,69,0.5797101449275363,-0.3971766701416042,-27.40519023977069,0.42028985507246375,-0.26651588402892656,-18.389595997995933
200,0.1,1.01,1000,60,61,0.45901639344262296,-0.4758129999203619,-29.024592995142076,0.5409836065573771,0.057992981071615705,3.537571845368558
200,0.1,1.01,1000,120,55,0.4,-0.6067328893399916,-33.37030891369954,0.6,0.1776103972795518,9.768571850375348
200,0.1,1.01,1000,240,48,0.3541666666666667,-0.6536561320244153,-31.375494337171933,0.6458333333333334,0.29160633596082614,13.997104126119655
200,0.1,1.01,1000,270,42,0.30952380952380953,-0.703347194825643,-29.540582182677007,0.6904761904761905,0.24642628583278223,10.349904004976853
200,0.1,1.02,100,60,113,0.48672566371681414,-0.34094132211085204,-38.52636939852628,0.5132743362831859,0.3238316342874263,36.59297467447917
200,0.1,1.02,100,120,113,0.48672566371681414,-0.34094132211085204,-38.52636939852628,0.5132743362831859,0.3238316342874263,36.59297467447917
200,0.1,1.02,100,240,94,0.40425531914893614,-0.4988289490704741,-46.889921212624564,0.5957446808510638,0.5011847352750473,47.11136511585444
200,0.1,1.02,100,270,90,0.3888888888888889,-0.5126609345968844,-46.139484113719604,0.6111111111111112,0.5481318346194458,49.33186511575013
200,0.1,1.02,500,60,41,0.2926829268292683,-0.7120578114353653,-29.194370268849976,0.7073170731707317,0.45398808723129186,18.613511576482967
200,0.1,1.02,500,120,41,0.2926829268292683,-0.7120578114353653,-29.194370268849976,0.7073170731707317,0.45398808723129186,18.613511576482967
200,0.1,1.02,500,240,38,0.2894736842105263,-0.714691349251503,-27.158271271557116,0.7105263157894737,0.3286474211426837,12.488602003421981
200,0.1,1.02,500,270,37,0.2702702702702703,-0.73590919137817,-27.22864008099229,0.7297297297297297,0.3662595136031804,13.551602003317674
200,0.1,1.02,1000,60,36,0.25,-0.76224961629909,-27.44098618676724,0.75,0.40572783341694346,14.606202003009965
200,0.1,1.02,1000,120,36,0.25,-0.76224961629909,-27.44098618676724,0.75,0.40572783341694346,14.606202003009965
200,0.1,1.02,1000,240,35,0.22857142857142856,-0.7842967767944413,-27.450387187805447,0.7714285714285715,0.4478314858016258,15.674102003056904
200,0.1,1.02,1000,270,35,0.22857142857142856,-0.7842967767944413,-27.450387187805447,0.7714285714285715,0.4478314858016258,15.674102003056904
200,0.2,1.005,100,60,705,0.7290780141843972,0.08638582558787125,60.90200703944923,0.27092198581560284,-0.10885689111050989,-76.74410823290947
200,0.2,1.005,100,120,580,0.7724137931034483,0.09818595364737645,56.94785311547834,0.22758620689655173,-0.13107467014743548,-76.02330868551259
200,0.2,1.005,100,240,316,0.6392405063291139,-0.030724087456381124,-9.708811636216435,0.36075949367088606,0.49470330187546285,156.32624339264626
200,0.2,1.005,100,270,252,0.6111111111111112,-0.0983572087883139,-24.786016614655104,0.3888888888888889,0.7154082956768496,180.2828905105661
200,0.2,1.005,500,60,232,0.8922413793103449,0.17726788430663726,41.12614915913984,0.10775862068965517,-0.7382637602441334,-171.27719237663896
200,0.2,1.005,500,120,216,0.8888888888888888,0.12243373710423298,26.445687214514326,0.1111111111111111,-0.7256505030570393,-156.74050866032047
200,0.2,1.005,500,240,92,0.8804347826086957,0.24561948653686957,22.596992761392002,0.11956521739130435,-0.6439984960019302,-59.247861632177575
200,0.2,1.005,500,270,84,0.9047619047619048,0.30233138222761113,25.395836107119337,0.09523809523809523,-0.7475840684931511,-62.797061753424686
200,0.2,1.005,1000,60,41,0.7560975609756098,0.020637389930857303,0.8461329871651495,0.24390243902439024,-0.38307187820654304,-15.705947006468264
200,0.2,1.005,1000,120,32,0.6875,-0.3034440277633027,-9.710208888425687,0.3125,-0.20013271868614765,-6.404246997956725
200,0.2,1.01,100,60,358,0.6480446927374302,-0.175187714317509,-62.717201725668225,0.35195530726256985,-0.05476795573461013,-19.606928152990427
200,0.2,1.01,100,120,289,0.7647058823529411,-0.04427579652987385,-12.795705197133543,0.23529411764705882,-0.2587571360634231,-74.78081232232928
200,0.2,1.01,100,240,137,0.6058394160583942,-0.27253917124920435,-37.337866461141,0.39416058394160586,0.36889234121265857,50.538250746134224
200,0.2,1.01,100,270,122,0.5901639344262295,-0.2847201077415919,-34.73585314447421,0.4098360655737705,0.4368083527286711,53.29061903289787
200,0.2,1.01,500,60,183,0.9016393442622951,0.055636808746137516,10.181536000543165,0.09836065573770492,-0.8104837261474864,-148.31852188499002
200,0.2,1.01,500,120,173,0.8959537572254336,0.006781558212474034,1.173209570758008,0.10404624277456648,-0.7974411669667071,-137.95732188524033
200,0.2,1.01,500,240,51,0.8823529411764706,-0.06734771677694457,-3.434733555624173,0.11764705882352941,-0.7829489387597808,-39.93039587674882
200,0.2,1.01,500,270,44,0.9090909090909091,-0.03795886842191851,-1.6701902105644142,0.09090909090909091,-0.9662408181362712,-42.51459599799593
200,0.2,1.01,1000,60,35,0.8,-0.06449694192679539,-2.2573929674378386,0.2,-0.6193710781260745,-21.677987734412607
200,0.2,1.02,100,60,87,0.6206896551724138,-0.15406222522036978,-13.403413594172171,0.3793103448275862,0.1552790192497643,13.509274674729495
200,0.2,1.02,100,120,87,0.6206896551724138,-0.15406222522036978,-13.403413594172171,0.3793103448275862,0.1552790192497643,13.509274674729495
200,0.2,1.02,100,240,68,0.5441176470588235,-0.32010243247456566,-21.766965408270465,0.45588235294117646,0.3533480164133054,24.027665116104767
200,0.2,1.02,100,270,64,0.53125,-0.3283832548338361,-21.016528309365512,0.46875,0.41012757993750704,26.24816511600045
200,0.3,1.005,100,60,679,0.7452135493372607,0.11218875724837092,76.17616617164386,0.2547864506627393,-0.11502126648471372,-78.09943994312061
200,0.3,1.005,100,120,554,0.7942238267148014,0.13036464304634107,72.22201224767295,0.20577617328519857,-0.13967263609336417,-77.37864039572375
200,0.3,1.005,100,240,290,0.6689655172413793,0.01919085343440747,5.565347495978166,0.3310344827586207,0.5343824540773624,154.9709116824351
200,0.3,1.005,100,270,229,0.6419213973799127,-0.04667327724896845,-10.688180490013774,0.35807860262008734,0.7852482917075214,179.82185880102242
200,0.3,1.005,500,60,231,0.8961038961038961,0.18251276692557322,42.16044915980741,0.1038961038961039,-0.7456371964356665,-172.24219237663897
200,0.3,1.005,500,120,215,0.8930232558139535,0.12781389402410184,27.479987215181897,0.10697674418604651,-0.7335139937689323,-157.70550866032045
200,0.3,1.005,500,240,91,0.8901098901098901,0.2596845358468085,23.631292762059577,0.10989010989010989,-0.6616797981557976,-60.21286163217758
200,0.3,1.005,500,270,84,0.9047619047619048,0.30233138222761113,25.395836107119337,0.09523809523809523,-0.7475840684931511,-62.797061753424686
200,0.3,1.005,1000,60,40,0.775,0.047010824695818035,1.8804329878327213,0.225,-0.4167736751617067,-16.670947006468268
200,0.3,1.005,1000,120,31,0.7096774193548387,-0.27986802863735843,-8.675908887758112,0.2903225806451613,-0.23771764509537818,-7.369246997956724
200,0.3,1.01,100,60,334,0.6736526946107785,-0.14247863952653106,-47.587865601861374,0.3263473053892216,-0.06297293372016183,-21.03295986253405
200,0.3,1.01,100,120,265,0.8075471698113208,0.008806154440276688,2.3336309266733224,0.19245283018867926,-0.28757299634669026,-76.20684403187292
200,0.3,1.01,100,240,113,0.672566371681416,-0.19653566670207206,-22.208530337334143,0.3274336283185841,0.4346214074034569,49.11221903659063
200,0.3,1.01,100,270,99,0.6565656565656566,-0.20846481838215053,-20.6380170198329,0.3434343434343434,0.5336321951853964,52.82958732335425
200,0.3,1.01,500,60,183,0.9016393442622951,0.055636808746137516,10.181536000543165,0.09836065573770492,-0.8104837261474864,-148.31852188499002
200,0.3,1.01,500,120,173,0.8959537572254336,0.006781558212474034,1.173209570758008,0.10404624277456648,-0.7974411669667071,-137.95732188524033
200,0.3,1.01,500,240,51,0.8823529411764706,-0.06734771677694457,-3.434733555624173,0.11764705882352941,-0.7829489387597808,-39.93039587674882
200,0.3,1.01,500,270,44,0.9090909090909091,-0.03795886842191851,-1.6701902105644142,0.09090909090909091,-0.9662408181362712,-42.51459599799593
200,0.3,1.01,1000,60,35,0.8,-0.06449694192679539,-2.2573929674378386,0.2,-0.6193710781260745,-21.677987734412607
200,0.3,1.02,100,60,69,0.6956521739130435,-0.04096425008009754,-2.8265332555267304,0.30434782608695654,0.23285252757963262,16.06682440299465
200,0.3,1.02,100,120,69,0.6956521739130435,-0.04096425008009754,-2.8265332555267304,0.30434782608695654,0.23285252757963262,16.06682440299465
200,0.3,1.02,100,240,50,0.62,-0.2238017013925004,-11.19008506962502,0.38,0.5317042968873983,26.585214844369915
200,0.3,1.02,100,270,47,0.5957446808510638,-0.24406697808267241,-11.471147969885603,0.40425531914893614,0.6334194647716087,29.77071484426561
200,0.5,1.005,100,60,460,0.7673913043478261,-0.004304072211987978,-1.97987321751447,0.2326086956521739,0.011214075499790132,5.15847472990346
200,0.5,1.005,100,120,440,0.7613636363636364,-0.03665379594892097,-16.12767021752523,0.23863636363636365,0.047721853505890525,20.99761554259183
200,0.5,1.005,100,240,195,0.517948717948718,-0.38965523543487834,-75.98277090980127,0.48205128205128206,1.279364140587397,249.47600741454244
200,0.5,1.005,100,270,168,0.5178571428571429,-0.3874615753375151,-65.09354465670253,0.48214285714285715,1.434614473218012,241.01523150062602
200,0.5,1.005,500,60,181,0.8839779005524862,0.019012394514017095,3.441243407037094,0.11602209944751381,-0.7086110011969451,-128.25859121664706
200,0.5,1.005,500,120,171,0.8830409356725146,-0.009062598535578382,-1.5497043495839034,0.11695906432748537,-0.7011228508698425,-119.89200749874307
200,0.5,1.005,500,240,50,0.8,-0.1695499759640023,-8.477498798200115,0.2,-0.35279923310417627,-17.639961655208815
200,0.5,1.005,500,270,43,0.813953488372093,-0.1561152430962874,-6.712955453140358,0.18604651162790697,-0.47032934363851,-20.22416177645593
200,0.5,1.005,1000,60,34,0.7352941176470589,-0.09955852494134573,-3.384989848005755,0.2647058823529412,-0.30608961775385546,-10.407047003631085
200,0.5,1.01,100,60,248,0.8145161290322581,-0.016328130637516453,-4.04937639810408,0.18548387096774194,-0.28115036364994017,-69.72529018518516
200,0.5,1.01,100,120,240,0.8125,-0.0344198721282383,-8.260769310777192,0.1875,-0.2677955545231702,-64.27093308556086
200,0.5,1.01,100,240,102,0.6470588235294118,-0.2660574035174236,-27.137855158777207,0.35294117647058826,0.5718440367929754,58.32809175288348
200,0.5,1.01,100,270,88,0.625,-0.2905379754690449,-25.56734184127595,0.375,0.7050620459050809,62.04546003964712
200,0.5,1.01,500,60,170,0.9117647058823529,0.044828992084373326,7.620928654343466,0.08823529411764706,-0.8389665923841455,-142.62432070530474
200,0.5,1.01,500,120,164,0.9085365853658537,0.019970809364548786,3.275212735786001,0.09146341463414634,-0.8316665896359631,-136.39332070029795
200,0.5,1.01,500,240,45,0.8666666666666667,-0.09804067524644594,-4.411830386090068,0.13333333333333333,-0.7468221305870008,-33.606995876415034
200,0.5,1.01,500,270,38,0.8947368421052632,-0.06966544844816604,-2.6472870410303093,0.10526315789473684,-0.9523998946753197,-36.19119599766215
200,0.5,1.01,1000,60,31,0.7741935483870968,-0.0805132944032094,-2.4959121264994915,0.22580645161290322,-0.563031862427325,-17.453987735247072
200,0.5,1.02,100,60,62,0.6774193548387096,-0.09755334442771471,-6.048307354518312,0.3225806451612903,0.34020963091318107,21.092997116617227
200,0.5,1.02,100,120,62,0.6774193548387096,-0.09755334442771471,-6.048307354518312,0.3225806451612903,0.34020963091318107,21.092997116617227
200,0.5,1.02,100,240,43,0.5813953488372093,-0.33515951554922335,-14.411859168616605,0.4186046511627907,0.7351485478602906,31.611387557992494
200,0.5,1.02,100,270,40,0.55,-0.3673230517219296,-14.692922068877184,0.45,0.8699221889472046,34.79688755788818
200,0.7,1.005,100,60,322,0.8664596273291926,0.01733329466419142,5.581320881869637,0.13354037267080746,-0.43000280762709064,-138.46090405592318
200,0.7,1.005,100,120,319,0.8683385579937304,0.019184361517437784,6.119811324062653,0.13166144200626959,-0.4305834493506555,-137.3561203428591
200,0.7,1.005,100,240,127,0.6929133858267716,-0.23396888240253502,-29.714048065121947,0.30708661417322836,0.43104806288159625,54.743103985962726
200,0.7,1.005,100,270,115,0.6782608695652174,-0.24623876066641698,-28.31745747663795,0.3217391304347826,0.5049238163081701,58.06623887543956
200,0.7,1.005,500,60,163,0.9263803680981595,0.0423216090985785,6.898422283068296,0.0736196319018405,-0.7855498198882296,-128.04462064178142
200,0.7,1.005,500,120,160,0.93125,0.04648070453288318,7.436912725261308,0.06875,-0.7933739808044833,-126.93983692871733
200,0.7,1.005,500,240,47,0.8297872340425532,-0.13724107211215886,-6.450330389271466,0.1702127659574468,-0.385942821424399,-18.139312606946753
200,0.7,1.005,500,270,41,0.8292682926829268,-0.139685049864928,-5.727087044462047,0.17073170731707318,-0.4898742957581866,-20.08484612608565
200,0.7,1.01,100,60,210,0.9,0.05417305894999993,11.376342379499985,0.1,-0.6984923832783273,-146.68340048844874
200,0.7,1.01,100,120,210,0.9,0.05417305894999993,11.376342379499985,0.1,-0.6984923832783273,-146.68340048844874
200,0.7,1.01,100,240,78,0.7692307692307693,-0.17565312129688118,-13.700943461156733,0.23076923076923078,-0.23166892502713765,-18.070176152116737
200,0.7,1.01,100,270,67,0.7611940298507462,-0.18275706093891533,-12.244723082907328,0.23880597014925373,-0.23600210839729924,-15.812141262619049
200,0.7,1.01,500,60,157,0.9490445859872612,0.06698543139294935,10.516712728693047,0.050955414012738856,-0.9111222089190688,-143.0461868002938
200,0.7,1.01,500,120,157,0.9490445859872612,0.06698543139294935,10.516712728693047,0.050955414012738856,-0.9111222089190688,-143.0461868002938
200,0.7,1.01,500,240,44,0.8863636363636364,-0.07660296331453928,-3.370530385839728,0.11363636363636363,-0.7783105108755284,-34.24566247852325
200,0.7,1.01,500,270,38,0.8947368421052632,-0.06966544844816604,-2.6472870410303093,0.10526315789473684,-0.9523998946753197,-36.19119599766215
200,0.7,1.02,100,60,53,0.7358490566037735,-0.016320539168974326,-0.8649885759556393,0.2641509433962264,0.07457162051718255,3.952295887410675
200,0.7,1.02,100,120,53,0.7358490566037735,-0.016320539168974326,-0.8649885759556393,0.2641509433962264,0.07457162051718255,3.952295887410675
200,0.7,1.02,100,240,35,0.6285714285714286,-0.2933640111491664,-10.267740390220823,0.37142857142857144,0.4294882265076509,15.032087927767781
200,0.7,1.02,100,270,32,0.59375,-0.32965010282754387,-10.548803290481404,0.40625,0.5692996227394835,18.217587927663473
