sid,fire_us,pnl,won,vwap,slug
poly_sniper_v5_eth_5m_ema200_vwap_regimerang_xa3_v7,1779894600000000,1.6333333333333333,0,0.75,eth-updown-5m-1779894300
poly_sniper_v5_eth_5m_ema200_vwap_regimerang_xa3_v7,1779895200000000,3.5482758620689663,0,0.58,eth-updown-5m-1779894900
poly_sniper_v5_eth_5m_ema200_vwap_regimerang_xa3_v7,1779898800000000,1.3820512820512816,1,0.78,eth-updown-5m-1779898500
poly_sniper_v5_eth_5m_ema200_vwap_regimerang_xa3_v7,1779904200000000,1.5473684210526313,1,0.76,eth-updown-5m-1779903900
poly_sniper_v5_eth_5m_ema200_vwap_regimerang_xa3_v7,1779904500000000,1.9055555555555557,1,0.72,eth-updown-5m-1779904200
poly_sniper_v5_eth_5m_ema200_vwap_regimerang_xa3_v7,1779905100000000,-5.0,0,0.48131704058779606,eth-updown-5m-1779904800
poly_sniper_v5_eth_5m_ema200_vwap_regimerang_xa3_v7,1779905400000000,3.8499999999999988,1,0.56,eth-updown-5m-1779905100
poly_sniper_v5_eth_5m_ema200_vwap_regimerang_xa3_v7,1779905700000000,5.988888888888889,1,0.45,eth-updown-5m-1779905400
poly_sniper_v5_eth_5m_ema200_vwap_regimerang_xa3_v7,1779906900000000,2.413432835820895,1,0.67,eth-updown-5m-1779906600
poly_sniper_v5_eth_5m_ema200_vwap_regimerang_xa3_v7,1779907800000000,-5.0,0,0.57,eth-updown-5m-1779907500
poly_sniper_v5_eth_5m_ema200_vwap_regimerang_xa3_v7,1779909600000000,1.9055555555555557,1,0.72,eth-updown-5m-1779909300
poly_sniper_v5_eth_5m_ema200_vwap_regimerang_xa3_v7,1779909900000000,-5.0,0,0.4799999999999999,eth-updown-5m-1779909600
poly_sniper_v5_eth_5m_ema200_vwap_regimerang_xa3_v7,1779910200000000,-5.0,0,0.3440209164717215,eth-updown-5m-1779909900
poly_sniper_v5_eth_5m_ema200_vwap_regimerang_xa3_v7,1779910500000000,2.413432835820895,1,0.67,eth-updown-5m-1779910200
poly_sniper_v5_eth_5m_ema200_vwap_regimerang_xa3_v7,1779911100000000,1.7216216216216216,1,0.74,eth-updown-5m-1779910800
poly_sniper_v5_eth_5m_ema200_vwap_regimerang_xa3_v7,1779916500000000,6.448400000000002,1,0.43177892918825556,eth-updown-5m-1779916200
poly_sniper_v5_eth_5m_ema200_vwap_regimerang_xa3_v7,1779916800000000,1.7216216216216216,1,0.74,eth-updown-5m-1779916500
poly_sniper_v5_eth_5m_ema200_vwap_regimerang_xa3_v7,1779920700000000,-5.0,0,0.67,eth-updown-5m-1779920400
poly_sniper_v5_eth_5m_ema200_vwap_regimerang_xa3_v7,1779923100000000,-5.0,0,0.59,eth-updown-5m-1779922800
poly_sniper_v5_eth_5m_ema200_vwap_regimerang_xa3_v7,1779926400000000,1.5473684210526313,1,0.76,eth-updown-5m-1779926100
poly_sniper_v5_eth_5m_ema200_vwap_regimerang_xa3_v7,1779926700000000,1.809027027027027,1,0.7303592577970786,eth-updown-5m-1779926400
poly_sniper_v5_eth_5m_ema200_vwap_regimerang_xa3_v7,1779928800000000,-5.0,0,0.4799999999999999,eth-updown-5m-1779928500
poly_sniper_v5_eth_5m_ema200_vwap_regimerang_xa3_v7,1779930000000000,-5.0,0,0.76,eth-updown-5m-1779929700
poly_sniper_v5_eth_5m_ema200_vwap_regimerang_xa3_v7,1779931200000000,1.5473684210526313,1,0.76,eth-updown-5m-1779930900
poly_sniper_v5_eth_5m_ema200_vwap_regimerang_xa3_v7,1779932400000000,-5.0,0,0.59,eth-updown-5m-1779932100
poly_sniper_v5_eth_5m_ema200_vwap_regimerang_xa3_v7,1779934200000000,2.2014492753623194,1,0.69,eth-updown-5m-1779933900
poly_sniper_v5_eth_5m_ema200_vwap_regimerang_xa3_v7,1779935700000000,-5.0,0,0.76,eth-updown-5m-1779935400
poly_sniper_v5_eth_5m_ema200_vwap_regimerang_xa3_v7,1779936000000000,4.707843137254903,1,0.51,eth-updown-5m-1779935700
poly_sniper_v5_eth_5m_ema200_vwap_regimerang_xa3_v7,1779938100000000,2.1000000000000005,1,0.7,eth-updown-5m-1779937800
poly_sniper_v5_eth_5m_ema200_vwap_regimerang_xa3_v7,1779941700000000,1.3820512820512816,1,0.78,eth-updown-5m-1779941400
poly_sniper_v5_eth_5m_ema200_vwap_regimerang_xa3_v7,1779952800000000,2.0014084507042256,1,0.71,eth-updown-5m-1779952500
poly_sniper_v5_eth_5m_ema200_vwap_regimerang_xa3_v7,1779958800000000,2.638461538461538,1,0.65,eth-updown-5m-1779958500
poly_sniper_v5_eth_5m_ema200_vwap_regimerang_xa3_v7,1779959700000000,-5.0,0,0.8,eth-updown-5m-1779959400
poly_sniper_v5_eth_5m_ema200_vwap_regimerang_xa3_v7,1779963600000000,-5.0,0,0.65,eth-updown-5m-1779963300
poly_sniper_v5_eth_5m_ema200_vwap_regimerang_xa3_v7,1779963900000000,9.100000000000001,1,0.35,eth-updown-5m-1779963600
poly_sniper_v5_eth_5m_ema200_vwap_regimerang_xa3_v7,1779964200000000,3.696491228070176,1,0.57,eth-updown-5m-1779963900
poly_sniper_v5_eth_5m_ema200_vwap_regimerang_xa3_v7,1779964800000000,2.8777777777777778,1,0.63,eth-updown-5m-1779964500
poly_sniper_v5_eth_5m_ema200_vwap_regimerang_xa3_v7,1779965100000000,12.599999999999996,1,0.28,eth-updown-5m-1779964800
poly_sniper_v5_eth_5m_ema200_vwap_regimerang_xa3_v7,1779966000000000,-5.0,0,0.56,eth-updown-5m-1779965700
poly_sniper_v5_eth_5m_ema200_vwap_regimerang_xa3_v7,1779968100000000,-5.0,0,0.62,eth-updown-5m-1779967800
poly_sniper_v5_eth_5m_ema200_vwap_regimerang_xa3_v7,1779968400000000,-5.0,0,0.6722689075630253,eth-updown-5m-1779968100
poly_sniper_v5_eth_5m_ema200_vwap_regimerang_xa3_v7,1779968700000000,-5.0,0,0.56,eth-updown-5m-1779968400
poly_sniper_v5_eth_5m_ema200_vwap_regimerang_xa3_v7,1779970200000000,-5.0,0,0.56,eth-updown-5m-1779969900
poly_sniper_v5_eth_5m_ema200_vwap_regimerang_xa3_v7,1779970800000000,4.523076923076923,1,0.52,eth-updown-5m-1779970500
poly_sniper_v5_eth_5m_ema200_vwap_regimerang_xa3_v7,1779973200000000,2.413432835820895,1,0.67,eth-updown-5m-1779972900
poly_sniper_v5_eth_5m_ema50_hurst_parent15mrang_v7,1779974100000000,4.707843137254903,1,0.51,eth-updown-5m-1779973800
poly_sniper_v5_eth_5m_ema50_hurst_parent15mrang_v7_vL,1779974100000000,4.707843137254903,1,0.51,eth-updown-5m-1779973800
poly_sniper_v5_eth_5m_ema200_vwap_regimerang_xa3_v7,1779975600000000,1.9055555555555557,1,0.72,eth-updown-5m-1779975300
poly_sniper_v5_eth_5m_ema50_hurst_parent15mrang_v7,1779975600000000,-5.0,0,0.55,eth-updown-5m-1779975300
poly_sniper_v5_eth_5m_ema50_hurst_parent15mrang_v7_vL,1779975600000000,-5.0,0,0.55,eth-updown-5m-1779975300
poly_sniper_v5_eth_5m_ema50_hurst_parent15mrang_v7_vL,1779976500000000,0.2578947368421055,1,0.95,eth-updown-5m-1779976200
poly_sniper_v5_eth_5m_ema50_hurst_parent15mrang_v7,1779976500000000,0.2578947368421055,1,0.95,eth-updown-5m-1779976200
poly_sniper_v5_eth_5m_ema200_vwap_regimerang_xa3_v7,1779977100000000,5.411673076923077,1,0.4751896189344786,eth-updown-5m-1779976800
poly_sniper_v5_eth_5m_ema50_hurst_parent15mrang_v7,1779977100000000,-5.0,0,0.59,eth-updown-5m-1779976800
poly_sniper_v5_eth_5m_ema50_hurst_parent15mrang_v7_vL,1779977100000000,-5.0,0,0.59,eth-updown-5m-1779976800
poly_sniper_v5_eth_5m_ema50_hurst_parent15mrang_v7_vL,1779977400000000,-5.0,0,0.93,eth-updown-5m-1779977100
poly_sniper_v5_eth_5m_ema50_hurst_parent15mrang_v7_vL,1779977700000000,-5.0,0,0.9199999999999999,eth-updown-5m-1779977400
poly_sniper_v5_eth_5m_ema50_hurst_parent15mrang_v7,1779977700000000,-5.0,0,0.9199999999999999,eth-updown-5m-1779977400
poly_sniper_v5_eth_5m_ema50_hurst_parent15mrang_v7_vL,1779978300000000,0.9333333333333335,1,0.84,eth-updown-5m-1779978000
poly_sniper_v5_eth_5m_ema50_hurst_parent15mrang_v7,1779978300000000,0.9333333333333335,1,0.84,eth-updown-5m-1779978000
poly_sniper_v5_eth_5m_ema50_hurst_parent15mrang_v7,1779979200000000,2.0856056338028175,1,0.7014424026872159,eth-updown-5m-1779978900
poly_sniper_v5_eth_5m_ema50_hurst_parent15mrang_v7_vL,1779979200000000,2.0856056338028175,1,0.7014424026872159,eth-updown-5m-1779978900
poly_sniper_v5_eth_5m_ema200_vwap_regimerang_xa3_v7,1779979200000000,-5.0,0,0.5841584158415842,eth-updown-5m-1779978900
poly_sniper_v5_eth_5m_ema50_hurst_parent15mrang_v7,1779979800000000,3.266666666666667,1,0.6,eth-updown-5m-1779979500
poly_sniper_v5_eth_5m_ema50_hurst_parent15mrang_v7_vL,1779979800000000,3.266666666666667,1,0.6,eth-updown-5m-1779979500
poly_sniper_v5_eth_5m_ema200_vwap_regimerang_xa3_v7,1779980100000000,1.6333333333333333,1,0.75,eth-updown-5m-1779979800
poly_sniper_v5_eth_5m_ema200_vwap_regimerang_xa3_v7,1779982500000000,1.30253164556962,1,0.79,eth-updown-5m-1779982200
poly_sniper_v5_eth_5m_ema200_vwap_regimerang_xa3_v7,1779984600000000,-5.0,0,0.5623520126282557,eth-updown-5m-1779984300
poly_sniper_v5_eth_5m_ema200_vwap_regimerang_xa3_v7,1779985200000000,-5.0,0,0.65,eth-updown-5m-1779984900
poly_sniper_v5_eth_5m_ema200_vwap_regimerang_xa3_v7,1779991800000000,-5.0,0,0.56,eth-updown-5m-1779991500
poly_sniper_v5_eth_5m_ema200_vwap_regimerang_xa3_v7,1779992100000000,-5.0,0,0.51,eth-updown-5m-1779991800
poly_sniper_v5_eth_5m_ema200_vwap_regimerang_xa3_v7,1779992400000000,-5.0,0,0.77,eth-updown-5m-1779992100
poly_sniper_v5_eth_5m_ema200_vwap_regimerang_xa3_v7,1779992700000000,2.8777777777777778,1,0.63,eth-updown-5m-1779992400
poly_sniper_v5_eth_5m_ema200_vwap_regimerang_xa3_v7,1779993000000000,-5.0,0,0.57,eth-updown-5m-1779992700
poly_sniper_v5_eth_5m_ema200_vwap_regimerang_xa3_v7,1779994500000000,1.4636363636363636,1,0.77,eth-updown-5m-1779994200
poly_sniper_v5_eth_5m_ema200_vwap_regimerang_xa3_v7,1779998100000000,-5.0,0,0.52,eth-updown-5m-1779997800
poly_sniper_v5_eth_5m_ema200_vwap_regimerang_xa3_v7,1780003500000000,2.5242424242424235,1,0.66,eth-updown-5m-1780003200
poly_sniper_v5_eth_5m_ema200_vwap_regimerang_xa3_v7,1780003800000000,-5.0,0,0.53,eth-updown-5m-1780003500
poly_sniper_v5_eth_5m_ema200_vwap_regimerang_xa3_v7,1780008300000000,2.6865,1,0.64,eth-updown-5m-1780008000
poly_sniper_v5_eth_5m_ema200_vwap_regimerang_xa3_v7,1780009800000000,2.3471865671641785,1,0.67,eth-updown-5m-1780009500
poly_sniper_v5_eth_5m_ema200_vwap_regimerang_xa3_v7,1780010100000000,-5.0,0,0.43000000000000005,eth-updown-5m-1780009800
poly_sniper_v5_eth_5m_ema200_vwap_regimerang_xa3_v7,1780010400000000,-5.0,0,0.65,eth-updown-5m-1780010100
poly_sniper_v5_eth_5m_ema200_vwap_regimerang_xa3_v7,1780010700000000,1.6168321893930357,1,0.745615779218197,eth-updown-5m-1780010400
poly_sniper_v5_eth_5m_ema200_vwap_regimerang_xa3_v7,1780014300000000,-5.0,0,0.77,eth-updown-5m-1780014000
poly_sniper_v5_eth_5m_ema200_vwap_regimerang_xa3_v7,1780016400000000,-5.0,0,0.56,eth-updown-5m-1780016100
poly_sniper_v5_eth_5m_ema200_vwap_regimerang_xa3_v7,1780017600000000,-5.0,0,0.32,eth-updown-5m-1780017300
poly_sniper_v5_eth_5m_ema200_vwap_regimerang_xa3_v7,1780018500000000,1.8464444444444446,1,0.72,eth-updown-5m-1780018200
poly_sniper_v5_eth_5m_ema200_vwap_regimerang_xa3_v7,1780018800000000,-5.0,0,0.51,eth-updown-5m-1780018500
poly_sniper_v5_eth_5m_ema200_vwap_regimerang_xa3_v7,1780019100000000,-5.0,0,0.51,eth-updown-5m-1780018800
poly_sniper_v5_eth_5m_ema200_vwap_regimerang_xa3_v7,1780020600000000,2.456757575757575,1,0.66,eth-updown-5m-1780020300
poly_sniper_v5_eth_5m_ema200_vwap_regimerang_xa3_v7,1780020900000000,-4.999999999999999,0,0.61,eth-updown-5m-1780020600
poly_sniper_v5_eth_5m_ema200_vwap_regimerang_xa3_v7,1780023300000000,-4.999999999999999,0,0.5531191971869939,eth-updown-5m-1780023000
poly_sniper_v5_eth_5m_ema50_hurst_parent15mrang_v7_vL,1780026300000000,1.1063395061728392,1,0.81,eth-updown-5m-1780026000
poly_sniper_v5_eth_5m_ema50_hurst_parent15mrang_v7,1780026300000000,1.1063395061728392,1,0.81,eth-updown-5m-1780026000
poly_sniper_v5_eth_5m_ema200_vwap_regimerang_xa3_v7,1780026600000000,2.569807692307692,1,0.65,eth-updown-5m-1780026300
poly_sniper_v5_eth_5m_ema200_vwap_regimerang_xa3_v7,1780026900000000,-5.0,0,0.3952569169960474,eth-updown-5m-1780026600
poly_sniper_v5_eth_5m_ema50_hurst_parent15mrang_v7,1780027200000000,-5.0,0,0.71,eth-updown-5m-1780026900
poly_sniper_v5_eth_5m_ema50_hurst_parent15mrang_v7_vL,1780027200000000,-5.0,0,0.71,eth-updown-5m-1780026900
poly_sniper_v5_eth_5m_ema50_hurst_parent15mrang_v7,1780027500000000,0.8298529411764708,1,0.85,eth-updown-5m-1780027200
poly_sniper_v5_eth_5m_ema50_hurst_parent15mrang_v7_vL,1780027500000000,0.8298529411764708,1,0.85,eth-updown-5m-1780027200
poly_sniper_v5_eth_5m_ema200_vwap_regimerang_xa3_v7,1780027800000000,1.33325641025641,1,0.78,eth-updown-5m-1780027500
poly_sniper_v5_eth_5m_ema50_hurst_parent15mrang_v7,1780027800000000,1.6657567567567568,1,0.74,eth-updown-5m-1780027500
poly_sniper_v5_eth_5m_ema50_hurst_parent15mrang_v7_vL,1780027800000000,1.6657567567567568,1,0.74,eth-updown-5m-1780027500
poly_sniper_v5_eth_5m_ema50_hurst_parent15mrang_v7_vL,1780028100000000,-5.0,0,0.57,eth-updown-5m-1780027800
poly_sniper_v5_eth_5m_ema50_hurst_parent15mrang_v7,1780028100000000,-5.0,0,0.57,eth-updown-5m-1780027800
poly_sniper_v5_eth_5m_ema200_vwap_regimerang_xa3_v7,1780029900000000,2.931516129032258,1,0.62,eth-updown-5m-1780029600
poly_sniper_v5_eth_5m_ema50_hurst_parent15mrang_v7_vL,1780030500000000,2.569807692307692,1,0.65,eth-updown-5m-1780030200
poly_sniper_v5_eth_5m_ema50_hurst_parent15mrang_v7,1780030500000000,2.569807692307692,1,0.65,eth-updown-5m-1780030200
poly_sniper_v5_eth_5m_ema200_vwap_regimerang_xa3_v7,1780031400000000,-5.0,0,0.68,eth-updown-5m-1780031100
poly_sniper_v5_eth_5m_ema50_hurst_parent15mrang_v7_vL,1780031400000000,2.6865,1,0.64,eth-updown-5m-1780031100
poly_sniper_v5_eth_5m_ema50_hurst_parent15mrang_v7,1780031400000000,2.6865,1,0.64,eth-updown-5m-1780031100
poly_sniper_v5_eth_5m_ema200_vwap_regimerang_xa3_v7,1780032000000000,3.193333333333334,1,0.6,eth-updown-5m-1780031700
poly_sniper_v5_eth_5m_ema50_hurst_parent15mrang_v7_vL,1780032000000000,-5.0,0,0.59,eth-updown-5m-1780031700
poly_sniper_v5_eth_5m_ema50_hurst_parent15mrang_v7,1780032000000000,-5.0,0,0.59,eth-updown-5m-1780031700
poly_sniper_v5_eth_5m_ema50_hurst_parent15mrang_v7,1780032300000000,0.6398181818181817,1,0.88,eth-updown-5m-1780032000
poly_sniper_v5_eth_5m_ema50_hurst_parent15mrang_v7_vL,1780032300000000,0.6398181818181817,1,0.88,eth-updown-5m-1780032000
poly_sniper_v5_eth_5m_ema200_vwap_regimerang_xa3_v7,1780032600000000,3.0602213114754098,1,0.61,eth-updown-5m-1780032300
poly_sniper_v5_eth_5m_ema50_hurst_parent15mrang_v7,1780032600000000,5.025581632653061,1,0.49,eth-updown-5m-1780032300
poly_sniper_v5_eth_5m_ema50_hurst_parent15mrang_v7_vL,1780032600000000,5.025581632653061,1,0.49,eth-updown-5m-1780032300
poly_sniper_v5_eth_5m_ema50_hurst_parent15mrang_v7_vL,1780032900000000,2.2409411764705878,1,0.68,eth-updown-5m-1780032600
poly_sniper_v5_eth_5m_ema50_hurst_parent15mrang_v7,1780032900000000,2.2409411764705878,1,0.68,eth-updown-5m-1780032600
poly_sniper_v5_eth_5m_ema200_vwap_regimerang_xa3_v7,1780033200000000,-5.0,0,0.74,eth-updown-5m-1780032900
poly_sniper_v5_eth_5m_ema50_hurst_parent15mrang_v7_vL,1780033200000000,-5.0,0,0.4784498225748575,eth-updown-5m-1780032900
poly_sniper_v5_eth_5m_ema50_hurst_parent15mrang_v7,1780033200000000,-5.0,0,0.4784498225748575,eth-updown-5m-1780032900
poly_sniper_v5_eth_5m_ema50_hurst_parent15mrang_v7_vL,1780033500000000,1.5791666666666668,1,0.75,eth-updown-5m-1780033200
poly_sniper_v5_eth_5m_ema50_hurst_parent15mrang_v7,1780033800000000,1.1799999999999997,1,0.8,eth-updown-5m-1780033500
poly_sniper_v5_eth_5m_ema50_hurst_parent15mrang_v7_vL,1780033800000000,1.1799999999999997,1,0.8,eth-updown-5m-1780033500
poly_sniper_v5_eth_5m_ema200_vwap_regimerang_xa3_v7,1780034100000000,-5.0,0,0.29,eth-updown-5m-1780033800
poly_sniper_v5_eth_5m_ema50_hurst_parent15mrang_v7,1780034100000000,1.940753521126761,1,0.71,eth-updown-5m-1780033800
poly_sniper_v5_eth_5m_ema50_hurst_parent15mrang_v7_vL,1780034100000000,1.940753521126761,1,0.71,eth-updown-5m-1780033800
poly_sniper_v5_eth_5m_ema50_hurst_parent15mrang_v7,1780034400000000,-5.0,0,0.77,eth-updown-5m-1780034100
poly_sniper_v5_eth_5m_ema200_vwap_regimerang_xa3_v7,1780034400000000,-5.0,0,0.77,eth-updown-5m-1780034100
poly_sniper_v5_eth_5m_ema50_hurst_parent15mrang_v7_vL,1780034400000000,-5.0,0,0.77,eth-updown-5m-1780034100
poly_sniper_v5_eth_5m_ema50_hurst_parent15mrang_v7_vL,1780035000000000,-5.0,0,0.6,eth-updown-5m-1780034700
poly_sniper_v5_eth_5m_ema50_hurst_parent15mrang_v7,1780035000000000,-5.0,0,0.6,eth-updown-5m-1780034700
poly_sniper_v5_eth_5m_ema50_hurst_parent15mrang_v7,1780035600000000,-5.0,0,0.43000000000000005,eth-updown-5m-1780035300
poly_sniper_v5_eth_5m_ema50_hurst_parent15mrang_v7_vL,1780035600000000,-5.0,0,0.43000000000000005,eth-updown-5m-1780035300
poly_sniper_v5_eth_5m_ema200_vwap_regimerang_xa3_v7,1780038000000000,-5.0,0,0.45,eth-updown-5m-1780037700
poly_sniper_v5_eth_5m_ema50_hurst_parent15mrang_v7,1780041300000000,-5.0,0,0.72,eth-updown-5m-1780041000
poly_sniper_v5_eth_5m_ema50_hurst_parent15mrang_v7_vL,1780041300000000,-5.0,0,0.72,eth-updown-5m-1780041000
poly_sniper_v5_eth_5m_ema50_hurst_parent15mrang_v7,1780041600000000,-5.0,0,0.47771651505802265,eth-updown-5m-1780041300
poly_sniper_v5_eth_5m_ema50_hurst_parent15mrang_v7_vL,1780041600000000,-5.0,0,0.47771651505802265,eth-updown-5m-1780041300
poly_sniper_v5_eth_5m_ema50_hurst_parent15mrang_v7,1780041900000000,0.3518440860215051,1,0.93,eth-updown-5m-1780041600
poly_sniper_v5_eth_5m_ema50_hurst_parent15mrang_v7_vL,1780041900000000,0.3518440860215051,1,0.93,eth-updown-5m-1780041600
poly_sniper_v5_eth_5m_k_hurst_ts_cci_tod_euus_v8,1780042800000000,0.7649534883720924,1,0.8600000000000001,eth-updown-5m-1780042500
poly_sniper_v5_eth_5m_k_hurst_ts_cci_tod_euus_v8_vL,1780042800000000,0.7649534883720924,1,0.8600000000000001,eth-updown-5m-1780042500
poly_sniper_v5_eth_5m_ema50_hurst_parent15mrang_v7_vL,1780042800000000,-5.0,0,0.66,eth-updown-5m-1780042500
poly_sniper_v5_eth_5m_ema50_hurst_parent15mrang_v7_vL,1780043100000000,-5.0,0,0.36,eth-updown-5m-1780042800
poly_sniper_v5_eth_5m_ema50_hurst_parent15mrang_v7,1780043100000000,-5.0,0,0.36,eth-updown-5m-1780042800
poly_sniper_v5_eth_5m_ema50_hurst_parent15mrang_v7_vL,1780043400000000,-5.0,0,0.67,eth-updown-5m-1780043100
poly_sniper_v5_eth_5m_ema50_hurst_parent15mrang_v7_vL,1780043700000000,-5.0,0,0.49,eth-updown-5m-1780043400
poly_sniper_v5_eth_5m_ema50_hurst_parent15mrang_v7,1780043700000000,-5.0,0,0.49,eth-updown-5m-1780043400
poly_sniper_v5_eth_5m_ema50_hurst_parent15mrang_v7,1780044000000000,-5.0,0,0.3823529411764706,eth-updown-5m-1780043700
poly_sniper_v5_eth_5m_ema50_hurst_parent15mrang_v7_vL,1780044000000000,-5.0,0,0.3823529411764706,eth-updown-5m-1780043700
poly_sniper_v5_eth_5m_ema200_vwap_regimerang_xa3_v7,1780044300000000,-5.0,0,0.67,eth-updown-5m-1780044000
poly_sniper_v5_eth_5m_ema50_hurst_parent15mrang_v7_vL,1780044600000000,2.3471865671641785,1,0.67,eth-updown-5m-1780044300
poly_sniper_v5_eth_5m_ema50_hurst_parent15mrang_v7,1780044600000000,2.3471865671641785,1,0.67,eth-updown-5m-1780044300
poly_sniper_v5_eth_5m_ema50_hurst_parent15mrang_v7_vL,1780044900000000,7.940894736842105,1,0.38,eth-updown-5m-1780044600
poly_sniper_v5_eth_5m_ema50_hurst_parent15mrang_v7,1780044900000000,7.940894736842105,1,0.38,eth-updown-5m-1780044600
poly_sniper_v5_eth_5m_ema50_hurst_parent15mrang_v7,1780045200000000,1.4130064935064934,1,0.77,eth-updown-5m-1780044900
poly_sniper_v5_eth_5m_ema50_hurst_parent15mrang_v7_vL,1780045200000000,1.4130064935064934,1,0.77,eth-updown-5m-1780044900
poly_sniper_v5_eth_5m_ema50_hurst_parent15mrang_v7,1780045500000000,2.569807692307692,1,0.65,eth-updown-5m-1780045200
poly_sniper_v5_eth_5m_ema50_hurst_parent15mrang_v7_vL,1780045500000000,2.569807692307692,1,0.65,eth-updown-5m-1780045200
poly_sniper_v5_eth_5m_ema50_hurst_parent15mrang_v7,1780045800000000,3.7745714285714276,1,0.56,eth-updown-5m-1780045500
poly_sniper_v5_eth_5m_ema200_vwap_regimerang_xa3_v7,1780045800000000,3.41410836556901,1,0.5841352817710189,eth-updown-5m-1780045500
poly_sniper_v5_eth_5m_ema50_hurst_parent15mrang_v7_vL,1780045800000000,3.7745714285714276,1,0.56,eth-updown-5m-1780045500
poly_sniper_v5_eth_5m_k_hurst_ts_cci_tod_euus_v8_vL,1780046100000000,0.24565789473684235,1,0.95,eth-updown-5m-1780045800
poly_sniper_v5_eth_5m_ema50_hurst_parent15mrang_v7_vL,1780046100000000,0.7649534883720924,1,0.8600000000000001,eth-updown-5m-1780045800
poly_sniper_v5_eth_5m_ema50_hurst_parent15mrang_v7,1780046100000000,0.7649534883720924,1,0.8600000000000001,eth-updown-5m-1780045800
poly_sniper_v5_eth_5m_k_hurst_ts_cci_tod_euus_v8,1780046100000000,0.24565789473684235,1,0.95,eth-updown-5m-1780045800
poly_sniper_v5_eth_5m_k_hurst_ts_cci_tod_euus_v8,1780046400000000,0.4640407083418484,1,0.9098180363927214,eth-updown-5m-1780046100
poly_sniper_v5_eth_5m_ema50_hurst_parent15mrang_v7_vL,1780046400000000,3.0602213114754098,1,0.61,eth-updown-5m-1780046100
poly_sniper_v5_eth_5m_ema50_hurst_parent15mrang_v7,1780046400000000,3.0602213114754098,1,0.61,eth-updown-5m-1780046100
poly_sniper_v5_eth_5m_k_hurst_ts_cci_tod_euus_v8_vL,1780046400000000,0.4640407083418484,1,0.9098180363927214,eth-updown-5m-1780046100
poly_sniper_v5_eth_5m_ema200_vwap_regimerang_xa3_v7,1780046700000000,1.6657567567567568,1,0.74,eth-updown-5m-1780046400
poly_sniper_v5_eth_5m_ema50_hurst_parent15mrang_v7,1780047000000000,5.045647480549105,1,0.4890219560878244,eth-updown-5m-1780046700
poly_sniper_v5_eth_5m_ema50_hurst_parent15mrang_v7_vL,1780047000000000,5.045647480549105,1,0.4890219560878244,eth-updown-5m-1780046700
poly_sniper_v5_eth_5m_ema50_hurst_parent15mrang_v7_vL,1780047300000000,1.7548150684931507,1,0.73,eth-updown-5m-1780047000
poly_sniper_v5_eth_5m_ema50_hurst_parent15mrang_v7,1780047300000000,1.7548150684931507,1,0.73,eth-updown-5m-1780047000
poly_sniper_v5_eth_5m_ema200_vwap_regimerang_xa3_v7,1780047600000000,-5.0,0,0.4799216454456415,eth-updown-5m-1780047300
poly_sniper_v5_eth_5m_ema50_hurst_parent15mrang_v7_vL,1780047600000000,1.3380436362201584,1,0.779392074182138,eth-updown-5m-1780047300
poly_sniper_v5_eth_5m_ema50_hurst_parent15mrang_v7_vL,1780047900000000,2.2409411764705878,1,0.68,eth-updown-5m-1780047600
poly_sniper_v5_eth_5m_ema200_vwap_regimerang_xa3_v7,1780048200000000,2.3471865671641785,1,0.67,eth-updown-5m-1780047900
poly_sniper_v5_eth_5m_ema50_hurst_parent15mrang_v7,1780048500000000,4.098259259259258,1,0.54,eth-updown-5m-1780048200
poly_sniper_v5_eth_5m_ema50_hurst_parent15mrang_v7_vL,1780048500000000,4.098259259259258,1,0.54,eth-updown-5m-1780048200
poly_sniper_v5_eth_5m_ema200_vwap_regimerang_xa3_v7,1780048800000000,-5.0,0,0.69,eth-updown-5m-1780048500
poly_sniper_v5_eth_5m_ema50_hurst_parent15mrang_v7_vL,1780049100000000,3.3448018458849833,1,0.589022223109638,eth-updown-5m-1780048800
poly_sniper_v5_eth_5m_ema50_hurst_parent15mrang_v7,1780049100000000,3.3448018458849833,1,0.589022223109638,eth-updown-5m-1780048800
poly_sniper_v5_eth_5m_ema50_hurst_parent15mrang_v7_vL,1780049400000000,-5.0,0,0.8548367858136853,eth-updown-5m-1780049100
poly_sniper_v5_eth_5m_ema50_hurst_parent15mrang_v7,1780049400000000,-5.0,0,0.8548367858136853,eth-updown-5m-1780049100
poly_sniper_v5_eth_5m_ema50_hurst_parent15mrang_v7_vL,1780049700000000,-5.0,0,0.38,eth-updown-5m-1780049400
poly_sniper_v5_eth_5m_ema50_hurst_parent15mrang_v7_vL,1780050000000000,-5.0,0,0.49,eth-updown-5m-1780049700
poly_sniper_v5_eth_5m_ema50_hurst_parent15mrang_v7,1780050000000000,-5.0,0,0.49,eth-updown-5m-1780049700
poly_sniper_v5_eth_5m_ema200_vwap_regimerang_xa3_v7,1780050300000000,-5.0,0,0.53,eth-updown-5m-1780050000
poly_sniper_v5_eth_5m_ema50_hurst_parent15mrang_v7,1780050300000000,2.3471865671641785,1,0.67,eth-updown-5m-1780050000
poly_sniper_v5_eth_5m_ema50_hurst_parent15mrang_v7_vL,1780050300000000,2.3471865671641785,1,0.67,eth-updown-5m-1780050000
poly_sniper_v5_eth_5m_ema50_hurst_parent15mrang_v7_vL,1780050600000000,-5.0,0,0.51,eth-updown-5m-1780050300
poly_sniper_v5_eth_5m_ema50_hurst_parent15mrang_v7,1780050600000000,-5.0,0,0.51,eth-updown-5m-1780050300
poly_sniper_v5_eth_5m_ema50_hurst_parent15mrang_v7_vL,1780050900000000,0.7016264367816085,1,0.8700000000000001,eth-updown-5m-1780050600
poly_sniper_v5_eth_5m_ema50_hurst_parent15mrang_v7_vL,1780051200000000,0.5205555555555553,1,0.9,eth-updown-5m-1780050900
poly_sniper_v5_eth_5m_ema50_hurst_parent15mrang_v7_vL,1780051500000000,0.8298529411764708,1,0.85,eth-updown-5m-1780051200
poly_sniper_v5_eth_5m_ema50_hurst_parent15mrang_v7,1780051500000000,0.8298529411764708,1,0.85,eth-updown-5m-1780051200
poly_sniper_v5_eth_5m_ema50_hurst_parent15mrang_v7,1780051800000000,3.621429824561404,1,0.57,eth-updown-5m-1780051500
poly_sniper_v5_eth_5m_ema50_hurst_parent15mrang_v7_vL,1780051800000000,3.621429824561404,1,0.57,eth-updown-5m-1780051500
poly_sniper_v5_eth_5m_ema50_hurst_parent15mrang_v7,1780052100000000,4.598930972428945,1,0.5117808003464362,eth-updown-5m-1780051800
poly_sniper_v5_eth_5m_ema50_hurst_parent15mrang_v7_vL,1780052100000000,4.598930972428945,1,0.5117808003464362,eth-updown-5m-1780051800
poly_sniper_v5_eth_5m_ema50_hurst_parent15mrang_v7_vL,1780052400000000,-5.0,0,0.7,eth-updown-5m-1780052100
poly_sniper_v5_eth_5m_ema50_hurst_parent15mrang_v7,1780052400000000,-5.0,0,0.7,eth-updown-5m-1780052100
poly_sniper_v5_eth_5m_ema50_hurst_parent15mrang_v7_vL,1780052700000000,7.29,1,0.4,eth-updown-5m-1780052400
poly_sniper_v5_eth_5m_ema50_hurst_parent15mrang_v7,1780052700000000,7.29,1,0.4,eth-updown-5m-1780052400
poly_sniper_v5_eth_5m_ema50_hurst_parent15mrang_v7,1780053000000000,-5.0,0,0.85,eth-updown-5m-1780052700
poly_sniper_v5_eth_5m_ema50_hurst_parent15mrang_v7_vL,1780053000000000,-5.0,0,0.85,eth-updown-5m-1780052700
poly_sniper_v5_eth_5m_ema50_hurst_parent15mrang_v7_vL,1780053300000000,3.0602213114754098,1,0.61,eth-updown-5m-1780053000
poly_sniper_v5_eth_5m_ema50_hurst_parent15mrang_v7_vL,1780053600000000,2.330769166646334,1,0.6715253500819657,eth-updown-5m-1780053300
poly_sniper_v5_eth_5m_ema50_hurst_parent15mrang_v7,1780053600000000,2.330769166646334,1,0.6715253500819657,eth-updown-5m-1780053300
poly_sniper_v5_eth_5m_ema50_hurst_parent15mrang_v7_vL,1780053900000000,-5.0,0,0.62,eth-updown-5m-1780053600
poly_sniper_v5_eth_5m_ema50_hurst_parent15mrang_v7,1780053900000000,-5.0,0,0.62,eth-updown-5m-1780053600
poly_sniper_v5_eth_5m_ema50_hurst_parent15mrang_v7_vL,1780054200000000,1.940753521126761,1,0.71,eth-updown-5m-1780053900
poly_sniper_v5_eth_5m_ema50_hurst_parent15mrang_v7,1780054200000000,1.940753521126761,1,0.71,eth-updown-5m-1780053900
poly_sniper_v5_eth_5m_ema50_hurst_parent15mrang_v7_vL,1780054500000000,-5.0,0,0.85,eth-updown-5m-1780054200
poly_sniper_v5_eth_5m_ema50_hurst_parent15mrang_v7,1780054500000000,-5.0,0,0.85,eth-updown-5m-1780054200
poly_sniper_v5_eth_5m_ema50_hurst_parent15mrang_v7_vL,1780055100000000,-5.0,0,0.45999999999999996,eth-updown-5m-1780054800
poly_sniper_v5_eth_5m_ema50_hurst_parent15mrang_v7,1780055100000000,-5.0,0,0.45999999999999996,eth-updown-5m-1780054800
poly_sniper_v5_eth_5m_ema200_vwap_regimerang_xa3_v7,1780055400000000,-5.0,0,0.75,eth-updown-5m-1780055100
poly_sniper_v5_eth_5m_ema50_hurst_parent15mrang_v7,1780055400000000,-5.0,0,0.76,eth-updown-5m-1780055100
poly_sniper_v5_eth_5m_ema50_hurst_parent15mrang_v7_vL,1780055400000000,-5.0,0,0.76,eth-updown-5m-1780055100
poly_sniper_v5_eth_5m_ema50_hurst_parent15mrang_v7_vL,1780055700000000,-5.0,0,0.73,eth-updown-5m-1780055400
poly_sniper_v5_eth_5m_ema50_hurst_parent15mrang_v7,1780055700000000,-5.0,0,0.73,eth-updown-5m-1780055400
poly_sniper_v5_eth_5m_ema50_hurst_parent15mrang_v7_vL,1780056000000000,1.1799999999999997,1,0.8,eth-updown-5m-1780055700
poly_sniper_v5_eth_5m_ema50_hurst_parent15mrang_v7,1780056900000000,-5.0,0,0.69,eth-updown-5m-1780056600
poly_sniper_v5_eth_5m_ema50_hurst_parent15mrang_v7_vL,1780056900000000,-5.0,0,0.69,eth-updown-5m-1780056600
poly_sniper_v5_eth_5m_ema200_vwap_regimerang_xa3_v7,1780062300000000,9.91701515151515,1,0.33,eth-updown-5m-1780062000
poly_sniper_v5_eth_5m_ema200_vwap_regimerang_xa3_v7,1780062600000000,2.3471865671641785,1,0.67,eth-updown-5m-1780062300
poly_sniper_v5_eth_5m_ema200_vwap_regimerang_xa3_v7,1780064400000000,2.456757575757575,1,0.66,eth-updown-5m-1780064100
poly_sniper_v5_eth_5m_bb_mp_hurst_band_v6_vL,1780070100000000,1.4130064935064934,1,0.77,eth-updown-5m-1780069800
poly_sniper_v5_eth_5m_bb_mp_hurst_band_v6,1780070100000000,1.4130064935064934,1,0.77,eth-updown-5m-1780069800
poly_sniper_v5_eth_5m_l_ema50_hurst_grandparent_v8,1780070100000000,1.4130064935064934,1,0.77,eth-updown-5m-1780069800
poly_sniper_v5_eth_5m_cloud_vwap_hurstmp_v7_vL,1780070100000000,1.4130064935064934,1,0.77,eth-updown-5m-1780069800
poly_sniper_v5_eth_5m_cloud_vwap_hurstmp_v7,1780070100000000,1.4130064935064934,1,0.77,eth-updown-5m-1780069800
poly_sniper_v5_eth_5m_k_hurst_ts_cci_tod_euus_v8_vL,1780070400000000,0.5205555555555553,1,0.9,eth-updown-5m-1780070100
poly_sniper_v5_eth_5m_cloud_mp_sms_active_off120,1780070400000000,0.5205555555555553,1,0.9,eth-updown-5m-1780070100
poly_sniper_v5_eth_5m_tr200_mp_sms_active_off120,1780070400000000,0.5205555555555553,1,0.9,eth-updown-5m-1780070100
poly_sniper_v5_eth_5m_k_hurst_ts_cci_tod_euus_v8,1780070400000000,0.5205555555555553,1,0.9,eth-updown-5m-1780070100
poly_sniper_v5_eth_5m_v5repl_off120_v6,1780070400000000,0.5205555555555553,1,0.9,eth-updown-5m-1780070100
poly_sniper_v5_eth_5m_l_ema50_hurst_grandparent_v8,1780070700000000,-5.0,0,0.5,eth-updown-5m-1780070400
poly_sniper_v5_eth_5m_lq_ema50_hurst_grandparent_prev15m_v8,1780071000000000,5.918611111111112,1,0.45,eth-updown-5m-1780070700
poly_sniper_v5_eth_5m_l_ema50_hurst_grandparent_v8,1780071000000000,5.918611111111112,1,0.45,eth-updown-5m-1780070700
poly_sniper_v5_eth_5m_k_hurst_ts_cci_tod_euus_v8,1780071000000000,-5.0,0,0.49,eth-updown-5m-1780070700
poly_sniper_v5_eth_5m_lq_ema50_hurst_grandparent_prev15m_v8_vL,1780071000000000,5.918611111111112,1,0.45,eth-updown-5m-1780070700
poly_sniper_v5_eth_5m_k_hurst_ts_cci_tod_euus_v8_vL,1780071000000000,-5.0,0,0.49,eth-updown-5m-1780070700
poly_sniper_v5_eth_5m_cloud_ribbon_mp_hurst_v6,1780071300000000,1.1799999999999997,1,0.8,eth-updown-5m-1780071000
poly_sniper_v5_eth_5m_bb_mp_hurst_band_v6_vL,1780071300000000,1.1799999999999997,1,0.8,eth-updown-5m-1780071000
poly_sniper_v5_eth_5m_bb_mp_hurst_band_v6,1780071300000000,1.1799999999999997,1,0.8,eth-updown-5m-1780071000
poly_sniper_v5_eth_5m_cloud_vwap_hurstmp_v7,1780071300000000,1.1799999999999997,1,0.8,eth-updown-5m-1780071000
poly_sniper_v5_eth_5m_cloud_vwap_hurstmp_v7_vL,1780071300000000,1.1799999999999997,1,0.8,eth-updown-5m-1780071000
poly_sniper_v5_eth_5m_cloud_ribbon_mp_hurst_v6_vL,1780071300000000,1.1799999999999997,1,0.8,eth-updown-5m-1780071000
poly_sniper_v5_eth_5m_l_ema50_hurst_grandparent_v8,1780071300000000,1.1799999999999997,1,0.8,eth-updown-5m-1780071000
poly_sniper_v5_eth_5m_cloud_ribbon_mp_hurst_v6,1780071600000000,2.6865,1,0.64,eth-updown-5m-1780071300
poly_sniper_v5_eth_5m_cloud_vwap_hurstmp_v7,1780071600000000,2.6865,1,0.64,eth-updown-5m-1780071300
poly_sniper_v5_eth_5m_cloud_ribbon_mp_hurst_v6_vL,1780071600000000,2.6865,1,0.64,eth-updown-5m-1780071300
poly_sniper_v5_eth_5m_bb_mp_hurst_band_v6,1780071600000000,2.6865,1,0.64,eth-updown-5m-1780071300
poly_sniper_v5_eth_5m_cloud_vwap_hurstmp_v7_vL,1780071600000000,2.6865,1,0.64,eth-updown-5m-1780071300
poly_sniper_v5_eth_5m_bb_mp_hurst_band_v6_vL,1780071600000000,2.6865,1,0.64,eth-updown-5m-1780071300
poly_sniper_v5_eth_5m_lq_ema50_hurst_grandparent_prev15m_v8,1780071900000000,-5.0,0,0.53,eth-updown-5m-1780071600
poly_sniper_v5_eth_5m_l_ema50_hurst_grandparent_v8,1780071900000000,-5.0,0,0.53,eth-updown-5m-1780071600
poly_sniper_v5_eth_5m_cloud_mp_sms_active_off120,1780071900000000,-5.0,0,0.57,eth-updown-5m-1780071600
poly_sniper_v5_eth_5m_lq_ema50_hurst_grandparent_prev15m_v8_vL,1780071900000000,-5.0,0,0.53,eth-updown-5m-1780071600
poly_sniper_v5_eth_5m_cloud_ribbon_mp_hurst_v6_vL,1780072200000000,-5.0,0,0.66,eth-updown-5m-1780071900
poly_sniper_v5_eth_5m_cloud_vwap_hurstmp_v7,1780072200000000,-5.0,0,0.66,eth-updown-5m-1780071900
poly_sniper_v5_eth_5m_bb_mp_hurst_band_v6_vL,1780072200000000,-5.0,0,0.66,eth-updown-5m-1780071900
poly_sniper_v5_eth_5m_bb_mp_hurst_band_v6,1780072200000000,-5.0,0,0.66,eth-updown-5m-1780071900
poly_sniper_v5_eth_5m_cloud_vwap_hurstmp_v7_vL,1780072200000000,-5.0,0,0.66,eth-updown-5m-1780071900
poly_sniper_v5_eth_5m_cloud_ribbon_mp_hurst_v6,1780072200000000,-5.0,0,0.66,eth-updown-5m-1780071900
poly_sniper_v5_eth_5m_l_ema50_hurst_grandparent_v8,1780072500000000,2.0378571428571433,1,0.7,eth-updown-5m-1780072200
poly_sniper_v5_eth_5m_bb_mp_hurst_band_v6,1780072500000000,2.0378571428571433,1,0.7,eth-updown-5m-1780072200
poly_sniper_v5_eth_5m_bb_mp_hurst_band_v6_vL,1780072500000000,2.0378571428571433,1,0.7,eth-updown-5m-1780072200
poly_sniper_v5_eth_5m_l_ema50_hurst_grandparent_v8,1780073100000000,2.6865,1,0.64,eth-updown-5m-1780072800
poly_sniper_v5_eth_5m_bb_mp_hurst_band_v6_vL,1780073100000000,2.6865,1,0.64,eth-updown-5m-1780072800
poly_sniper_v5_eth_5m_cloud_ribbon_mp_hurst_v6_vL,1780073100000000,2.6865,1,0.64,eth-updown-5m-1780072800
poly_sniper_v5_eth_5m_bb_mp_hurst_band_v6,1780073100000000,2.6865,1,0.64,eth-updown-5m-1780072800
poly_sniper_v5_eth_5m_cloud_vwap_hurstmp_v7_vL,1780073100000000,2.6865,1,0.64,eth-updown-5m-1780072800
poly_sniper_v5_eth_5m_cloud_vwap_hurstmp_v7,1780073100000000,2.6865,1,0.64,eth-updown-5m-1780072800
poly_sniper_v5_eth_5m_cloud_ribbon_mp_hurst_v6,1780073100000000,2.6865,1,0.64,eth-updown-5m-1780072800
poly_sniper_v5_eth_5m_k_hurst_ts_cci_tod_euus_v8_vL,1780073400000000,-5.0,0,0.3529411764705882,eth-updown-5m-1780073100
poly_sniper_v5_eth_5m_k_hurst_ts_cci_tod_euus_v8,1780073400000000,-5.0,0,0.3529411764705882,eth-updown-5m-1780073100
poly_sniper_v5_eth_5m_cloud_ribbon_mp_hurst_v6_vL,1780073400000000,0.7649534883720924,1,0.8600000000000001,eth-updown-5m-1780073100
poly_sniper_v5_eth_5m_ema50_hurst_parent15mrang_v7_vL,1780073700000000,-5.0,0,0.76,eth-updown-5m-1780073400
poly_sniper_v5_eth_5m_ema50_hurst_parent15mrang_v7,1780073700000000,-5.0,0,0.76,eth-updown-5m-1780073400
poly_sniper_v5_eth_5m_bb_mp_hurst_band_v6_vL,1780073700000000,-5.0,0,0.76,eth-updown-5m-1780073400
poly_sniper_v5_eth_5m_bb_mp_hurst_band_v6,1780073700000000,-5.0,0,0.76,eth-updown-5m-1780073400
poly_sniper_v5_eth_5m_ema50_hurst_parent15mrang_v7,1780074300000000,4.447384615384615,1,0.52,eth-updown-5m-1780074000
poly_sniper_v5_eth_5m_k_hurst_ts_cci_tod_euus_v8,1780074300000000,-5.0,0,0.630653711988333,eth-updown-5m-1780074000
poly_sniper_v5_eth_5m_ema50_hurst_parent15mrang_v7_vL,1780074300000000,4.447384615384615,1,0.52,eth-updown-5m-1780074000
poly_sniper_v5_eth_5m_bb_mp_hurst_band_v6_vL,1780074300000000,4.447384615384615,1,0.52,eth-updown-5m-1780074000
poly_sniper_v5_eth_5m_bb_mp_hurst_band_v6,1780074300000000,4.447384615384615,1,0.52,eth-updown-5m-1780074000
poly_sniper_v5_eth_5m_k_hurst_ts_cci_tod_euus_v8_vL,1780074300000000,-5.0,0,0.630653711988333,eth-updown-5m-1780074000
poly_sniper_v5_eth_5m_l_ema50_hurst_grandparent_v8,1780074600000000,3.3310762711864412,1,0.59,eth-updown-5m-1780074300
poly_sniper_v5_eth_5m_bb_mp_hurst_band_v6_vL,1780074600000000,3.3310762711864412,1,0.59,eth-updown-5m-1780074300
poly_sniper_v5_eth_5m_cloud_vwap_hurstmp_v7,1780074600000000,3.3310762711864412,1,0.59,eth-updown-5m-1780074300
poly_sniper_v5_eth_5m_lq_ema50_hurst_grandparent_prev15m_v8_vL,1780074600000000,3.3310762711864412,1,0.59,eth-updown-5m-1780074300
poly_sniper_v5_eth_5m_lq_ema50_hurst_grandparent_prev15m_v8,1780074600000000,3.3310762711864412,1,0.59,eth-updown-5m-1780074300
poly_sniper_v5_eth_5m_bb_mp_hurst_band_v6,1780074600000000,3.3310762711864412,1,0.59,eth-updown-5m-1780074300
poly_sniper_v5_eth_5m_cloud_vwap_hurstmp_v7_vL,1780074600000000,3.3310762711864412,1,0.59,eth-updown-5m-1780074300
poly_sniper_v5_eth_5m_l_ema50_hurst_grandparent_v8,1780074900000000,2.2409411764705878,1,0.68,eth-updown-5m-1780074600
poly_sniper_v5_eth_5m_bb_mp_hurst_band_v6,1780074900000000,2.2409411764705878,1,0.68,eth-updown-5m-1780074600
poly_sniper_v5_eth_5m_k_hurst_ts_cci_tod_euus_v8,1780074900000000,-5.0,0,0.4,eth-updown-5m-1780074600
poly_sniper_v5_eth_5m_k_hurst_ts_cci_tod_euus_v8_vL,1780074900000000,-5.0,0,0.4,eth-updown-5m-1780074600
poly_sniper_v5_eth_5m_bb_mp_hurst_band_v6_vL,1780074900000000,2.2409411764705878,1,0.68,eth-updown-5m-1780074600
poly_sniper_v5_eth_5m_v5repl_off120_v6,1780075200000000,0.8993233899324728,1,0.8395634270179507,eth-updown-5m-1780074900
poly_sniper_v5_eth_5m_cloud_mp_sms_active_off120,1780075200000000,0.8993233899324728,1,0.8395634270179507,eth-updown-5m-1780074900
poly_sniper_v5_eth_5m_tr200_mp_sms_active_off120,1780075200000000,0.8993233899324728,1,0.8395634270179507,eth-updown-5m-1780074900
poly_sniper_v5_eth_5m_ema50_hurst_parent15mrang_v7_vL,1780075500000000,1.940753521126761,1,0.71,eth-updown-5m-1780075200
poly_sniper_v5_eth_5m_bb_mp_hurst_band_v6_vL,1780075500000000,1.940753521126761,1,0.71,eth-updown-5m-1780075200
poly_sniper_v5_eth_5m_lq_ema50_hurst_grandparent_prev15m_v8,1780075500000000,1.940753521126761,1,0.71,eth-updown-5m-1780075200
poly_sniper_v5_eth_5m_cloud_ribbon_mp_hurst_v6,1780075500000000,1.940753521126761,1,0.71,eth-updown-5m-1780075200
poly_sniper_v5_eth_5m_v6c3_parent15mrang_v7_vL,1780075500000000,1.940753521126761,1,0.71,eth-updown-5m-1780075200
poly_sniper_v5_eth_5m_bb_mp_hurst_band_v6,1780075500000000,1.940753521126761,1,0.71,eth-updown-5m-1780075200
poly_sniper_v5_eth_5m_lq_ema50_hurst_grandparent_prev15m_v8_vL,1780075500000000,1.940753521126761,1,0.71,eth-updown-5m-1780075200
poly_sniper_v5_eth_5m_cloud_vwap_hurstmp_v7,1780075500000000,1.940753521126761,1,0.71,eth-updown-5m-1780075200
poly_sniper_v5_eth_5m_ema50_hurst_parent15mrang_v7,1780075500000000,1.940753521126761,1,0.71,eth-updown-5m-1780075200
poly_sniper_v5_eth_5m_cloud_vwap_hurstmp_v7_vL,1780075500000000,1.940753521126761,1,0.71,eth-updown-5m-1780075200
poly_sniper_v5_eth_5m_cloud_ribbon_mp_hurst_v6_vL,1780075500000000,1.940753521126761,1,0.71,eth-updown-5m-1780075200
poly_sniper_v5_eth_5m_v6c3_parent15mrang_v7,1780075500000000,1.940753521126761,1,0.71,eth-updown-5m-1780075200
poly_sniper_v5_eth_5m_l_ema50_hurst_grandparent_v8,1780075500000000,1.940753521126761,1,0.71,eth-updown-5m-1780075200
poly_sniper_v5_eth_5m_ema50_hurst_parent15mrang_v7,1780075800000000,1.1063395061728392,1,0.81,eth-updown-5m-1780075500
poly_sniper_v5_eth_5m_v6c3_parent15mrang_v7,1780075800000000,1.1063395061728392,1,0.81,eth-updown-5m-1780075500
poly_sniper_v5_eth_5m_ema50_hurst_parent15mrang_v7_vL,1780075800000000,1.1063395061728392,1,0.81,eth-updown-5m-1780075500
poly_sniper_v5_eth_5m_v6c3_parent15mrang_v7_vL,1780075800000000,1.1063395061728392,1,0.81,eth-updown-5m-1780075500
poly_sniper_v5_eth_5m_cloud_ribbon_mp_hurst_v6,1780075800000000,1.1063395061728392,1,0.81,eth-updown-5m-1780075500
poly_sniper_v5_eth_5m_cloud_ribbon_mp_hurst_v6_vL,1780075800000000,1.1063395061728392,1,0.81,eth-updown-5m-1780075500
poly_sniper_v5_eth_5m_l_ema50_hurst_grandparent_v8,1780076100000000,3.93340909090909,1,0.55,eth-updown-5m-1780075800
poly_sniper_v5_eth_5m_ema50_hurst_parent15mrang_v7,1780076100000000,3.93340909090909,1,0.55,eth-updown-5m-1780075800
poly_sniper_v5_eth_5m_k_hurst_ts_cci_tod_euus_v8_vL,1780076100000000,-5.0,0,0.43000000000000005,eth-updown-5m-1780075800
poly_sniper_v5_eth_5m_k_hurst_ts_cci_tod_euus_v8,1780076100000000,-5.0,0,0.43000000000000005,eth-updown-5m-1780075800
poly_sniper_v5_eth_5m_ema50_hurst_parent15mrang_v7_vL,1780076100000000,3.93340909090909,1,0.55,eth-updown-5m-1780075800
poly_sniper_v5_eth_5m_k_hurst_ts_cci_tod_euus_v8_vL,1780076400000000,11.421666666666665,1,0.3,eth-updown-5m-1780076100
poly_sniper_v5_eth_5m_k_hurst_ts_cci_tod_euus_v8,1780076400000000,11.421666666666665,1,0.3,eth-updown-5m-1780076100
poly_sniper_v5_eth_5m_cloud_vwap_hurstmp_v7,1780076700000000,1.8464444444444446,1,0.72,eth-updown-5m-1780076400
poly_sniper_v5_eth_5m_ema50_hurst_parent15mrang_v7_vL,1780076700000000,1.8464444444444446,1,0.72,eth-updown-5m-1780076400
poly_sniper_v5_eth_5m_ema50_hurst_parent15mrang_v7,1780076700000000,1.8464444444444446,1,0.72,eth-updown-5m-1780076400
poly_sniper_v5_eth_5m_cloud_ribbon_mp_hurst_v6,1780076700000000,1.8464444444444446,1,0.72,eth-updown-5m-1780076400
poly_sniper_v5_eth_5m_bb_mp_hurst_band_v6,1780076700000000,1.8464444444444446,1,0.72,eth-updown-5m-1780076400
poly_sniper_v5_eth_5m_cloud_vwap_hurstmp_v7_vL,1780076700000000,1.8464444444444446,1,0.72,eth-updown-5m-1780076400
poly_sniper_v5_eth_5m_bb_mp_hurst_band_v6_vL,1780076700000000,1.8464444444444446,1,0.72,eth-updown-5m-1780076400
poly_sniper_v5_eth_5m_v6c3_parent15mrang_v7,1780076700000000,1.8464444444444446,1,0.72,eth-updown-5m-1780076400
poly_sniper_v5_eth_5m_k_hurst_ts_cci_tod_euus_v8,1780076700000000,-5.0,0,0.31,eth-updown-5m-1780076400
poly_sniper_v5_eth_5m_k_hurst_ts_cci_tod_euus_v8_vL,1780076700000000,-5.0,0,0.31,eth-updown-5m-1780076400
poly_sniper_v5_eth_5m_v6c3_parent15mrang_v7_vL,1780076700000000,1.8464444444444446,1,0.72,eth-updown-5m-1780076400
poly_sniper_v5_eth_5m_cloud_ribbon_mp_hurst_v6_vL,1780076700000000,1.8464444444444446,1,0.72,eth-updown-5m-1780076400
poly_sniper_v5_eth_5m_v6c3_parent15mrang_v7_vL,1780077000000000,1.1799999999999997,1,0.8,eth-updown-5m-1780076700
poly_sniper_v5_eth_5m_ema50_hurst_parent15mrang_v7_vL,1780077000000000,1.1799999999999997,1,0.8,eth-updown-5m-1780076700
poly_sniper_v5_eth_5m_k_hurst_ts_cci_tod_euus_v8,1780077000000000,0.9645963855421689,1,0.83,eth-updown-5m-1780076700
poly_sniper_v5_eth_5m_cloud_ribbon_mp_hurst_v6_vL,1780077000000000,1.1799999999999997,1,0.8,eth-updown-5m-1780076700
poly_sniper_v5_eth_5m_k_hurst_ts_cci_tod_euus_v8_vL,1780077000000000,0.9645963855421689,1,0.83,eth-updown-5m-1780076700
poly_sniper_v5_eth_5m_cloud_ribbon_mp_hurst_v6_vL,1780077600000000,-5.0,0,0.76,eth-updown-5m-1780077300
poly_sniper_v5_eth_5m_ema50_hurst_parent15mrang_v7,1780077600000000,-5.0,0,0.76,eth-updown-5m-1780077300
poly_sniper_v5_eth_5m_bb_mp_hurst_band_v6_vL,1780077600000000,-5.0,0,0.76,eth-updown-5m-1780077300
poly_sniper_v5_eth_5m_v6c3_parent15mrang_v7_vL,1780077600000000,-5.0,0,0.76,eth-updown-5m-1780077300
poly_sniper_v5_eth_5m_v6c3_parent15mrang_v7,1780077600000000,-5.0,0,0.76,eth-updown-5m-1780077300
poly_sniper_v5_eth_5m_ema50_hurst_parent15mrang_v7_vL,1780077600000000,-5.0,0,0.76,eth-updown-5m-1780077300
poly_sniper_v5_eth_5m_cloud_vwap_hurstmp_v7_vL,1780077600000000,-5.0,0,0.76,eth-updown-5m-1780077300
poly_sniper_v5_eth_5m_cloud_vwap_hurstmp_v7,1780077600000000,-5.0,0,0.76,eth-updown-5m-1780077300
poly_sniper_v5_eth_5m_bb_mp_hurst_band_v6,1780077600000000,-5.0,0,0.76,eth-updown-5m-1780077300
poly_sniper_v5_eth_5m_k_hurst_ts_cci_tod_euus_v8_vL,1780077600000000,-5.0,0,0.69,eth-updown-5m-1780077300
poly_sniper_v5_eth_5m_k_hurst_ts_cci_tod_euus_v8,1780077600000000,-5.0,0,0.69,eth-updown-5m-1780077300
poly_sniper_v5_eth_5m_cloud_ribbon_mp_hurst_v6,1780077600000000,-5.0,0,0.76,eth-updown-5m-1780077300
poly_sniper_v5_eth_5m_cloud_ribbon_mp_hurst_v6,1780077900000000,2.0378571428571433,1,0.7,eth-updown-5m-1780077600
poly_sniper_v5_eth_5m_v6c3_parent15mrang_v7,1780077900000000,2.0378571428571433,1,0.7,eth-updown-5m-1780077600
poly_sniper_v5_eth_5m_ema50_hurst_parent15mrang_v7_vL,1780077900000000,2.0378571428571433,1,0.7,eth-updown-5m-1780077600
poly_sniper_v5_eth_5m_bb_mp_hurst_band_v6,1780077900000000,2.0378571428571433,1,0.7,eth-updown-5m-1780077600
poly_sniper_v5_eth_5m_v6c3_parent15mrang_v7_vL,1780077900000000,2.0378571428571433,1,0.7,eth-updown-5m-1780077600
poly_sniper_v5_eth_5m_k_hurst_ts_cci_tod_euus_v8,1780077900000000,1.33325641025641,1,0.78,eth-updown-5m-1780077600
poly_sniper_v5_eth_5m_cloud_vwap_hurstmp_v7,1780077900000000,2.0378571428571433,1,0.7,eth-updown-5m-1780077600
poly_sniper_v5_eth_5m_k_hurst_ts_cci_tod_euus_v8_vL,1780077900000000,1.33325641025641,1,0.78,eth-updown-5m-1780077600
poly_sniper_v5_eth_5m_ema50_hurst_parent15mrang_v7,1780077900000000,2.0378571428571433,1,0.7,eth-updown-5m-1780077600
poly_sniper_v5_eth_5m_cloud_vwap_hurstmp_v7_vL,1780077900000000,2.0378571428571433,1,0.7,eth-updown-5m-1780077600
poly_sniper_v5_eth_5m_cloud_ribbon_mp_hurst_v6_vL,1780077900000000,2.0378571428571433,1,0.7,eth-updown-5m-1780077600
poly_sniper_v5_eth_5m_bb_mp_hurst_band_v6_vL,1780077900000000,2.0378571428571433,1,0.7,eth-updown-5m-1780077600
poly_sniper_v5_eth_5m_bb_mp_hurst_band_v6_vL,1780078200000000,-5.0,0,0.64,eth-updown-5m-1780077900
poly_sniper_v5_eth_5m_cloud_vwap_hurstmp_v7_vL,1780078800000000,2.3471865671641785,1,0.67,eth-updown-5m-1780078500
poly_sniper_v5_eth_5m_k_hurst_ts_cci_tod_euus_v8_vL,1780078800000000,2.456757575757575,1,0.66,eth-updown-5m-1780078500
poly_sniper_v5_eth_5m_cloud_ribbon_mp_hurst_v6_vL,1780078800000000,2.3471865671641785,1,0.67,eth-updown-5m-1780078500
poly_sniper_v5_eth_5m_bb_mp_hurst_band_v6_vL,1780078800000000,2.3471865671641785,1,0.67,eth-updown-5m-1780078500
poly_sniper_v5_eth_5m_cloud_ribbon_mp_hurst_v6_vL,1780079100000000,3.3310762711864412,1,0.59,eth-updown-5m-1780078800
poly_sniper_v5_eth_5m_cloud_ribbon_mp_hurst_v6,1780079100000000,3.3310762711864412,1,0.59,eth-updown-5m-1780078800
poly_sniper_v5_eth_5m_bb_mp_hurst_band_v6_vL,1780079100000000,3.3310762711864412,1,0.59,eth-updown-5m-1780078800
poly_sniper_v5_eth_5m_cloud_vwap_hurstmp_v7,1780079100000000,3.3310762711864412,1,0.59,eth-updown-5m-1780078800
poly_sniper_v5_eth_5m_k_hurst_ts_cci_tod_euus_v8_vL,1780079100000000,2.931516129032258,1,0.62,eth-updown-5m-1780078800
poly_sniper_v5_eth_5m_cloud_vwap_hurstmp_v7_vL,1780079100000000,3.3310762711864412,1,0.59,eth-updown-5m-1780078800
poly_sniper_v5_eth_5m_bb_mp_hurst_band_v6,1780079100000000,3.3310762711864412,1,0.59,eth-updown-5m-1780078800
poly_sniper_v5_eth_5m_cloud_vwap_hurstmp_v7,1780079400000000,-5.0,0,0.51,eth-updown-5m-1780079100
poly_sniper_v5_eth_5m_bb_mp_hurst_band_v6_vL,1780079400000000,-5.0,0,0.51,eth-updown-5m-1780079100
poly_sniper_v5_eth_5m_cloud_ribbon_mp_hurst_v6,1780079400000000,-5.0,0,0.51,eth-updown-5m-1780079100
poly_sniper_v5_eth_5m_cloud_vwap_hurstmp_v7_vL,1780079400000000,-5.0,0,0.51,eth-updown-5m-1780079100
poly_sniper_v5_eth_5m_bb_mp_hurst_band_v6,1780079400000000,-5.0,0,0.51,eth-updown-5m-1780079100
poly_sniper_v5_eth_5m_cloud_ribbon_mp_hurst_v6_vL,1780079400000000,-5.0,0,0.51,eth-updown-5m-1780079100
poly_sniper_v5_eth_5m_cloud_vwap_hurstmp_v7_vL,1780079700000000,2.2409411764705878,1,0.68,eth-updown-5m-1780079400
poly_sniper_v5_eth_5m_bb_mp_hurst_band_v6_vL,1780079700000000,2.2409411764705878,1,0.68,eth-updown-5m-1780079400
poly_sniper_v5_eth_5m_cloud_vwap_hurstmp_v7,1780079700000000,2.2409411764705878,1,0.68,eth-updown-5m-1780079400
poly_sniper_v5_eth_5m_cloud_ribbon_mp_hurst_v6,1780079700000000,2.2409411764705878,1,0.68,eth-updown-5m-1780079400
poly_sniper_v5_eth_5m_l_ema50_hurst_grandparent_v8,1780079700000000,2.2409411764705878,1,0.68,eth-updown-5m-1780079400
poly_sniper_v5_eth_5m_cloud_ribbon_mp_hurst_v6_vL,1780079700000000,2.2409411764705878,1,0.68,eth-updown-5m-1780079400
poly_sniper_v5_eth_5m_bb_mp_hurst_band_v6,1780079700000000,2.2409411764705878,1,0.68,eth-updown-5m-1780079400
poly_sniper_v5_eth_5m_cloud_ribbon_mp_hurst_v6,1780080000000000,-5.0,0,0.7509881422924901,eth-updown-5m-1780079700
poly_sniper_v5_eth_5m_ema50_hurst_parent15mrang_v7,1780080000000000,-5.0,0,0.7509881422924901,eth-updown-5m-1780079700
poly_sniper_v5_eth_5m_v6c3_parent15mrang_v7,1780080000000000,-5.0,0,0.7509881422924901,eth-updown-5m-1780079700
poly_sniper_v5_eth_5m_cloud_vwap_hurstmp_v7,1780080000000000,-5.0,0,0.7509881422924901,eth-updown-5m-1780079700
poly_sniper_v5_eth_5m_bb_mp_hurst_band_v6,1780080000000000,-5.0,0,0.7509881422924901,eth-updown-5m-1780079700
poly_sniper_v5_eth_5m_v6c3_parent15mrang_v7_vL,1780080000000000,-5.0,0,0.7509881422924901,eth-updown-5m-1780079700
poly_sniper_v5_eth_5m_cloud_ribbon_mp_hurst_v6_vL,1780080000000000,-5.0,0,0.7509881422924901,eth-updown-5m-1780079700
poly_sniper_v5_eth_5m_k_hurst_ts_cci_tod_euus_v8,1780080000000000,-5.0,0,0.93,eth-updown-5m-1780079700
poly_sniper_v5_eth_5m_bb_mp_hurst_band_v6_vL,1780080000000000,-5.0,0,0.7509881422924901,eth-updown-5m-1780079700
poly_sniper_v5_eth_5m_k_hurst_ts_cci_tod_euus_v8_vL,1780080000000000,-5.0,0,0.93,eth-updown-5m-1780079700
poly_sniper_v5_eth_5m_cloud_vwap_hurstmp_v7_vL,1780080000000000,-5.0,0,0.7509881422924901,eth-updown-5m-1780079700
poly_sniper_v5_eth_5m_ema50_hurst_parent15mrang_v7_vL,1780080000000000,-5.0,0,0.7509881422924901,eth-updown-5m-1780079700
poly_sniper_v5_eth_5m_ema50_hurst_parent15mrang_v7,1780080300000000,-5.0,0,0.57,eth-updown-5m-1780080000
poly_sniper_v5_eth_5m_ema50_hurst_parent15mrang_v7_vL,1780080300000000,-5.0,0,0.57,eth-updown-5m-1780080000
poly_sniper_v5_eth_5m_bb_mp_hurst_band_v6,1780080300000000,-5.0,0,0.57,eth-updown-5m-1780080000
poly_sniper_v5_eth_5m_l_ema50_hurst_grandparent_v8,1780080300000000,-5.0,0,0.57,eth-updown-5m-1780080000
poly_sniper_v5_eth_5m_bb_mp_hurst_band_v6_vL,1780080300000000,-5.0,0,0.57,eth-updown-5m-1780080000
poly_sniper_v5_eth_5m_k_hurst_ts_cci_tod_euus_v8,1780080300000000,2.1378768115942033,1,0.69,eth-updown-5m-1780080000
poly_sniper_v5_eth_5m_k_hurst_ts_cci_tod_euus_v8_vL,1780080300000000,2.1378768115942033,1,0.69,eth-updown-5m-1780080000
poly_sniper_v5_eth_5m_k_hurst_ts_cci_tod_euus_v8,1780080600000000,0.047005050505050015,1,0.9900000000000001,eth-updown-5m-1780080300
poly_sniper_v5_eth_5m_ema50_hurst_parent15mrang_v7_vL,1780080600000000,0.4067826086956525,1,0.9199999999999999,eth-updown-5m-1780080300
poly_sniper_v5_eth_5m_cloud_ribbon_mp_hurst_v6,1780080600000000,0.4067826086956525,1,0.9199999999999999,eth-updown-5m-1780080300
poly_sniper_v5_eth_5m_v6c3_parent15mrang_v7,1780080600000000,0.4067826086956525,1,0.9199999999999999,eth-updown-5m-1780080300
poly_sniper_v5_eth_5m_ema50_hurst_parent15mrang_v7,1780080600000000,0.4067826086956525,1,0.9199999999999999,eth-updown-5m-1780080300
poly_sniper_v5_eth_5m_cloud_ribbon_mp_hurst_v6_vL,1780080600000000,0.4067826086956525,1,0.9199999999999999,eth-updown-5m-1780080300
poly_sniper_v5_eth_5m_v6c3_parent15mrang_v7_vL,1780080600000000,0.4067826086956525,1,0.9199999999999999,eth-updown-5m-1780080300
poly_sniper_v5_eth_5m_k_hurst_ts_cci_tod_euus_v8_vL,1780080600000000,0.047005050505050015,1,0.9900000000000001,eth-updown-5m-1780080300
poly_sniper_v5_eth_5m_k_hurst_ts_cci_tod_euus_v8,1780080900000000,0.9643233578016195,1,0.8300395256916995,eth-updown-5m-1780080600
poly_sniper_v5_eth_5m_k_hurst_ts_cci_tod_euus_v8_vL,1780080900000000,0.9643233578016195,1,0.8300395256916995,eth-updown-5m-1780080600
poly_sniper_v5_eth_5m_ema200_vwap_regimerang_xa3_v7,1780080900000000,1.4949473684210524,1,0.76,eth-updown-5m-1780080600
poly_sniper_v5_eth_5m_ema50_hurst_parent15mrang_v7,1780080900000000,4.825,1,0.5,eth-updown-5m-1780080600
poly_sniper_v5_eth_5m_ema50_hurst_parent15mrang_v7_vL,1780080900000000,4.825,1,0.5,eth-updown-5m-1780080600
poly_sniper_v5_eth_5m_cloud_ribbon_mp_hurst_v6,1780081200000000,2.8070079365079366,1,0.63,eth-updown-5m-1780080900
poly_sniper_v5_eth_5m_v6c3_parent15mrang_v7_vL,1780081200000000,2.8070079365079366,1,0.63,eth-updown-5m-1780080900
poly_sniper_v5_eth_5m_v6c3_parent15mrang_v7,1780081200000000,2.8070079365079366,1,0.63,eth-updown-5m-1780080900
poly_sniper_v5_eth_5m_cloud_ribbon_mp_hurst_v6_vL,1780081200000000,2.8070079365079366,1,0.63,eth-updown-5m-1780080900
poly_sniper_v5_eth_5m_l_ema50_hurst_grandparent_v8,1780081200000000,2.8070079365079366,1,0.63,eth-updown-5m-1780080900
poly_sniper_v5_eth_5m_cloud_vwap_hurstmp_v7_vL,1780081200000000,2.8070079365079366,1,0.63,eth-updown-5m-1780080900
poly_sniper_v5_eth_5m_k_hurst_ts_cci_tod_euus_v8_vL,1780081200000000,-5.0,0,0.4799999999999999,eth-updown-5m-1780080900
poly_sniper_v5_eth_5m_ema50_hurst_parent15mrang_v7_vL,1780081200000000,2.8070079365079366,1,0.63,eth-updown-5m-1780080900
poly_sniper_v5_eth_5m_ema50_hurst_parent15mrang_v7,1780081200000000,2.8070079365079366,1,0.63,eth-updown-5m-1780080900
poly_sniper_v5_eth_5m_k_hurst_ts_cci_tod_euus_v8,1780081200000000,-5.0,0,0.4799999999999999,eth-updown-5m-1780080900
poly_sniper_v5_eth_5m_bb_mp_hurst_band_v6,1780081200000000,2.8070079365079366,1,0.63,eth-updown-5m-1780080900
poly_sniper_v5_eth_5m_cloud_vwap_hurstmp_v7,1780081200000000,2.8070079365079366,1,0.63,eth-updown-5m-1780080900
poly_sniper_v5_eth_5m_bb_mp_hurst_band_v6_vL,1780081200000000,2.8070079365079366,1,0.63,eth-updown-5m-1780080900
poly_sniper_v5_eth_5m_ema50_hurst_parent15mrang_v7_vL,1780081500000000,-5.0,0,0.6915629322268326,eth-updown-5m-1780081200
poly_sniper_v5_eth_5m_ema50_hurst_parent15mrang_v7,1780081500000000,-5.0,0,0.6915629322268326,eth-updown-5m-1780081200
poly_sniper_v5_eth_5m_cloud_vwap_hurstmp_v7,1780081500000000,-5.0,0,0.6915629322268326,eth-updown-5m-1780081200
poly_sniper_v5_eth_5m_v6c3_parent15mrang_v7,1780081500000000,-5.0,0,0.6915629322268326,eth-updown-5m-1780081200
poly_sniper_v5_eth_5m_cloud_ribbon_mp_hurst_v6,1780081500000000,-5.0,0,0.6915629322268326,eth-updown-5m-1780081200
poly_sniper_v5_eth_5m_bb_mp_hurst_band_v6_vL,1780081500000000,-5.0,0,0.6915629322268326,eth-updown-5m-1780081200
poly_sniper_v5_eth_5m_cloud_ribbon_mp_hurst_v6_vL,1780081500000000,-5.0,0,0.6915629322268326,eth-updown-5m-1780081200
poly_sniper_v5_eth_5m_v6c3_parent15mrang_v7_vL,1780081500000000,-5.0,0,0.6915629322268326,eth-updown-5m-1780081200
poly_sniper_v5_eth_5m_bb_mp_hurst_band_v6,1780081500000000,-5.0,0,0.6915629322268326,eth-updown-5m-1780081200
poly_sniper_v5_eth_5m_cloud_vwap_hurstmp_v7_vL,1780081500000000,-5.0,0,0.6915629322268326,eth-updown-5m-1780081200
poly_sniper_v5_eth_5m_cloud_vwap_hurstmp_v7,1780081800000000,2.569807692307692,1,0.65,eth-updown-5m-1780081500
poly_sniper_v5_eth_5m_cloud_ribbon_mp_hurst_v6_vL,1780081800000000,2.569807692307692,1,0.65,eth-updown-5m-1780081500
poly_sniper_v5_eth_5m_cloud_ribbon_mp_hurst_v6,1780081800000000,2.569807692307692,1,0.65,eth-updown-5m-1780081500
poly_sniper_v5_eth_5m_bb_mp_hurst_band_v6,1780081800000000,2.569807692307692,1,0.65,eth-updown-5m-1780081500
poly_sniper_v5_eth_5m_l_ema50_hurst_grandparent_v8,1780081800000000,2.569807692307692,1,0.65,eth-updown-5m-1780081500
poly_sniper_v5_eth_5m_bb_mp_hurst_band_v6_vL,1780081800000000,2.569807692307692,1,0.65,eth-updown-5m-1780081500
poly_sniper_v5_eth_5m_cloud_vwap_hurstmp_v7_vL,1780081800000000,2.569807692307692,1,0.65,eth-updown-5m-1780081500
poly_sniper_v5_eth_5m_l_ema50_hurst_grandparent_v8,1780082400000000,-5.0,0,0.52,eth-updown-5m-1780082100
poly_sniper_v5_eth_5m_cloud_vwap_hurstmp_v7_vL,1780082400000000,-5.0,0,0.52,eth-updown-5m-1780082100
poly_sniper_v5_eth_5m_ema200_vwap_regimerang_xa3_v7,1780082400000000,5.025581632653061,1,0.49,eth-updown-5m-1780082100
poly_sniper_v5_eth_5m_cloud_vwap_hurstmp_v7,1780082400000000,-5.0,0,0.52,eth-updown-5m-1780082100
poly_sniper_v5_eth_5m_l_ema50_hurst_grandparent_v8,1780082700000000,4.269462264150942,1,0.53,eth-updown-5m-1780082400
poly_sniper_v5_eth_5m_v5repl_off120_v6,1780082700000000,2.1378768115942033,1,0.69,eth-updown-5m-1780082400
poly_sniper_v5_eth_5m_bb_mp_hurst_band_v6_vL,1780082700000000,4.269462264150942,1,0.53,eth-updown-5m-1780082400
poly_sniper_v5_eth_5m_cloud_vwap_hurstmp_v7_vL,1780082700000000,4.269462264150942,1,0.53,eth-updown-5m-1780082400
poly_sniper_v5_eth_5m_bb_mp_hurst_band_v6,1780082700000000,4.269462264150942,1,0.53,eth-updown-5m-1780082400
poly_sniper_v5_eth_5m_cloud_ribbon_mp_hurst_v6_vL,1780082700000000,4.269462264150942,1,0.53,eth-updown-5m-1780082400
poly_sniper_v5_eth_5m_cloud_mp_sms_active_off120,1780082700000000,2.1378768115942033,1,0.69,eth-updown-5m-1780082400
poly_sniper_v5_eth_5m_tr200_mp_sms_active_off120,1780082700000000,2.1378768115942033,1,0.69,eth-updown-5m-1780082400
poly_sniper_v5_eth_5m_cloud_vwap_hurstmp_v7,1780082700000000,4.269462264150942,1,0.53,eth-updown-5m-1780082400
poly_sniper_v5_eth_5m_cloud_ribbon_mp_hurst_v6,1780082700000000,4.269462264150942,1,0.53,eth-updown-5m-1780082400
poly_sniper_v5_eth_5m_bb_mp_hurst_band_v6,1780083000000000,2.931516129032258,1,0.62,eth-updown-5m-1780082700
poly_sniper_v5_eth_5m_l_ema50_hurst_grandparent_v8,1780083000000000,2.931516129032258,1,0.62,eth-updown-5m-1780082700
poly_sniper_v5_eth_5m_bb_mp_hurst_band_v6_vL,1780083000000000,2.931516129032258,1,0.62,eth-updown-5m-1780082700
poly_sniper_v5_eth_5m_l_ema50_hurst_grandparent_v8,1780083300000000,2.6865,1,0.64,eth-updown-5m-1780083000
poly_sniper_v5_eth_5m_ema50_hurst_parent15mrang_v7,1780083600000000,-5.0,0,0.23715415019762842,eth-updown-5m-1780083300
poly_sniper_v5_eth_5m_ema50_hurst_parent15mrang_v7_vL,1780083600000000,-5.0,0,0.23715415019762842,eth-updown-5m-1780083300
poly_sniper_v5_eth_5m_bb_mp_hurst_band_v6_vL,1780083900000000,-5.0,0,0.62,eth-updown-5m-1780083600
poly_sniper_v5_eth_5m_cloud_vwap_hurstmp_v7_vL,1780083900000000,-5.0,0,0.62,eth-updown-5m-1780083600
poly_sniper_v5_eth_5m_cloud_vwap_hurstmp_v7,1780083900000000,-5.0,0,0.62,eth-updown-5m-1780083600
poly_sniper_v5_eth_5m_bb_mp_hurst_band_v6,1780083900000000,-5.0,0,0.62,eth-updown-5m-1780083600
poly_sniper_v5_eth_5m_ema50_hurst_parent15mrang_v7_vL,1780083900000000,-5.0,0,0.62,eth-updown-5m-1780083600
poly_sniper_v5_eth_5m_ema200_vwap_regimerang_xa3_v7,1780083900000000,3.6313741112940554,1,0.5693395661033203,eth-updown-5m-1780083600
poly_sniper_v5_eth_5m_l_ema50_hurst_grandparent_v8,1780083900000000,-5.0,0,0.62,eth-updown-5m-1780083600
poly_sniper_v5_eth_5m_ema50_hurst_parent15mrang_v7,1780083900000000,-5.0,0,0.62,eth-updown-5m-1780083600
poly_sniper_v5_eth_5m_ema50_hurst_parent15mrang_v7_vL,1780084200000000,5.025581632653061,1,0.49,eth-updown-5m-1780083900
poly_sniper_v5_eth_5m_ema50_hurst_parent15mrang_v7,1780084200000000,5.025581632653061,1,0.49,eth-updown-5m-1780083900
poly_sniper_v5_eth_5m_bb_mp_hurst_band_v6_vL,1780084500000000,2.2409411764705878,1,0.68,eth-updown-5m-1780084200
poly_sniper_v5_eth_5m_cloud_vwap_hurstmp_v7,1780084500000000,2.2409411764705878,1,0.68,eth-updown-5m-1780084200
poly_sniper_v5_eth_5m_cloud_ribbon_mp_hurst_v6_vL,1780084500000000,2.2409411764705878,1,0.68,eth-updown-5m-1780084200
poly_sniper_v5_eth_5m_bb_mp_hurst_band_v6,1780084500000000,2.2409411764705878,1,0.68,eth-updown-5m-1780084200
poly_sniper_v5_eth_5m_cloud_ribbon_mp_hurst_v6,1780084500000000,2.2409411764705878,1,0.68,eth-updown-5m-1780084200
poly_sniper_v5_eth_5m_cloud_vwap_hurstmp_v7_vL,1780084500000000,2.2409411764705878,1,0.68,eth-updown-5m-1780084200
poly_sniper_v5_eth_5m_ema200_vwap_regimerang_xa3_v7,1780084800000000,1.2556139240506328,1,0.79,eth-updown-5m-1780084500
poly_sniper_v5_eth_5m_lq_ema50_hurst_grandparent_prev15m_v8,1780085100000000,2.1378768115942033,1,0.69,eth-updown-5m-1780084800
poly_sniper_v5_eth_5m_bb_mp_hurst_band_v6,1780085100000000,2.1378768115942033,1,0.69,eth-updown-5m-1780084800
poly_sniper_v5_eth_5m_bb_mp_hurst_band_v6_vL,1780085100000000,2.1378768115942033,1,0.69,eth-updown-5m-1780084800
poly_sniper_v5_eth_5m_lq_ema50_hurst_grandparent_prev15m_v8_vL,1780085100000000,2.1378768115942033,1,0.69,eth-updown-5m-1780084800
poly_sniper_v5_eth_5m_l_ema50_hurst_grandparent_v8,1780085100000000,2.1378768115942033,1,0.69,eth-updown-5m-1780084800
poly_sniper_v5_eth_5m_cloud_ribbon_mp_hurst_v6,1780085400000000,1.4130064935064934,1,0.77,eth-updown-5m-1780085100
poly_sniper_v5_eth_5m_bb_mp_hurst_band_v6_vL,1780085400000000,1.4130064935064934,1,0.77,eth-updown-5m-1780085100
poly_sniper_v5_eth_5m_lq_ema50_hurst_grandparent_prev15m_v8,1780085400000000,1.4130064935064934,1,0.77,eth-updown-5m-1780085100
poly_sniper_v5_eth_5m_cloud_ribbon_mp_hurst_v6_vL,1780085400000000,1.4130064935064934,1,0.77,eth-updown-5m-1780085100
poly_sniper_v5_eth_5m_cloud_vwap_hurstmp_v7_vL,1780085400000000,1.4130064935064934,1,0.77,eth-updown-5m-1780085100
poly_sniper_v5_eth_5m_bb_mp_hurst_band_v6,1780085400000000,1.4130064935064934,1,0.77,eth-updown-5m-1780085100
poly_sniper_v5_eth_5m_cloud_vwap_hurstmp_v7,1780085400000000,1.4130064935064934,1,0.77,eth-updown-5m-1780085100
poly_sniper_v5_eth_5m_l_ema50_hurst_grandparent_v8,1780085400000000,1.4130064935064934,1,0.77,eth-updown-5m-1780085100
poly_sniper_v5_eth_5m_lq_ema50_hurst_grandparent_prev15m_v8_vL,1780085400000000,1.4130064935064934,1,0.77,eth-updown-5m-1780085100
poly_sniper_v5_eth_5m_cloud_vwap_hurstmp_v7_vL,1780085700000000,-5.0,0,0.5147801294870018,eth-updown-5m-1780085400
poly_sniper_v5_eth_5m_l_ema50_hurst_grandparent_v8,1780085700000000,-5.0,0,0.5147801294870018,eth-updown-5m-1780085400
poly_sniper_v5_eth_5m_bb_mp_hurst_band_v6_vL,1780085700000000,-5.0,0,0.5147801294870018,eth-updown-5m-1780085400
poly_sniper_v5_eth_5m_cloud_vwap_hurstmp_v7,1780085700000000,-5.0,0,0.5147801294870018,eth-updown-5m-1780085400
poly_sniper_v5_eth_5m_bb_mp_hurst_band_v6,1780085700000000,-5.0,0,0.5147801294870018,eth-updown-5m-1780085400
poly_sniper_v5_eth_5m_cloud_ribbon_mp_hurst_v6_vL,1780085700000000,-5.0,0,0.5147801294870018,eth-updown-5m-1780085400
poly_sniper_v5_eth_5m_cloud_ribbon_mp_hurst_v6,1780085700000000,-5.0,0,0.5147801294870018,eth-updown-5m-1780085400
poly_sniper_v5_eth_5m_cloud_ribbon_mp_hurst_v6_vL,1780086000000000,3.473689655172415,1,0.58,eth-updown-5m-1780085700
poly_sniper_v5_eth_5m_cloud_vwap_hurstmp_v7_vL,1780086000000000,3.473689655172415,1,0.58,eth-updown-5m-1780085700
poly_sniper_v5_eth_5m_bb_mp_hurst_band_v6,1780086000000000,3.473689655172415,1,0.58,eth-updown-5m-1780085700
poly_sniper_v5_eth_5m_cloud_ribbon_mp_hurst_v6,1780086000000000,3.473689655172415,1,0.58,eth-updown-5m-1780085700
poly_sniper_v5_eth_5m_cloud_vwap_hurstmp_v7,1780086000000000,3.473689655172415,1,0.58,eth-updown-5m-1780085700
poly_sniper_v5_eth_5m_ema200_vwap_regimerang_xa3_v7,1780086000000000,-5.0,0,0.77,eth-updown-5m-1780085700
poly_sniper_v5_eth_5m_l_ema50_hurst_grandparent_v8,1780086000000000,3.473689655172415,1,0.58,eth-updown-5m-1780085700
poly_sniper_v5_eth_5m_bb_mp_hurst_band_v6_vL,1780086000000000,3.473689655172415,1,0.58,eth-updown-5m-1780085700
poly_sniper_v5_eth_5m_cloud_vwap_hurstmp_v7_vL,1780086300000000,1.7548150684931507,1,0.73,eth-updown-5m-1780086000
poly_sniper_v5_eth_5m_bb_mp_hurst_band_v6_vL,1780086300000000,1.7548150684931507,1,0.73,eth-updown-5m-1780086000
poly_sniper_v5_eth_5m_v6c3_parent15mrang_v7_vL,1780086300000000,1.7548150684931507,1,0.73,eth-updown-5m-1780086000
poly_sniper_v5_eth_5m_ema50_hurst_parent15mrang_v7_vL,1780086300000000,1.7548150684931507,1,0.73,eth-updown-5m-1780086000
poly_sniper_v5_eth_5m_cloud_ribbon_mp_hurst_v6_vL,1780086300000000,1.7548150684931507,1,0.73,eth-updown-5m-1780086000
poly_sniper_v5_eth_5m_bb_mp_hurst_band_v6_vL,1780086600000000,1.940753521126761,1,0.71,eth-updown-5m-1780086300
poly_sniper_v5_eth_5m_cloud_vwap_hurstmp_v7,1780086600000000,1.940753521126761,1,0.71,eth-updown-5m-1780086300
poly_sniper_v5_eth_5m_bb_mp_hurst_band_v6,1780086600000000,1.940753521126761,1,0.71,eth-updown-5m-1780086300
poly_sniper_v5_eth_5m_cloud_vwap_hurstmp_v7_vL,1780086600000000,1.940753521126761,1,0.71,eth-updown-5m-1780086300
poly_sniper_v5_eth_5m_ema50_hurst_parent15mrang_v7,1780086600000000,1.940753521126761,1,0.71,eth-updown-5m-1780086300
poly_sniper_v5_eth_5m_ema50_hurst_parent15mrang_v7_vL,1780086600000000,1.940753521126761,1,0.71,eth-updown-5m-1780086300
poly_sniper_v5_eth_5m_bb_mp_hurst_band_v6_vL,1780086900000000,1.7548150684931507,1,0.73,eth-updown-5m-1780086600
poly_sniper_v5_eth_5m_ema50_hurst_parent15mrang_v7,1780086900000000,1.7548150684931507,1,0.73,eth-updown-5m-1780086600
poly_sniper_v5_eth_5m_l_ema50_hurst_grandparent_v8,1780086900000000,1.7548150684931507,1,0.73,eth-updown-5m-1780086600
poly_sniper_v5_eth_5m_bb_mp_hurst_band_v6,1780086900000000,1.7548150684931507,1,0.73,eth-updown-5m-1780086600
poly_sniper_v5_eth_5m_ema50_hurst_parent15mrang_v7_vL,1780086900000000,1.7548150684931507,1,0.73,eth-updown-5m-1780086600
poly_sniper_v5_eth_5m_ema200_vwap_regimerang_xa3_v7,1780087200000000,2.3471865671641785,1,0.67,eth-updown-5m-1780086900
poly_sniper_v5_eth_5m_ema200_vwap_regimerang_xa3_v7,1780087800000000,-5.0,0,0.7,eth-updown-5m-1780087500
poly_sniper_v5_eth_5m_cloud_ribbon_mp_hurst_v6_vL,1780088100000000,1.2556139240506328,1,0.79,eth-updown-5m-1780087800
poly_sniper_v5_eth_5m_cloud_vwap_hurstmp_v7,1780088100000000,1.2556139240506328,1,0.79,eth-updown-5m-1780087800
poly_sniper_v5_eth_5m_ema50_hurst_parent15mrang_v7_vL,1780088100000000,1.2556139240506328,1,0.79,eth-updown-5m-1780087800
poly_sniper_v5_eth_5m_cloud_vwap_hurstmp_v7_vL,1780088100000000,1.2556139240506328,1,0.79,eth-updown-5m-1780087800
poly_sniper_v5_eth_5m_v6c3_parent15mrang_v7,1780088100000000,1.2556139240506328,1,0.79,eth-updown-5m-1780087800
poly_sniper_v5_eth_5m_bb_mp_hurst_band_v6,1780088100000000,1.2556139240506328,1,0.79,eth-updown-5m-1780087800
poly_sniper_v5_eth_5m_cloud_ribbon_mp_hurst_v6,1780088100000000,1.2556139240506328,1,0.79,eth-updown-5m-1780087800
poly_sniper_v5_eth_5m_v6c3_parent15mrang_v7_vL,1780088100000000,1.2556139240506328,1,0.79,eth-updown-5m-1780087800
poly_sniper_v5_eth_5m_bb_mp_hurst_band_v6_vL,1780088100000000,1.2556139240506328,1,0.79,eth-updown-5m-1780087800
poly_sniper_v5_eth_5m_ema50_hurst_parent15mrang_v7,1780088100000000,1.2556139240506328,1,0.79,eth-updown-5m-1780087800
poly_sniper_v5_eth_5m_cloud_ribbon_mp_hurst_v6,1780088400000000,-5.0,0,0.82,eth-updown-5m-1780088100
poly_sniper_v5_eth_5m_ema50_hurst_parent15mrang_v7_vL,1780088400000000,-5.0,0,0.82,eth-updown-5m-1780088100
poly_sniper_v5_eth_5m_v6c3_parent15mrang_v7_vL,1780088400000000,-5.0,0,0.82,eth-updown-5m-1780088100
poly_sniper_v5_eth_5m_v6c3_parent15mrang_v7,1780088400000000,-5.0,0,0.82,eth-updown-5m-1780088100
poly_sniper_v5_eth_5m_ema50_hurst_parent15mrang_v7,1780088400000000,-5.0,0,0.82,eth-updown-5m-1780088100
poly_sniper_v5_eth_5m_cloud_ribbon_mp_hurst_v6_vL,1780088400000000,-5.0,0,0.82,eth-updown-5m-1780088100
poly_sniper_v5_eth_5m_l_ema50_hurst_grandparent_v8,1780088700000000,2.8070079365079366,1,0.63,eth-updown-5m-1780088400
poly_sniper_v5_eth_5m_ema50_hurst_parent15mrang_v7,1780088700000000,2.8070079365079366,1,0.63,eth-updown-5m-1780088400
poly_sniper_v5_eth_5m_ema50_hurst_parent15mrang_v7_vL,1780088700000000,2.8070079365079366,1,0.63,eth-updown-5m-1780088400
poly_sniper_v5_eth_5m_cloud_vwap_hurstmp_v7_vL,1780089000000000,-5.0,0,0.63,eth-updown-5m-1780088700
poly_sniper_v5_eth_5m_bb_mp_hurst_band_v6_vL,1780089000000000,-5.0,0,0.63,eth-updown-5m-1780088700
poly_sniper_v5_eth_5m_bb_mp_hurst_band_v6,1780089000000000,-5.0,0,0.63,eth-updown-5m-1780088700
poly_sniper_v5_eth_5m_cloud_vwap_hurstmp_v7,1780089000000000,-5.0,0,0.63,eth-updown-5m-1780088700
poly_sniper_v5_eth_5m_ema50_hurst_parent15mrang_v7_vL,1780089000000000,-5.0,0,0.63,eth-updown-5m-1780088700
poly_sniper_v5_eth_5m_ema50_hurst_parent15mrang_v7,1780089000000000,-5.0,0,0.63,eth-updown-5m-1780088700
poly_sniper_v5_eth_5m_l_ema50_hurst_grandparent_v8,1780089000000000,-5.0,0,0.63,eth-updown-5m-1780088700
poly_sniper_v5_eth_5m_l_ema50_hurst_grandparent_v8,1780089300000000,2.456757575757575,1,0.66,eth-updown-5m-1780089000
poly_sniper_v5_eth_5m_ema50_hurst_parent15mrang_v7,1780089300000000,2.456757575757575,1,0.66,eth-updown-5m-1780089000
poly_sniper_v5_eth_5m_cloud_ribbon_mp_hurst_v6,1780089300000000,2.456757575757575,1,0.66,eth-updown-5m-1780089000
poly_sniper_v5_eth_5m_bb_mp_hurst_band_v6,1780089300000000,2.456757575757575,1,0.66,eth-updown-5m-1780089000
poly_sniper_v5_eth_5m_cloud_vwap_hurstmp_v7,1780089300000000,2.456757575757575,1,0.66,eth-updown-5m-1780089000
poly_sniper_v5_eth_5m_v6c3_parent15mrang_v7,1780089300000000,2.456757575757575,1,0.66,eth-updown-5m-1780089000
poly_sniper_v5_eth_5m_cloud_vwap_hurstmp_v7_vL,1780089300000000,2.456757575757575,1,0.66,eth-updown-5m-1780089000
poly_sniper_v5_eth_5m_bb_mp_hurst_band_v6_vL,1780089300000000,2.456757575757575,1,0.66,eth-updown-5m-1780089000
poly_sniper_v5_eth_5m_ema50_hurst_parent15mrang_v7_vL,1780089300000000,2.456757575757575,1,0.66,eth-updown-5m-1780089000
poly_sniper_v5_eth_5m_v6c3_parent15mrang_v7_vL,1780089300000000,2.456757575757575,1,0.66,eth-updown-5m-1780089000
poly_sniper_v5_eth_5m_cloud_ribbon_mp_hurst_v6_vL,1780089300000000,2.456757575757575,1,0.66,eth-updown-5m-1780089000
poly_sniper_v5_eth_5m_ema50_hurst_parent15mrang_v7,1780089600000000,2.456757575757575,1,0.66,eth-updown-5m-1780089300
poly_sniper_v5_eth_5m_v6c3_parent15mrang_v7,1780089600000000,2.456757575757575,1,0.66,eth-updown-5m-1780089300
poly_sniper_v5_eth_5m_bb_mp_hurst_band_v6_vL,1780089600000000,2.456757575757575,1,0.66,eth-updown-5m-1780089300
poly_sniper_v5_eth_5m_cloud_vwap_hurstmp_v7,1780089600000000,2.456757575757575,1,0.66,eth-updown-5m-1780089300
poly_sniper_v5_eth_5m_ema50_hurst_parent15mrang_v7_vL,1780089600000000,2.456757575757575,1,0.66,eth-updown-5m-1780089300
poly_sniper_v5_eth_5m_cloud_ribbon_mp_hurst_v6,1780089600000000,2.456757575757575,1,0.66,eth-updown-5m-1780089300
poly_sniper_v5_eth_5m_bb_mp_hurst_band_v6,1780089600000000,2.456757575757575,1,0.66,eth-updown-5m-1780089300
poly_sniper_v5_eth_5m_cloud_ribbon_mp_hurst_v6_vL,1780089600000000,2.456757575757575,1,0.66,eth-updown-5m-1780089300
poly_sniper_v5_eth_5m_cloud_vwap_hurstmp_v7_vL,1780089600000000,2.456757575757575,1,0.66,eth-updown-5m-1780089300
poly_sniper_v5_eth_5m_v6c3_parent15mrang_v7_vL,1780089600000000,2.456757575757575,1,0.66,eth-updown-5m-1780089300
poly_sniper_v5_eth_5m_ema200_vwap_regimerang_xa3_v7,1780089600000000,2.569807692307692,1,0.65,eth-updown-5m-1780089300
poly_sniper_v5_eth_5m_bb_mp_hurst_band_v6_vL,1780089900000000,1.4130064935064934,1,0.77,eth-updown-5m-1780089600
poly_sniper_v5_eth_5m_cloud_vwap_hurstmp_v7_vL,1780089900000000,1.4130064935064934,1,0.77,eth-updown-5m-1780089600
poly_sniper_v5_eth_5m_cloud_ribbon_mp_hurst_v6,1780089900000000,1.4130064935064934,1,0.77,eth-updown-5m-1780089600
poly_sniper_v5_eth_5m_ema50_hurst_parent15mrang_v7_vL,1780089900000000,1.4130064935064934,1,0.77,eth-updown-5m-1780089600
poly_sniper_v5_eth_5m_v6c3_parent15mrang_v7,1780089900000000,1.4130064935064934,1,0.77,eth-updown-5m-1780089600
poly_sniper_v5_eth_5m_ema50_hurst_parent15mrang_v7,1780089900000000,1.4130064935064934,1,0.77,eth-updown-5m-1780089600
poly_sniper_v5_eth_5m_cloud_vwap_hurstmp_v7,1780089900000000,1.4130064935064934,1,0.77,eth-updown-5m-1780089600
poly_sniper_v5_eth_5m_bb_mp_hurst_band_v6,1780089900000000,1.4130064935064934,1,0.77,eth-updown-5m-1780089600
poly_sniper_v5_eth_5m_v6c3_parent15mrang_v7_vL,1780089900000000,1.4130064935064934,1,0.77,eth-updown-5m-1780089600
poly_sniper_v5_eth_5m_cloud_ribbon_mp_hurst_v6_vL,1780089900000000,1.4130064935064934,1,0.77,eth-updown-5m-1780089600
poly_sniper_v5_eth_5m_bb_mp_hurst_band_v6,1780090200000000,2.8070079365079366,1,0.63,eth-updown-5m-1780089900
poly_sniper_v5_eth_5m_ema50_hurst_parent15mrang_v7_vL,1780090200000000,2.8070079365079366,1,0.63,eth-updown-5m-1780089900
poly_sniper_v5_eth_5m_ema50_hurst_parent15mrang_v7,1780090200000000,2.8070079365079366,1,0.63,eth-updown-5m-1780089900
poly_sniper_v5_eth_5m_bb_mp_hurst_band_v6_vL,1780090200000000,2.8070079365079366,1,0.63,eth-updown-5m-1780089900
poly_sniper_v5_eth_5m_ema50_hurst_parent15mrang_v7_vL,1780090500000000,7.29,1,0.4,eth-updown-5m-1780090200
poly_sniper_v5_eth_5m_l_ema50_hurst_grandparent_v8,1780090500000000,7.29,1,0.4,eth-updown-5m-1780090200
poly_sniper_v5_eth_5m_ema200_vwap_regimerang_xa3_v7,1780090500000000,3.621429824561404,1,0.57,eth-updown-5m-1780090200
poly_sniper_v5_eth_5m_ema50_hurst_parent15mrang_v7,1780090500000000,7.29,1,0.4,eth-updown-5m-1780090200
poly_sniper_v5_eth_5m_ema200_vwap_regimerang_xa3_v7,1780090800000000,2.3792843179269108,1,0.6670383497272113,eth-updown-5m-1780090500
poly_sniper_v5_eth_5m_ema200_vwap_regimerang_xa3_v7,1780091100000000,2.569807692307692,1,0.65,eth-updown-5m-1780090800
poly_sniper_v5_eth_5m_cloud_ribbon_mp_hurst_v6,1780091400000000,2.456757575757575,1,0.66,eth-updown-5m-1780091100
poly_sniper_v5_eth_5m_cloud_vwap_hurstmp_v7,1780091400000000,2.456757575757575,1,0.66,eth-updown-5m-1780091100
poly_sniper_v5_eth_5m_cloud_vwap_hurstmp_v7_vL,1780091400000000,2.456757575757575,1,0.66,eth-updown-5m-1780091100
poly_sniper_v5_eth_5m_bb_mp_hurst_band_v6_vL,1780091400000000,2.456757575757575,1,0.66,eth-updown-5m-1780091100
poly_sniper_v5_eth_5m_bb_mp_hurst_band_v6,1780091400000000,2.456757575757575,1,0.66,eth-updown-5m-1780091100
poly_sniper_v5_eth_5m_ema200_vwap_regimerang_xa3_v7,1780091400000000,1.33325641025641,1,0.78,eth-updown-5m-1780091100
poly_sniper_v5_eth_5m_cloud_ribbon_mp_hurst_v6_vL,1780091400000000,2.456757575757575,1,0.66,eth-updown-5m-1780091100
poly_sniper_v5_eth_5m_bb_mp_hurst_band_v6_vL,1780091700000000,1.1799999999999997,1,0.8,eth-updown-5m-1780091400
poly_sniper_v5_eth_5m_cloud_vwap_hurstmp_v7_vL,1780091700000000,1.1799999999999997,1,0.8,eth-updown-5m-1780091400
poly_sniper_v5_eth_5m_cloud_ribbon_mp_hurst_v6_vL,1780091700000000,1.1799999999999997,1,0.8,eth-updown-5m-1780091400
poly_sniper_v5_eth_5m_cloud_vwap_hurstmp_v7_vL,1780092000000000,3.93340909090909,1,0.55,eth-updown-5m-1780091700
poly_sniper_v5_eth_5m_cloud_vwap_hurstmp_v7,1780092000000000,3.93340909090909,1,0.55,eth-updown-5m-1780091700
poly_sniper_v5_eth_5m_bb_mp_hurst_band_v6,1780092000000000,3.93340909090909,1,0.55,eth-updown-5m-1780091700
poly_sniper_v5_eth_5m_l_ema50_hurst_grandparent_v8,1780092000000000,3.93340909090909,1,0.55,eth-updown-5m-1780091700
poly_sniper_v5_eth_5m_bb_mp_hurst_band_v6_vL,1780092000000000,3.93340909090909,1,0.55,eth-updown-5m-1780091700
poly_sniper_v5_eth_5m_bb_mp_hurst_band_v6_vL,1780092300000000,2.569807692307692,1,0.65,eth-updown-5m-1780092000
poly_sniper_v5_eth_5m_cloud_vwap_hurstmp_v7_vL,1780092300000000,2.569807692307692,1,0.65,eth-updown-5m-1780092000
poly_sniper_v5_eth_5m_cloud_ribbon_mp_hurst_v6_vL,1780092300000000,2.569807692307692,1,0.65,eth-updown-5m-1780092000
poly_sniper_v5_eth_5m_cloud_vwap_hurstmp_v7,1780092300000000,2.569807692307692,1,0.65,eth-updown-5m-1780092000
poly_sniper_v5_eth_5m_bb_mp_hurst_band_v6,1780092300000000,2.569807692307692,1,0.65,eth-updown-5m-1780092000
poly_sniper_v5_eth_5m_cloud_ribbon_mp_hurst_v6,1780092300000000,2.569807692307692,1,0.65,eth-updown-5m-1780092000
poly_sniper_v5_eth_5m_l_ema50_hurst_grandparent_v8,1780092900000000,-5.0,0,0.56,eth-updown-5m-1780092600
poly_sniper_v5_eth_5m_ema50_hurst_parent15mrang_v7_vL,1780092900000000,-5.0,0,0.56,eth-updown-5m-1780092600
poly_sniper_v5_eth_5m_ema50_hurst_parent15mrang_v7,1780092900000000,-5.0,0,0.56,eth-updown-5m-1780092600
poly_sniper_v5_eth_5m_ema200_vwap_regimerang_xa3_v7,1780093200000000,1.33325641025641,1,0.78,eth-updown-5m-1780092900
poly_sniper_v5_eth_5m_cloud_ribbon_mp_hurst_v6_vL,1780093500000000,0.1441391752577321,1,0.97,eth-updown-5m-1780093200
poly_sniper_v5_eth_5m_l_ema50_hurst_grandparent_v8,1780094100000000,6.428406976744185,1,0.43000000000000005,eth-updown-5m-1780093800
poly_sniper_v5_eth_5m_l_ema50_hurst_grandparent_v8,1780094700000000,-5.0,0,0.4229286332520261,eth-updown-5m-1780094400
poly_sniper_v5_eth_5m_cloud_ribbon_mp_hurst_v6,1780095000000000,1.33325641025641,1,0.78,eth-updown-5m-1780094700
poly_sniper_v5_eth_5m_cloud_vwap_hurstmp_v7,1780095000000000,1.33325641025641,1,0.78,eth-updown-5m-1780094700
poly_sniper_v5_eth_5m_cloud_vwap_hurstmp_v7_vL,1780095000000000,1.33325641025641,1,0.78,eth-updown-5m-1780094700
poly_sniper_v5_eth_5m_bb_mp_hurst_band_v6_vL,1780095000000000,1.33325641025641,1,0.78,eth-updown-5m-1780094700
poly_sniper_v5_eth_5m_cloud_ribbon_mp_hurst_v6_vL,1780095000000000,1.33325641025641,1,0.78,eth-updown-5m-1780094700
poly_sniper_v5_eth_5m_bb_mp_hurst_band_v6,1780095000000000,1.33325641025641,1,0.78,eth-updown-5m-1780094700
poly_sniper_v5_eth_5m_cloud_ribbon_mp_hurst_v6_vL,1780095300000000,0.579477528089887,1,0.8900000000000001,eth-updown-5m-1780095000
poly_sniper_v5_eth_5m_l_ema50_hurst_grandparent_v8,1780095300000000,0.579477528089887,1,0.8900000000000001,eth-updown-5m-1780095000
poly_sniper_v5_eth_5m_cloud_ribbon_mp_hurst_v6,1780095300000000,0.579477528089887,1,0.8900000000000001,eth-updown-5m-1780095000
poly_sniper_v5_eth_5m_cloud_vwap_hurstmp_v7,1780095600000000,1.940753521126761,1,0.71,eth-updown-5m-1780095300
poly_sniper_v5_eth_5m_bb_mp_hurst_band_v6,1780095600000000,1.940753521126761,1,0.71,eth-updown-5m-1780095300
poly_sniper_v5_eth_5m_cloud_vwap_hurstmp_v7_vL,1780095600000000,1.940753521126761,1,0.71,eth-updown-5m-1780095300
poly_sniper_v5_eth_5m_cloud_ribbon_mp_hurst_v6,1780095600000000,1.940753521126761,1,0.71,eth-updown-5m-1780095300
poly_sniper_v5_eth_5m_cloud_ribbon_mp_hurst_v6_vL,1780095600000000,1.940753521126761,1,0.71,eth-updown-5m-1780095300
poly_sniper_v5_eth_5m_bb_mp_hurst_band_v6_vL,1780095600000000,1.940753521126761,1,0.71,eth-updown-5m-1780095300
poly_sniper_v5_eth_5m_cloud_ribbon_mp_hurst_v6,1780095900000000,1.0345609756097565,1,0.82,eth-updown-5m-1780095600
poly_sniper_v5_eth_5m_cloud_ribbon_mp_hurst_v6_vL,1780095900000000,1.0345609756097565,1,0.82,eth-updown-5m-1780095600
poly_sniper_v5_eth_5m_l_ema50_hurst_grandparent_v8,1780095900000000,1.0345609756097565,1,0.82,eth-updown-5m-1780095600
poly_sniper_v5_eth_5m_ema50_hurst_parent15mrang_v7_vL,1780096800000000,-5.0,0,0.8600000000000001,eth-updown-5m-1780096500
poly_sniper_v5_eth_5m_cloud_ribbon_mp_hurst_v6_vL,1780096800000000,-5.0,0,0.8600000000000001,eth-updown-5m-1780096500
poly_sniper_v5_eth_5m_cloud_ribbon_mp_hurst_v6,1780096800000000,-5.0,0,0.8600000000000001,eth-updown-5m-1780096500
poly_sniper_v5_eth_5m_v6c3_parent15mrang_v7,1780096800000000,-5.0,0,0.8600000000000001,eth-updown-5m-1780096500
poly_sniper_v5_eth_5m_ema50_hurst_parent15mrang_v7,1780096800000000,-5.0,0,0.8600000000000001,eth-updown-5m-1780096500
poly_sniper_v5_eth_5m_v6c3_parent15mrang_v7_vL,1780096800000000,-5.0,0,0.8600000000000001,eth-updown-5m-1780096500
poly_sniper_v5_eth_5m_cloud_vwap_hurstmp_v7,1780097100000000,-5.0,0,0.67,eth-updown-5m-1780096800
poly_sniper_v5_eth_5m_cloud_vwap_hurstmp_v7_vL,1780097100000000,-5.0,0,0.67,eth-updown-5m-1780096800
poly_sniper_v5_eth_5m_cloud_ribbon_mp_hurst_v6_vL,1780097100000000,-5.0,0,0.67,eth-updown-5m-1780096800
poly_sniper_v5_eth_5m_ema50_hurst_parent15mrang_v7_vL,1780097100000000,-5.0,0,0.67,eth-updown-5m-1780096800
poly_sniper_v5_eth_5m_cloud_ribbon_mp_hurst_v6,1780097100000000,-5.0,0,0.67,eth-updown-5m-1780096800
poly_sniper_v5_eth_5m_v6c3_parent15mrang_v7_vL,1780097100000000,-5.0,0,0.67,eth-updown-5m-1780096800
poly_sniper_v5_eth_5m_ema200_vwap_regimerang_xa3_v7,1780097100000000,6.988621951219514,1,0.41,eth-updown-5m-1780096800
poly_sniper_v5_eth_5m_bb_mp_hurst_band_v6_vL,1780097100000000,-5.0,0,0.67,eth-updown-5m-1780096800
poly_sniper_v5_eth_5m_ema50_hurst_parent15mrang_v7,1780097100000000,-5.0,0,0.67,eth-updown-5m-1780096800
poly_sniper_v5_eth_5m_v6c3_parent15mrang_v7,1780097100000000,-5.0,0,0.67,eth-updown-5m-1780096800
poly_sniper_v5_eth_5m_bb_mp_hurst_band_v6,1780097100000000,-5.0,0,0.67,eth-updown-5m-1780096800
poly_sniper_v5_eth_5m_cloud_vwap_hurstmp_v7_vL,1780097400000000,-5.0,0,0.51,eth-updown-5m-1780097100
poly_sniper_v5_eth_5m_v6c3_parent15mrang_v7_vL,1780097400000000,-5.0,0,0.51,eth-updown-5m-1780097100
poly_sniper_v5_eth_5m_bb_mp_hurst_band_v6_vL,1780097400000000,-5.0,0,0.51,eth-updown-5m-1780097100
poly_sniper_v5_eth_5m_cloud_mp_sms_active_off120,1780097400000000,3.473689655172415,1,0.58,eth-updown-5m-1780097100
poly_sniper_v5_eth_5m_ema50_hurst_parent15mrang_v7_vL,1780097400000000,-5.0,0,0.51,eth-updown-5m-1780097100
poly_sniper_v5_eth_5m_cloud_ribbon_mp_hurst_v6_vL,1780097400000000,-5.0,0,0.51,eth-updown-5m-1780097100
poly_sniper_v5_eth_5m_ema200_vwap_regimerang_xa3_v7,1780097700000000,2.569807692307692,1,0.65,eth-updown-5m-1780097400
poly_sniper_v5_eth_5m_ema50_hurst_parent15mrang_v7,1780097700000000,5.918611111111112,1,0.45,eth-updown-5m-1780097400
poly_sniper_v5_eth_5m_l_ema50_hurst_grandparent_v8,1780097700000000,5.918611111111112,1,0.45,eth-updown-5m-1780097400
poly_sniper_v5_eth_5m_ema50_hurst_parent15mrang_v7_vL,1780097700000000,5.918611111111112,1,0.45,eth-updown-5m-1780097400
poly_sniper_v5_eth_5m_l_ema50_hurst_grandparent_v8,1780098000000000,-5.0,0,0.72,eth-updown-5m-1780097700
poly_sniper_v5_eth_5m_v5repl_off120_v6,1780098300000000,0.4630054945054944,1,0.91,eth-updown-5m-1780098000
poly_sniper_v5_eth_5m_tr200_mp_sms_active_off120,1780098300000000,0.4630054945054944,1,0.91,eth-updown-5m-1780098000
poly_sniper_v5_eth_5m_cloud_vwap_hurstmp_v7_vL,1780099800000000,3.473689655172415,1,0.58,eth-updown-5m-1780099500
poly_sniper_v5_eth_5m_bb_mp_hurst_band_v6_vL,1780099800000000,3.473689655172415,1,0.58,eth-updown-5m-1780099500
poly_sniper_v5_eth_5m_bb_mp_hurst_band_v6,1780099800000000,3.473689655172415,1,0.58,eth-updown-5m-1780099500
poly_sniper_v5_eth_5m_cloud_ribbon_mp_hurst_v6,1780099800000000,3.473689655172415,1,0.58,eth-updown-5m-1780099500
poly_sniper_v5_eth_5m_cloud_ribbon_mp_hurst_v6_vL,1780099800000000,3.473689655172415,1,0.58,eth-updown-5m-1780099500
poly_sniper_v5_eth_5m_cloud_vwap_hurstmp_v7,1780099800000000,3.473689655172415,1,0.58,eth-updown-5m-1780099500
poly_sniper_v5_eth_5m_ema200_vwap_regimerang_xa3_v7,1780099800000000,-5.0,0,0.5,eth-updown-5m-1780099500
poly_sniper_v5_eth_5m_ema50_hurst_parent15mrang_v7,1780101000000000,4.704044512746733,1,0.5062336218534106,eth-updown-5m-1780100700
poly_sniper_v5_eth_5m_ema200_vwap_regimerang_xa3_v7,1780101000000000,6.428406976744185,1,0.43000000000000005,eth-updown-5m-1780100700
poly_sniper_v5_eth_5m_ema50_hurst_parent15mrang_v7_vL,1780101000000000,4.704044512746733,1,0.5062336218534106,eth-updown-5m-1780100700
poly_sniper_v5_eth_5m_l_ema50_hurst_grandparent_v8,1780101000000000,4.704044512746733,1,0.5062336218534106,eth-updown-5m-1780100700
poly_sniper_v5_eth_5m_ema200_vwap_regimerang_xa3_v7,1780102200000000,3.0602213114754098,1,0.61,eth-updown-5m-1780101900
poly_sniper_v5_eth_5m_ema200_vwap_regimerang_xa3_v7,1780102500000000,2.3471865671641785,1,0.67,eth-updown-5m-1780102200
poly_sniper_v5_eth_5m_ema50_hurst_parent15mrang_v7_vL,1780104000000000,-5.0,0,0.8,eth-updown-5m-1780103700
poly_sniper_v5_eth_5m_cloud_vwap_hurstmp_v7,1780104000000000,-5.0,0,0.8,eth-updown-5m-1780103700
poly_sniper_v5_eth_5m_bb_mp_hurst_band_v6,1780104000000000,-5.0,0,0.8,eth-updown-5m-1780103700
poly_sniper_v5_eth_5m_bb_mp_hurst_band_v6_vL,1780104000000000,-5.0,0,0.8,eth-updown-5m-1780103700
poly_sniper_v5_eth_5m_ema50_hurst_parent15mrang_v7,1780104000000000,-5.0,0,0.8,eth-updown-5m-1780103700
poly_sniper_v5_eth_5m_v6c3_parent15mrang_v7_vL,1780104000000000,-5.0,0,0.8,eth-updown-5m-1780103700
poly_sniper_v5_eth_5m_cloud_ribbon_mp_hurst_v6_vL,1780104000000000,-5.0,0,0.8,eth-updown-5m-1780103700
poly_sniper_v5_eth_5m_v6c3_parent15mrang_v7,1780104000000000,-5.0,0,0.8,eth-updown-5m-1780103700
poly_sniper_v5_eth_5m_cloud_ribbon_mp_hurst_v6,1780104000000000,-5.0,0,0.8,eth-updown-5m-1780103700
poly_sniper_v5_eth_5m_cloud_vwap_hurstmp_v7_vL,1780104000000000,-5.0,0,0.8,eth-updown-5m-1780103700
poly_sniper_v5_eth_5m_l_ema50_hurst_grandparent_v8,1780104300000000,10.386999999999999,1,0.32,eth-updown-5m-1780104000
poly_sniper_v5_eth_5m_cloud_vwap_hurstmp_v7_vL,1780104600000000,2.931516129032258,1,0.62,eth-updown-5m-1780104300
poly_sniper_v5_eth_5m_cloud_ribbon_mp_hurst_v6_vL,1780104600000000,2.931516129032258,1,0.62,eth-updown-5m-1780104300
poly_sniper_v5_eth_5m_bb_mp_hurst_band_v6_vL,1780104600000000,2.931516129032258,1,0.62,eth-updown-5m-1780104300
poly_sniper_v5_eth_5m_bb_mp_hurst_band_v6,1780104600000000,2.931516129032258,1,0.62,eth-updown-5m-1780104300
poly_sniper_v5_eth_5m_l_ema50_hurst_grandparent_v8,1780104600000000,2.931516129032258,1,0.62,eth-updown-5m-1780104300
poly_sniper_v5_eth_5m_cloud_ribbon_mp_hurst_v6,1780104600000000,2.931516129032258,1,0.62,eth-updown-5m-1780104300
poly_sniper_v5_eth_5m_cloud_vwap_hurstmp_v7,1780104600000000,2.931516129032258,1,0.62,eth-updown-5m-1780104300
poly_sniper_v5_eth_5m_ema50_hurst_parent15mrang_v7,1780106100000000,2.0378571428571433,1,0.7,eth-updown-5m-1780105800
poly_sniper_v5_eth_5m_ema50_hurst_parent15mrang_v7_vL,1780106100000000,2.0378571428571433,1,0.7,eth-updown-5m-1780105800
poly_sniper_v5_eth_5m_cloud_vwap_hurstmp_v7_vL,1780106100000000,2.0378571428571433,1,0.7,eth-updown-5m-1780105800
poly_sniper_v5_eth_5m_cloud_ribbon_mp_hurst_v6,1780106100000000,2.0378571428571433,1,0.7,eth-updown-5m-1780105800
poly_sniper_v5_eth_5m_v6c3_parent15mrang_v7_vL,1780106100000000,2.0378571428571433,1,0.7,eth-updown-5m-1780105800
poly_sniper_v5_eth_5m_cloud_vwap_hurstmp_v7,1780106100000000,2.0378571428571433,1,0.7,eth-updown-5m-1780105800
poly_sniper_v5_eth_5m_v6c3_parent15mrang_v7,1780106100000000,2.0378571428571433,1,0.7,eth-updown-5m-1780105800
poly_sniper_v5_eth_5m_cloud_ribbon_mp_hurst_v6_vL,1780106100000000,2.0378571428571433,1,0.7,eth-updown-5m-1780105800
poly_sniper_v5_eth_5m_cloud_vwap_hurstmp_v7_vL,1780106700000000,2.3471865671641785,1,0.67,eth-updown-5m-1780106400
poly_sniper_v5_eth_5m_ema50_hurst_parent15mrang_v7,1780106700000000,2.3471865671641785,1,0.67,eth-updown-5m-1780106400
poly_sniper_v5_eth_5m_v6c3_parent15mrang_v7_vL,1780106700000000,2.3471865671641785,1,0.67,eth-updown-5m-1780106400
poly_sniper_v5_eth_5m_bb_mp_hurst_band_v6_vL,1780106700000000,2.3471865671641785,1,0.67,eth-updown-5m-1780106400
poly_sniper_v5_eth_5m_bb_mp_hurst_band_v6,1780106700000000,2.3471865671641785,1,0.67,eth-updown-5m-1780106400
poly_sniper_v5_eth_5m_cloud_ribbon_mp_hurst_v6,1780106700000000,2.3471865671641785,1,0.67,eth-updown-5m-1780106400
poly_sniper_v5_eth_5m_cloud_vwap_hurstmp_v7,1780106700000000,2.3471865671641785,1,0.67,eth-updown-5m-1780106400
poly_sniper_v5_eth_5m_l_ema50_hurst_grandparent_v8,1780106700000000,2.3471865671641785,1,0.67,eth-updown-5m-1780106400
poly_sniper_v5_eth_5m_v6c3_parent15mrang_v7,1780106700000000,2.3471865671641785,1,0.67,eth-updown-5m-1780106400
poly_sniper_v5_eth_5m_ema50_hurst_parent15mrang_v7_vL,1780106700000000,2.3471865671641785,1,0.67,eth-updown-5m-1780106400
poly_sniper_v5_eth_5m_cloud_ribbon_mp_hurst_v6_vL,1780106700000000,2.3471865671641785,1,0.67,eth-updown-5m-1780106400
poly_sniper_v5_eth_5m_ema200_vwap_regimerang_xa3_v7,1780107000000000,1.8464444444444446,1,0.72,eth-updown-5m-1780106700
poly_sniper_v5_eth_5m_ema50_hurst_parent15mrang_v7_vL,1780107000000000,3.2346052586195464,1,0.5969674055796553,eth-updown-5m-1780106700
poly_sniper_v5_eth_5m_ema50_hurst_parent15mrang_v7_vL,1780107300000000,5.234666666666668,1,0.4799999999999999,eth-updown-5m-1780107000
poly_sniper_v5_eth_5m_ema200_vwap_regimerang_xa3_v7,1780107300000000,-5.0,0,0.67,eth-updown-5m-1780107000
poly_sniper_v5_eth_5m_ema50_hurst_parent15mrang_v7,1780107300000000,5.234666666666668,1,0.4799999999999999,eth-updown-5m-1780107000
poly_sniper_v5_eth_5m_bb_mp_hurst_band_v6,1780107600000000,-5.0,0,0.71,eth-updown-5m-1780107300
poly_sniper_v5_eth_5m_cloud_vwap_hurstmp_v7,1780107600000000,-5.0,0,0.71,eth-updown-5m-1780107300
poly_sniper_v5_eth_5m_l_ema50_hurst_grandparent_v8,1780107600000000,-5.0,0,0.71,eth-updown-5m-1780107300
poly_sniper_v5_eth_5m_ema50_hurst_parent15mrang_v7_vL,1780107600000000,-5.0,0,0.71,eth-updown-5m-1780107300
poly_sniper_v5_eth_5m_cloud_ribbon_mp_hurst_v6_vL,1780107600000000,-5.0,0,0.71,eth-updown-5m-1780107300
poly_sniper_v5_eth_5m_v6c3_parent15mrang_v7_vL,1780107600000000,-5.0,0,0.71,eth-updown-5m-1780107300
poly_sniper_v5_eth_5m_v6c3_parent15mrang_v7,1780107600000000,-5.0,0,0.71,eth-updown-5m-1780107300
poly_sniper_v5_eth_5m_ema50_hurst_parent15mrang_v7,1780107600000000,-5.0,0,0.71,eth-updown-5m-1780107300
poly_sniper_v5_eth_5m_cloud_vwap_hurstmp_v7_vL,1780107600000000,-5.0,0,0.71,eth-updown-5m-1780107300
poly_sniper_v5_eth_5m_bb_mp_hurst_band_v6_vL,1780107600000000,-5.0,0,0.71,eth-updown-5m-1780107300
poly_sniper_v5_eth_5m_cloud_ribbon_mp_hurst_v6,1780107600000000,-5.0,0,0.71,eth-updown-5m-1780107300
poly_sniper_v5_eth_5m_ema200_vwap_regimerang_xa3_v7,1780108500000000,1.3795467279278335,1,0.7741628123945452,eth-updown-5m-1780108200
poly_sniper_v5_eth_5m_ema200_vwap_regimerang_xa3_v7,1780109400000000,3.193333333333334,1,0.6,eth-updown-5m-1780109100
poly_sniper_v5_eth_5m_ema200_vwap_regimerang_xa3_v7,1780110900000000,1.33325641025641,1,0.78,eth-updown-5m-1780110600
poly_sniper_v5_eth_5m_ema200_vwap_regimerang_xa3_v7,1780112400000000,-5.0,0,0.62,eth-updown-5m-1780112100
poly_sniper_v5_eth_5m_v6c3_parent15mrang_v7,1780112400000000,-5.0,0,0.57,eth-updown-5m-1780112100
poly_sniper_v5_eth_5m_cloud_vwap_hurstmp_v7,1780112400000000,-5.0,0,0.57,eth-updown-5m-1780112100
poly_sniper_v5_eth_5m_ema50_hurst_parent15mrang_v7,1780112400000000,-5.0,0,0.57,eth-updown-5m-1780112100
poly_sniper_v5_eth_5m_v6c3_parent15mrang_v7_vL,1780112400000000,-5.0,0,0.57,eth-updown-5m-1780112100
poly_sniper_v5_eth_5m_bb_mp_hurst_band_v6,1780112400000000,-5.0,0,0.57,eth-updown-5m-1780112100
poly_sniper_v5_eth_5m_cloud_vwap_hurstmp_v7_vL,1780112400000000,-5.0,0,0.57,eth-updown-5m-1780112100
poly_sniper_v5_eth_5m_ema50_hurst_parent15mrang_v7_vL,1780112400000000,-5.0,0,0.57,eth-updown-5m-1780112100
poly_sniper_v5_eth_5m_bb_mp_hurst_band_v6_vL,1780112400000000,-5.0,0,0.57,eth-updown-5m-1780112100
poly_sniper_v5_eth_5m_cloud_ribbon_mp_hurst_v6,1780112400000000,-5.0,0,0.57,eth-updown-5m-1780112100
poly_sniper_v5_eth_5m_cloud_ribbon_mp_hurst_v6_vL,1780112400000000,-5.0,0,0.57,eth-updown-5m-1780112100
poly_sniper_v5_eth_5m_cloud_vwap_hurstmp_v7_vL,1780113000000000,1.6657567567567568,1,0.74,eth-updown-5m-1780112700
poly_sniper_v5_eth_5m_v6c3_parent15mrang_v7_vL,1780113000000000,1.6657567567567568,1,0.74,eth-updown-5m-1780112700
poly_sniper_v5_eth_5m_cloud_ribbon_mp_hurst_v6,1780113000000000,1.6657567567567568,1,0.74,eth-updown-5m-1780112700
poly_sniper_v5_eth_5m_v6c3_parent15mrang_v7,1780113000000000,1.6657567567567568,1,0.74,eth-updown-5m-1780112700
poly_sniper_v5_eth_5m_ema50_hurst_parent15mrang_v7_vL,1780113000000000,1.6657567567567568,1,0.74,eth-updown-5m-1780112700
poly_sniper_v5_eth_5m_bb_mp_hurst_band_v6_vL,1780113000000000,1.6657567567567568,1,0.74,eth-updown-5m-1780112700
poly_sniper_v5_eth_5m_ema50_hurst_parent15mrang_v7,1780113000000000,1.6657567567567568,1,0.74,eth-updown-5m-1780112700
poly_sniper_v5_eth_5m_cloud_ribbon_mp_hurst_v6_vL,1780113000000000,1.6657567567567568,1,0.74,eth-updown-5m-1780112700
poly_sniper_v5_eth_5m_bb_mp_hurst_band_v6,1780113000000000,1.6657567567567568,1,0.74,eth-updown-5m-1780112700
poly_sniper_v5_eth_5m_cloud_vwap_hurstmp_v7,1780113000000000,1.6657567567567568,1,0.74,eth-updown-5m-1780112700
poly_sniper_v5_eth_5m_ema200_vwap_regimerang_xa3_v7,1780113000000000,1.3773358847576955,1,0.7744395242161283,eth-updown-5m-1780112700
poly_sniper_v5_eth_5m_l_ema50_hurst_grandparent_v8,1780113000000000,1.6657567567567568,1,0.74,eth-updown-5m-1780112700
poly_sniper_v5_eth_5m_bb_mp_hurst_band_v6_vL,1780113300000000,2.1378768115942033,1,0.69,eth-updown-5m-1780113000
poly_sniper_v5_eth_5m_bb_mp_hurst_band_v6,1780113300000000,2.1378768115942033,1,0.69,eth-updown-5m-1780113000
poly_sniper_v5_eth_5m_cloud_vwap_hurstmp_v7,1780113300000000,2.1378768115942033,1,0.69,eth-updown-5m-1780113000
poly_sniper_v5_eth_5m_ema50_hurst_parent15mrang_v7,1780113300000000,2.1378768115942033,1,0.69,eth-updown-5m-1780113000
poly_sniper_v5_eth_5m_l_ema50_hurst_grandparent_v8,1780113300000000,2.1378768115942033,1,0.69,eth-updown-5m-1780113000
poly_sniper_v5_eth_5m_ema50_hurst_parent15mrang_v7_vL,1780113300000000,2.1378768115942033,1,0.69,eth-updown-5m-1780113000
poly_sniper_v5_eth_5m_cloud_vwap_hurstmp_v7_vL,1780113300000000,2.1378768115942033,1,0.69,eth-updown-5m-1780113000
poly_sniper_v5_eth_5m_bb_mp_hurst_band_v6,1780113600000000,2.6865,1,0.64,eth-updown-5m-1780113300
poly_sniper_v5_eth_5m_cloud_ribbon_mp_hurst_v6_vL,1780113600000000,2.6865,1,0.64,eth-updown-5m-1780113300
poly_sniper_v5_eth_5m_ema50_hurst_parent15mrang_v7_vL,1780113600000000,2.6865,1,0.64,eth-updown-5m-1780113300
poly_sniper_v5_eth_5m_bb_mp_hurst_band_v6_vL,1780113600000000,2.6865,1,0.64,eth-updown-5m-1780113300
poly_sniper_v5_eth_5m_cloud_vwap_hurstmp_v7_vL,1780113600000000,2.6865,1,0.64,eth-updown-5m-1780113300
poly_sniper_v5_eth_5m_v6c3_parent15mrang_v7_vL,1780113600000000,2.6865,1,0.64,eth-updown-5m-1780113300
poly_sniper_v5_eth_5m_v6c3_parent15mrang_v7,1780113600000000,2.6865,1,0.64,eth-updown-5m-1780113300
poly_sniper_v5_eth_5m_cloud_ribbon_mp_hurst_v6,1780113600000000,2.6865,1,0.64,eth-updown-5m-1780113300
poly_sniper_v5_eth_5m_cloud_vwap_hurstmp_v7,1780113600000000,2.6865,1,0.64,eth-updown-5m-1780113300
poly_sniper_v5_eth_5m_ema50_hurst_parent15mrang_v7,1780113600000000,2.6865,1,0.64,eth-updown-5m-1780113300
poly_sniper_v5_eth_5m_v6c3_parent15mrang_v7,1780113900000000,-5.0,0,0.8,eth-updown-5m-1780113600
poly_sniper_v5_eth_5m_cloud_ribbon_mp_hurst_v6_vL,1780113900000000,-5.0,0,0.8,eth-updown-5m-1780113600
poly_sniper_v5_eth_5m_v6c3_parent15mrang_v7_vL,1780113900000000,-5.0,0,0.8,eth-updown-5m-1780113600
poly_sniper_v5_eth_5m_l_ema50_hurst_grandparent_v8,1780113900000000,-5.0,0,0.8,eth-updown-5m-1780113600
poly_sniper_v5_eth_5m_ema50_hurst_parent15mrang_v7,1780113900000000,-5.0,0,0.8,eth-updown-5m-1780113600
poly_sniper_v5_eth_5m_ema50_hurst_parent15mrang_v7_vL,1780113900000000,-5.0,0,0.8,eth-updown-5m-1780113600
poly_sniper_v5_eth_5m_cloud_ribbon_mp_hurst_v6,1780113900000000,-5.0,0,0.8,eth-updown-5m-1780113600
poly_sniper_v5_eth_5m_cloud_ribbon_mp_hurst_v6,1780114200000000,2.6865,1,0.64,eth-updown-5m-1780113900
poly_sniper_v5_eth_5m_ema50_hurst_parent15mrang_v7_vL,1780114200000000,2.6865,1,0.64,eth-updown-5m-1780113900
poly_sniper_v5_eth_5m_v5repl_off120_v6,1780114200000000,0.4067826086956525,1,0.9199999999999999,eth-updown-5m-1780113900
poly_sniper_v5_eth_5m_cloud_vwap_hurstmp_v7,1780114200000000,2.6865,1,0.64,eth-updown-5m-1780113900
poly_sniper_v5_eth_5m_tr200_mp_sms_active_off120,1780114200000000,0.4067826086956525,1,0.9199999999999999,eth-updown-5m-1780113900
poly_sniper_v5_eth_5m_cloud_ribbon_mp_hurst_v6_vL,1780114200000000,2.6865,1,0.64,eth-updown-5m-1780113900
poly_sniper_v5_eth_5m_bb_mp_hurst_band_v6,1780114200000000,2.6865,1,0.64,eth-updown-5m-1780113900
poly_sniper_v5_eth_5m_cloud_vwap_hurstmp_v7_vL,1780114200000000,2.6865,1,0.64,eth-updown-5m-1780113900
poly_sniper_v5_eth_5m_ema50_hurst_parent15mrang_v7,1780114200000000,2.6865,1,0.64,eth-updown-5m-1780113900
poly_sniper_v5_eth_5m_v6c3_parent15mrang_v7,1780114200000000,2.6865,1,0.64,eth-updown-5m-1780113900
poly_sniper_v5_eth_5m_v6c3_parent15mrang_v7_vL,1780114200000000,2.6865,1,0.64,eth-updown-5m-1780113900
poly_sniper_v5_eth_5m_cloud_mp_sms_active_off120,1780114200000000,0.4067826086956525,1,0.9199999999999999,eth-updown-5m-1780113900
poly_sniper_v5_eth_5m_bb_mp_hurst_band_v6_vL,1780114200000000,2.6865,1,0.64,eth-updown-5m-1780113900
poly_sniper_v5_eth_5m_cloud_ribbon_mp_hurst_v6,1780114500000000,0.7649534883720924,1,0.8600000000000001,eth-updown-5m-1780114200
poly_sniper_v5_eth_5m_ema50_hurst_parent15mrang_v7,1780114500000000,0.7649534883720924,1,0.8600000000000001,eth-updown-5m-1780114200
poly_sniper_v5_eth_5m_v6c3_parent15mrang_v7,1780114500000000,0.7649534883720924,1,0.8600000000000001,eth-updown-5m-1780114200
poly_sniper_v5_eth_5m_v6c3_parent15mrang_v7_vL,1780114500000000,0.7649534883720924,1,0.8600000000000001,eth-updown-5m-1780114200
poly_sniper_v5_eth_5m_l_ema50_hurst_grandparent_v8,1780114500000000,0.7649534883720924,1,0.8600000000000001,eth-updown-5m-1780114200
poly_sniper_v5_eth_5m_ema50_hurst_parent15mrang_v7_vL,1780114500000000,0.7649534883720924,1,0.8600000000000001,eth-updown-5m-1780114200
poly_sniper_v5_eth_5m_cloud_ribbon_mp_hurst_v6_vL,1780114500000000,0.7649534883720924,1,0.8600000000000001,eth-updown-5m-1780114200
poly_sniper_v5_eth_5m_v6c3_parent15mrang_v7_vL,1780114800000000,1.33325641025641,1,0.78,eth-updown-5m-1780114500
poly_sniper_v5_eth_5m_ema50_hurst_parent15mrang_v7,1780114800000000,1.33325641025641,1,0.78,eth-updown-5m-1780114500
poly_sniper_v5_eth_5m_cloud_ribbon_mp_hurst_v6,1780114800000000,1.33325641025641,1,0.78,eth-updown-5m-1780114500
poly_sniper_v5_eth_5m_v6c3_parent15mrang_v7,1780114800000000,1.33325641025641,1,0.78,eth-updown-5m-1780114500
poly_sniper_v5_eth_5m_bb_mp_hurst_band_v6_vL,1780114800000000,1.33325641025641,1,0.78,eth-updown-5m-1780114500
poly_sniper_v5_eth_5m_bb_mp_hurst_band_v6,1780114800000000,1.33325641025641,1,0.78,eth-updown-5m-1780114500
poly_sniper_v5_eth_5m_ema50_hurst_parent15mrang_v7_vL,1780114800000000,1.33325641025641,1,0.78,eth-updown-5m-1780114500
poly_sniper_v5_eth_5m_cloud_vwap_hurstmp_v7,1780114800000000,1.33325641025641,1,0.78,eth-updown-5m-1780114500
poly_sniper_v5_eth_5m_cloud_vwap_hurstmp_v7_vL,1780114800000000,1.33325641025641,1,0.78,eth-updown-5m-1780114500
poly_sniper_v5_eth_5m_cloud_ribbon_mp_hurst_v6_vL,1780114800000000,1.33325641025641,1,0.78,eth-updown-5m-1780114500
poly_sniper_v5_eth_5m_ema200_vwap_regimerang_xa3_v7,1780115100000000,-5.0,0,0.58,eth-updown-5m-1780114800
poly_sniper_v5_eth_5m_ema200_vwap_regimerang_xa3_v7,1780115700000000,2.0378571428571433,1,0.7,eth-updown-5m-1780115400
poly_sniper_v5_eth_5m_ema50_hurst_parent15mrang_v7,1780116000000000,2.931516129032258,1,0.62,eth-updown-5m-1780115700
poly_sniper_v5_eth_5m_l_ema50_hurst_grandparent_v8,1780116000000000,2.931516129032258,1,0.62,eth-updown-5m-1780115700
poly_sniper_v5_eth_5m_ema50_hurst_parent15mrang_v7_vL,1780116000000000,2.931516129032258,1,0.62,eth-updown-5m-1780115700
poly_sniper_v5_eth_5m_v6c3_parent15mrang_v7,1780116300000000,3.473689655172415,1,0.58,eth-updown-5m-1780116000
poly_sniper_v5_eth_5m_ema50_hurst_parent15mrang_v7,1780116300000000,3.473689655172415,1,0.58,eth-updown-5m-1780116000
poly_sniper_v5_eth_5m_ema50_hurst_parent15mrang_v7_vL,1780116300000000,3.473689655172415,1,0.58,eth-updown-5m-1780116000
poly_sniper_v5_eth_5m_l_ema50_hurst_grandparent_v8,1780116300000000,3.473689655172415,1,0.58,eth-updown-5m-1780116000
poly_sniper_v5_eth_5m_cloud_ribbon_mp_hurst_v6,1780116300000000,3.473689655172415,1,0.58,eth-updown-5m-1780116000
poly_sniper_v5_eth_5m_bb_mp_hurst_band_v6,1780116300000000,3.473689655172415,1,0.58,eth-updown-5m-1780116000
poly_sniper_v5_eth_5m_cloud_vwap_hurstmp_v7,1780116300000000,3.473689655172415,1,0.58,eth-updown-5m-1780116000
poly_sniper_v5_eth_5m_v6c3_parent15mrang_v7_vL,1780116300000000,3.473689655172415,1,0.58,eth-updown-5m-1780116000
poly_sniper_v5_eth_5m_bb_mp_hurst_band_v6_vL,1780116300000000,3.473689655172415,1,0.58,eth-updown-5m-1780116000
poly_sniper_v5_eth_5m_cloud_ribbon_mp_hurst_v6_vL,1780116300000000,3.473689655172415,1,0.58,eth-updown-5m-1780116000
poly_sniper_v5_eth_5m_cloud_vwap_hurstmp_v7_vL,1780116300000000,3.473689655172415,1,0.58,eth-updown-5m-1780116000
poly_sniper_v5_eth_5m_bb_mp_hurst_band_v6_vL,1780116900000000,4.380470206577672,1,0.5237154150197628,eth-updown-5m-1780116600
poly_sniper_v5_eth_5m_ema50_hurst_parent15mrang_v7_vL,1780116900000000,4.380470206577672,1,0.5237154150197628,eth-updown-5m-1780116600
poly_sniper_v5_eth_5m_ema50_hurst_parent15mrang_v7_vL,1780117200000000,2.1378768115942033,1,0.69,eth-updown-5m-1780116900
poly_sniper_v5_eth_5m_ema50_hurst_parent15mrang_v7,1780117200000000,2.1378768115942033,1,0.69,eth-updown-5m-1780116900
poly_sniper_v5_eth_5m_cloud_vwap_hurstmp_v7,1780117200000000,2.1378768115942033,1,0.69,eth-updown-5m-1780116900
poly_sniper_v5_eth_5m_v6c3_parent15mrang_v7,1780117200000000,2.1378768115942033,1,0.69,eth-updown-5m-1780116900
poly_sniper_v5_eth_5m_cloud_vwap_hurstmp_v7_vL,1780117200000000,2.1378768115942033,1,0.69,eth-updown-5m-1780116900
poly_sniper_v5_eth_5m_cloud_ribbon_mp_hurst_v6_vL,1780117200000000,2.1378768115942033,1,0.69,eth-updown-5m-1780116900
poly_sniper_v5_eth_5m_bb_mp_hurst_band_v6_vL,1780117200000000,2.1378768115942033,1,0.69,eth-updown-5m-1780116900
poly_sniper_v5_eth_5m_cloud_ribbon_mp_hurst_v6,1780117200000000,2.1378768115942033,1,0.69,eth-updown-5m-1780116900
poly_sniper_v5_eth_5m_l_ema50_hurst_grandparent_v8,1780117200000000,2.1378768115942033,1,0.69,eth-updown-5m-1780116900
poly_sniper_v5_eth_5m_bb_mp_hurst_band_v6,1780117200000000,2.1378768115942033,1,0.69,eth-updown-5m-1780116900
poly_sniper_v5_eth_5m_v6c3_parent15mrang_v7_vL,1780117200000000,2.1378768115942033,1,0.69,eth-updown-5m-1780116900
poly_sniper_v5_eth_5m_v6c3_parent15mrang_v7_vL,1780117500000000,1.8464444444444446,1,0.72,eth-updown-5m-1780117200
poly_sniper_v5_eth_5m_cloud_ribbon_mp_hurst_v6,1780117500000000,1.8464444444444446,1,0.72,eth-updown-5m-1780117200
poly_sniper_v5_eth_5m_cloud_vwap_hurstmp_v7,1780117500000000,1.8464444444444446,1,0.72,eth-updown-5m-1780117200
poly_sniper_v5_eth_5m_ema50_hurst_parent15mrang_v7,1780117500000000,1.8464444444444446,1,0.72,eth-updown-5m-1780117200
poly_sniper_v5_eth_5m_ema50_hurst_parent15mrang_v7_vL,1780117500000000,1.8464444444444446,1,0.72,eth-updown-5m-1780117200
poly_sniper_v5_eth_5m_bb_mp_hurst_band_v6_vL,1780117500000000,1.8464444444444446,1,0.72,eth-updown-5m-1780117200
poly_sniper_v5_eth_5m_v6c3_parent15mrang_v7,1780117500000000,1.8464444444444446,1,0.72,eth-updown-5m-1780117200
poly_sniper_v5_eth_5m_bb_mp_hurst_band_v6,1780117500000000,1.8464444444444446,1,0.72,eth-updown-5m-1780117200
poly_sniper_v5_eth_5m_cloud_vwap_hurstmp_v7_vL,1780117500000000,1.8464444444444446,1,0.72,eth-updown-5m-1780117200
poly_sniper_v5_eth_5m_cloud_ribbon_mp_hurst_v6_vL,1780117500000000,1.8464444444444446,1,0.72,eth-updown-5m-1780117200
poly_sniper_v5_eth_5m_ema50_hurst_parent15mrang_v7,1780117800000000,0.4067826086956525,1,0.9199999999999999,eth-updown-5m-1780117500
poly_sniper_v5_eth_5m_ema50_hurst_parent15mrang_v7_vL,1780117800000000,0.4067826086956525,1,0.9199999999999999,eth-updown-5m-1780117500
poly_sniper_v5_eth_5m_bb_mp_hurst_band_v6_vL,1780118100000000,-5.000000000000001,0,0.54,eth-updown-5m-1780117800
poly_sniper_v5_eth_5m_ema50_hurst_parent15mrang_v7_vL,1780118100000000,-5.000000000000001,0,0.54,eth-updown-5m-1780117800
poly_sniper_v5_eth_5m_cloud_vwap_hurstmp_v7_vL,1780118100000000,-5.000000000000001,0,0.54,eth-updown-5m-1780117800
poly_sniper_v5_eth_5m_cloud_vwap_hurstmp_v7_vL,1780118400000000,-5.0,0,0.51,eth-updown-5m-1780118100
poly_sniper_v5_eth_5m_ema50_hurst_parent15mrang_v7_vL,1780118400000000,4.825,1,0.5,eth-updown-5m-1780118100
poly_sniper_v5_eth_5m_cloud_vwap_hurstmp_v7,1780118400000000,-5.0,0,0.51,eth-updown-5m-1780118100
poly_sniper_v5_eth_5m_ema50_hurst_parent15mrang_v7,1780118400000000,4.825,1,0.5,eth-updown-5m-1780118100
poly_sniper_v5_eth_5m_cloud_vwap_hurstmp_v7,1780118700000000,-5.0,0,0.52,eth-updown-5m-1780118400
poly_sniper_v5_eth_5m_l_ema50_hurst_grandparent_v8,1780118700000000,5.025581632653061,1,0.49,eth-updown-5m-1780118400
poly_sniper_v5_eth_5m_bb_mp_hurst_band_v6,1780118700000000,-5.0,0,0.52,eth-updown-5m-1780118400
poly_sniper_v5_eth_5m_cloud_vwap_hurstmp_v7_vL,1780118700000000,-5.0,0,0.52,eth-updown-5m-1780118400
poly_sniper_v5_eth_5m_bb_mp_hurst_band_v6_vL,1780118700000000,-5.0,0,0.52,eth-updown-5m-1780118400
poly_sniper_v5_eth_5m_bb_mp_hurst_band_v6_vL,1780119000000000,2.931516129032258,1,0.62,eth-updown-5m-1780118700
poly_sniper_v5_eth_5m_cloud_vwap_hurstmp_v7_vL,1780119000000000,2.931516129032258,1,0.62,eth-updown-5m-1780118700
poly_sniper_v5_eth_5m_cloud_ribbon_mp_hurst_v6_vL,1780119000000000,2.931516129032258,1,0.62,eth-updown-5m-1780118700
poly_sniper_v5_eth_5m_cloud_vwap_hurstmp_v7,1780119300000000,2.6865,1,0.64,eth-updown-5m-1780119000
poly_sniper_v5_eth_5m_bb_mp_hurst_band_v6_vL,1780119300000000,2.6865,1,0.64,eth-updown-5m-1780119000
poly_sniper_v5_eth_5m_bb_mp_hurst_band_v6,1780119300000000,2.6865,1,0.64,eth-updown-5m-1780119000
poly_sniper_v5_eth_5m_cloud_vwap_hurstmp_v7_vL,1780119300000000,2.6865,1,0.64,eth-updown-5m-1780119000
poly_sniper_v5_eth_5m_ema50_hurst_parent15mrang_v7,1780119600000000,4.848777522395802,1,0.49879292113086326,eth-updown-5m-1780119300
poly_sniper_v5_eth_5m_ema50_hurst_parent15mrang_v7_vL,1780119600000000,4.848777522395802,1,0.49879292113086326,eth-updown-5m-1780119300
poly_sniper_v5_eth_5m_cloud_ribbon_mp_hurst_v6_vL,1780119900000000,-5.0,0,0.6,eth-updown-5m-1780119600
poly_sniper_v5_eth_5m_bb_mp_hurst_band_v6_vL,1780119900000000,-5.0,0,0.6,eth-updown-5m-1780119600
poly_sniper_v5_eth_5m_ema50_hurst_parent15mrang_v7_vL,1780119900000000,-5.0,0,0.6,eth-updown-5m-1780119600
poly_sniper_v5_eth_5m_v6c3_parent15mrang_v7_vL,1780119900000000,-5.0,0,0.6,eth-updown-5m-1780119600
poly_sniper_v5_eth_5m_ema200_vwap_regimerang_xa3_v7,1780119900000000,3.7745714285714276,1,0.56,eth-updown-5m-1780119600
poly_sniper_v5_eth_5m_cloud_vwap_hurstmp_v7_vL,1780119900000000,-5.0,0,0.6,eth-updown-5m-1780119600
poly_sniper_v5_eth_5m_ema50_hurst_parent15mrang_v7,1780120200000000,6.1096891719522635,1,0.44228652303821353,eth-updown-5m-1780119900
poly_sniper_v5_eth_5m_ema50_hurst_parent15mrang_v7_vL,1780120200000000,6.1096891719522635,1,0.44228652303821353,eth-updown-5m-1780119900
poly_sniper_v5_eth_5m_ema200_vwap_regimerang_xa3_v7,1780120200000000,5.680565217391305,1,0.45999999999999996,eth-updown-5m-1780119900
poly_sniper_v5_eth_5m_cloud_vwap_hurstmp_v7,1780120500000000,-5.0,0,0.55,eth-updown-5m-1780120200
poly_sniper_v5_eth_5m_cloud_vwap_hurstmp_v7_vL,1780120500000000,-5.0,0,0.55,eth-updown-5m-1780120200
poly_sniper_v5_eth_5m_ema50_hurst_parent15mrang_v7_vL,1780120500000000,-5.0,0,0.55,eth-updown-5m-1780120200
poly_sniper_v5_eth_5m_ema50_hurst_parent15mrang_v7,1780120500000000,-5.0,0,0.55,eth-updown-5m-1780120200
poly_sniper_v5_eth_5m_bb_mp_hurst_band_v6,1780120500000000,-5.0,0,0.55,eth-updown-5m-1780120200
poly_sniper_v5_eth_5m_bb_mp_hurst_band_v6_vL,1780120500000000,-5.0,0,0.55,eth-updown-5m-1780120200
poly_sniper_v5_eth_5m_ema200_vwap_regimerang_xa3_v7,1780120800000000,-5.0,0,0.68,eth-updown-5m-1780120500
poly_sniper_v5_eth_5m_v6c3_parent15mrang_v7_vL,1780120800000000,-5.0,0,0.68,eth-updown-5m-1780120500
poly_sniper_v5_eth_5m_bb_mp_hurst_band_v6_vL,1780120800000000,-5.0,0,0.68,eth-updown-5m-1780120500
poly_sniper_v5_eth_5m_cloud_ribbon_mp_hurst_v6_vL,1780120800000000,-5.0,0,0.68,eth-updown-5m-1780120500
poly_sniper_v5_eth_5m_cloud_vwap_hurstmp_v7,1780120800000000,-5.0,0,0.68,eth-updown-5m-1780120500
poly_sniper_v5_eth_5m_ema50_hurst_parent15mrang_v7_vL,1780120800000000,-5.0,0,0.68,eth-updown-5m-1780120500
poly_sniper_v5_eth_5m_ema50_hurst_parent15mrang_v7,1780120800000000,-5.0,0,0.68,eth-updown-5m-1780120500
poly_sniper_v5_eth_5m_cloud_vwap_hurstmp_v7_vL,1780120800000000,-5.0,0,0.68,eth-updown-5m-1780120500
poly_sniper_v5_eth_5m_cloud_ribbon_mp_hurst_v6,1780120800000000,-5.0,0,0.68,eth-updown-5m-1780120500
poly_sniper_v5_eth_5m_bb_mp_hurst_band_v6,1780120800000000,-5.0,0,0.68,eth-updown-5m-1780120500
poly_sniper_v5_eth_5m_v6c3_parent15mrang_v7,1780120800000000,-5.0,0,0.68,eth-updown-5m-1780120500
poly_sniper_v5_eth_5m_ema50_hurst_parent15mrang_v7,1780121100000000,2.569807692307692,1,0.65,eth-updown-5m-1780120800
poly_sniper_v5_eth_5m_cloud_ribbon_mp_hurst_v6,1780121100000000,2.569807692307692,1,0.65,eth-updown-5m-1780120800
poly_sniper_v5_eth_5m_cloud_ribbon_mp_hurst_v6_vL,1780121100000000,2.569807692307692,1,0.65,eth-updown-5m-1780120800
poly_sniper_v5_eth_5m_l_ema50_hurst_grandparent_v8,1780121100000000,2.569807692307692,1,0.65,eth-updown-5m-1780120800
poly_sniper_v5_eth_5m_bb_mp_hurst_band_v6_vL,1780121100000000,2.569807692307692,1,0.65,eth-updown-5m-1780120800
poly_sniper_v5_eth_5m_cloud_vwap_hurstmp_v7_vL,1780121100000000,2.569807692307692,1,0.65,eth-updown-5m-1780120800
poly_sniper_v5_eth_5m_v6c3_parent15mrang_v7_vL,1780121100000000,2.569807692307692,1,0.65,eth-updown-5m-1780120800
poly_sniper_v5_eth_5m_ema50_hurst_parent15mrang_v7_vL,1780121100000000,2.569807692307692,1,0.65,eth-updown-5m-1780120800
poly_sniper_v5_eth_5m_cloud_vwap_hurstmp_v7,1780121100000000,2.569807692307692,1,0.65,eth-updown-5m-1780120800
poly_sniper_v5_eth_5m_ema200_vwap_regimerang_xa3_v7,1780121100000000,1.33325641025641,1,0.78,eth-updown-5m-1780120800
poly_sniper_v5_eth_5m_bb_mp_hurst_band_v6,1780121100000000,2.569807692307692,1,0.65,eth-updown-5m-1780120800
poly_sniper_v5_eth_5m_v6c3_parent15mrang_v7,1780121100000000,2.569807692307692,1,0.65,eth-updown-5m-1780120800
poly_sniper_v5_eth_5m_cloud_ribbon_mp_hurst_v6,1780121400000000,1.8464444444444446,1,0.72,eth-updown-5m-1780121100
poly_sniper_v5_eth_5m_cloud_ribbon_mp_hurst_v6_vL,1780121400000000,1.8464444444444446,1,0.72,eth-updown-5m-1780121100
poly_sniper_v5_eth_5m_cloud_vwap_hurstmp_v7,1780121400000000,1.8464444444444446,1,0.72,eth-updown-5m-1780121100
poly_sniper_v5_eth_5m_cloud_vwap_hurstmp_v7_vL,1780121400000000,1.8464444444444446,1,0.72,eth-updown-5m-1780121100
poly_sniper_v5_eth_5m_v6c3_parent15mrang_v7_vL,1780121400000000,1.8464444444444446,1,0.72,eth-updown-5m-1780121100
poly_sniper_v5_eth_5m_v6c3_parent15mrang_v7,1780121400000000,1.8464444444444446,1,0.72,eth-updown-5m-1780121100
poly_sniper_v5_eth_5m_bb_mp_hurst_band_v6,1780121400000000,1.8464444444444446,1,0.72,eth-updown-5m-1780121100
poly_sniper_v5_eth_5m_ema50_hurst_parent15mrang_v7_vL,1780121400000000,1.8464444444444446,1,0.72,eth-updown-5m-1780121100
poly_sniper_v5_eth_5m_ema50_hurst_parent15mrang_v7,1780121400000000,1.8464444444444446,1,0.72,eth-updown-5m-1780121100
poly_sniper_v5_eth_5m_bb_mp_hurst_band_v6_vL,1780121400000000,1.8464444444444446,1,0.72,eth-updown-5m-1780121100
poly_sniper_v5_eth_5m_bb_mp_hurst_band_v6,1780121700000000,2.931516129032258,1,0.62,eth-updown-5m-1780121400
poly_sniper_v5_eth_5m_tr200_mp_sms_active_off120,1780121700000000,2.931516129032258,1,0.62,eth-updown-5m-1780121400
poly_sniper_v5_eth_5m_cloud_ribbon_mp_hurst_v6,1780121700000000,2.931516129032258,1,0.62,eth-updown-5m-1780121400
poly_sniper_v5_eth_5m_v6c3_parent15mrang_v7,1780121700000000,2.931516129032258,1,0.62,eth-updown-5m-1780121400
poly_sniper_v5_eth_5m_cloud_ribbon_mp_hurst_v6_vL,1780121700000000,2.931516129032258,1,0.62,eth-updown-5m-1780121400
poly_sniper_v5_eth_5m_lq_ema50_hurst_grandparent_prev15m_v8,1780121700000000,2.931516129032258,1,0.62,eth-updown-5m-1780121400
poly_sniper_v5_eth_5m_cloud_vwap_hurstmp_v7_vL,1780121700000000,2.931516129032258,1,0.62,eth-updown-5m-1780121400
poly_sniper_v5_eth_5m_ema50_hurst_parent15mrang_v7_vL,1780121700000000,2.931516129032258,1,0.62,eth-updown-5m-1780121400
poly_sniper_v5_eth_5m_l_ema50_hurst_grandparent_v8,1780121700000000,2.931516129032258,1,0.62,eth-updown-5m-1780121400
poly_sniper_v5_eth_5m_v6c3_parent15mrang_v7_vL,1780121700000000,2.931516129032258,1,0.62,eth-updown-5m-1780121400
poly_sniper_v5_eth_5m_lq_ema50_hurst_grandparent_prev15m_v8_vL,1780121700000000,2.931516129032258,1,0.62,eth-updown-5m-1780121400
poly_sniper_v5_eth_5m_ema50_hurst_parent15mrang_v7,1780121700000000,2.931516129032258,1,0.62,eth-updown-5m-1780121400
poly_sniper_v5_eth_5m_cloud_vwap_hurstmp_v7,1780121700000000,2.931516129032258,1,0.62,eth-updown-5m-1780121400
poly_sniper_v5_eth_5m_bb_mp_hurst_band_v6_vL,1780121700000000,2.931516129032258,1,0.62,eth-updown-5m-1780121400
poly_sniper_v5_eth_5m_v5repl_off120_v6,1780121700000000,2.931516129032258,1,0.62,eth-updown-5m-1780121400
poly_sniper_v5_eth_5m_ema50_hurst_parent15mrang_v7,1780122000000000,-5.0,0,0.67,eth-updown-5m-1780121700
poly_sniper_v5_eth_5m_cloud_vwap_hurstmp_v7,1780122000000000,-5.0,0,0.67,eth-updown-5m-1780121700
poly_sniper_v5_eth_5m_cloud_vwap_hurstmp_v7_vL,1780122000000000,-5.0,0,0.67,eth-updown-5m-1780121700
poly_sniper_v5_eth_5m_bb_mp_hurst_band_v6,1780122000000000,-5.0,0,0.67,eth-updown-5m-1780121700
poly_sniper_v5_eth_5m_l_ema50_hurst_grandparent_v8,1780122000000000,-5.0,0,0.67,eth-updown-5m-1780121700
poly_sniper_v5_eth_5m_bb_mp_hurst_band_v6_vL,1780122000000000,-5.0,0,0.67,eth-updown-5m-1780121700
poly_sniper_v5_eth_5m_ema50_hurst_parent15mrang_v7_vL,1780122000000000,-5.0,0,0.67,eth-updown-5m-1780121700
poly_sniper_v5_eth_5m_cloud_ribbon_mp_hurst_v6_vL,1780122300000000,0.24565789473684235,1,0.95,eth-updown-5m-1780122000
poly_sniper_v5_eth_5m_v6c3_parent15mrang_v7,1780122300000000,0.24565789473684235,1,0.95,eth-updown-5m-1780122000
poly_sniper_v5_eth_5m_ema50_hurst_parent15mrang_v7_vL,1780122300000000,0.24565789473684235,1,0.95,eth-updown-5m-1780122000
poly_sniper_v5_eth_5m_v6c3_parent15mrang_v7_vL,1780122300000000,0.24565789473684235,1,0.95,eth-updown-5m-1780122000
poly_sniper_v5_eth_5m_cloud_ribbon_mp_hurst_v6,1780122300000000,0.24565789473684235,1,0.95,eth-updown-5m-1780122000
poly_sniper_v5_eth_5m_l_ema50_hurst_grandparent_v8,1780122300000000,0.24565789473684235,1,0.95,eth-updown-5m-1780122000
poly_sniper_v5_eth_5m_ema50_hurst_parent15mrang_v7,1780122300000000,0.24565789473684235,1,0.95,eth-updown-5m-1780122000
poly_sniper_v5_eth_5m_ema50_hurst_parent15mrang_v7,1780122600000000,-5.0,0,0.62,eth-updown-5m-1780122300
poly_sniper_v5_eth_5m_cloud_vwap_hurstmp_v7_vL,1780122600000000,-5.0,0,0.62,eth-updown-5m-1780122300
poly_sniper_v5_eth_5m_bb_mp_hurst_band_v6_vL,1780122600000000,-5.0,0,0.62,eth-updown-5m-1780122300
poly_sniper_v5_eth_5m_ema50_hurst_parent15mrang_v7_vL,1780122600000000,-5.0,0,0.62,eth-updown-5m-1780122300
poly_sniper_v5_eth_5m_bb_mp_hurst_band_v6,1780122600000000,-5.0,0,0.62,eth-updown-5m-1780122300
poly_sniper_v5_eth_5m_cloud_vwap_hurstmp_v7,1780122600000000,-5.0,0,0.62,eth-updown-5m-1780122300
poly_sniper_v5_eth_5m_ema50_hurst_parent15mrang_v7,1780122900000000,0.9645963855421689,1,0.83,eth-updown-5m-1780122600
poly_sniper_v5_eth_5m_l_ema50_hurst_grandparent_v8,1780122900000000,0.9645963855421689,1,0.83,eth-updown-5m-1780122600
poly_sniper_v5_eth_5m_ema50_hurst_parent15mrang_v7_vL,1780122900000000,0.9645963855421689,1,0.83,eth-updown-5m-1780122600
poly_sniper_v5_eth_5m_bb_mp_hurst_band_v6_vL,1780123200000000,-5.0,0,0.66,eth-updown-5m-1780122900
poly_sniper_v5_eth_5m_ema50_hurst_parent15mrang_v7,1780123200000000,-5.0,0,0.66,eth-updown-5m-1780122900
poly_sniper_v5_eth_5m_cloud_vwap_hurstmp_v7_vL,1780123200000000,-5.0,0,0.66,eth-updown-5m-1780122900
poly_sniper_v5_eth_5m_v6c3_parent15mrang_v7_vL,1780123200000000,-5.0,0,0.66,eth-updown-5m-1780122900
poly_sniper_v5_eth_5m_ema50_hurst_parent15mrang_v7_vL,1780123200000000,-5.0,0,0.66,eth-updown-5m-1780122900
poly_sniper_v5_eth_5m_lq_ema50_hurst_grandparent_prev15m_v8_vL,1780123200000000,-5.0,0,0.66,eth-updown-5m-1780122900
poly_sniper_v5_eth_5m_cloud_ribbon_mp_hurst_v6_vL,1780123200000000,-5.0,0,0.66,eth-updown-5m-1780122900
poly_sniper_v5_eth_5m_cloud_ribbon_mp_hurst_v6,1780123200000000,-5.0,0,0.66,eth-updown-5m-1780122900
poly_sniper_v5_eth_5m_bb_mp_hurst_band_v6,1780123200000000,-5.0,0,0.66,eth-updown-5m-1780122900
poly_sniper_v5_eth_5m_v6c3_parent15mrang_v7,1780123200000000,-5.0,0,0.66,eth-updown-5m-1780122900
poly_sniper_v5_eth_5m_cloud_vwap_hurstmp_v7,1780123200000000,-5.0,0,0.66,eth-updown-5m-1780122900
poly_sniper_v5_eth_5m_lq_ema50_hurst_grandparent_prev15m_v8,1780123200000000,-5.0,0,0.66,eth-updown-5m-1780122900
poly_sniper_v5_eth_5m_l_ema50_hurst_grandparent_v8,1780123200000000,-5.0,0,0.66,eth-updown-5m-1780122900
poly_sniper_v5_eth_5m_v5repl_off120_v6,1780123500000000,-5.0,0,0.71,eth-updown-5m-1780123200
poly_sniper_v5_eth_5m_cloud_mp_sms_active_off120,1780123500000000,-5.0,0,0.71,eth-updown-5m-1780123200
poly_sniper_v5_eth_5m_tr200_mp_sms_active_off120,1780123500000000,-5.0,0,0.71,eth-updown-5m-1780123200
poly_sniper_v5_eth_5m_bb_mp_hurst_band_v6,1780123800000000,2.931516129032258,1,0.62,eth-updown-5m-1780123500
poly_sniper_v5_eth_5m_ema50_hurst_parent15mrang_v7_vL,1780123800000000,2.931516129032258,1,0.62,eth-updown-5m-1780123500
poly_sniper_v5_eth_5m_cloud_vwap_hurstmp_v7_vL,1780123800000000,2.931516129032258,1,0.62,eth-updown-5m-1780123500
poly_sniper_v5_eth_5m_cloud_vwap_hurstmp_v7,1780123800000000,2.931516129032258,1,0.62,eth-updown-5m-1780123500
poly_sniper_v5_eth_5m_ema200_vwap_regimerang_xa3_v7,1780123800000000,1.940753521126761,1,0.71,eth-updown-5m-1780123500
poly_sniper_v5_eth_5m_ema50_hurst_parent15mrang_v7,1780123800000000,2.931516129032258,1,0.62,eth-updown-5m-1780123500
poly_sniper_v5_eth_5m_bb_mp_hurst_band_v6_vL,1780123800000000,2.931516129032258,1,0.62,eth-updown-5m-1780123500
poly_sniper_v5_eth_5m_l_ema50_hurst_grandparent_v8,1780124100000000,4.46361057442737,1,0.5191071357265503,eth-updown-5m-1780123800
poly_sniper_v5_eth_5m_lq_ema50_hurst_grandparent_prev15m_v8,1780124100000000,4.46361057442737,1,0.5191071357265503,eth-updown-5m-1780123800
poly_sniper_v5_eth_5m_lq_ema50_hurst_grandparent_prev15m_v8_vL,1780124100000000,4.46361057442737,1,0.5191071357265503,eth-updown-5m-1780123800
poly_sniper_v5_eth_5m_bb_mp_hurst_band_v6,1780124100000000,4.46361057442737,1,0.5191071357265503,eth-updown-5m-1780123800
poly_sniper_v5_eth_5m_cloud_vwap_hurstmp_v7,1780124100000000,4.46361057442737,1,0.5191071357265503,eth-updown-5m-1780123800
poly_sniper_v5_eth_5m_ema50_hurst_parent15mrang_v7_vL,1780124100000000,4.46361057442737,1,0.5191071357265503,eth-updown-5m-1780123800
poly_sniper_v5_eth_5m_bb_mp_hurst_band_v6_vL,1780124100000000,4.46361057442737,1,0.5191071357265503,eth-updown-5m-1780123800
poly_sniper_v5_eth_5m_ema50_hurst_parent15mrang_v7,1780124100000000,4.46361057442737,1,0.5191071357265503,eth-updown-5m-1780123800
poly_sniper_v5_eth_5m_cloud_vwap_hurstmp_v7_vL,1780124100000000,4.46361057442737,1,0.5191071357265503,eth-updown-5m-1780123800
poly_sniper_v5_eth_5m_bb_mp_hurst_band_v6_vL,1780124400000000,1.5790824013612372,1,0.7500098685509019,eth-updown-5m-1780124100
poly_sniper_v5_eth_5m_ema50_hurst_parent15mrang_v7_vL,1780124400000000,1.5790824013612372,1,0.7500098685509019,eth-updown-5m-1780124100
poly_sniper_v5_eth_5m_v6c3_parent15mrang_v7,1780124400000000,1.5790824013612372,1,0.7500098685509019,eth-updown-5m-1780124100
poly_sniper_v5_eth_5m_cloud_vwap_hurstmp_v7,1780124400000000,1.5790824013612372,1,0.7500098685509019,eth-updown-5m-1780124100
poly_sniper_v5_eth_5m_ema50_hurst_parent15mrang_v7,1780124400000000,1.5790824013612372,1,0.7500098685509019,eth-updown-5m-1780124100
poly_sniper_v5_eth_5m_bb_mp_hurst_band_v6,1780124400000000,1.5790824013612372,1,0.7500098685509019,eth-updown-5m-1780124100
poly_sniper_v5_eth_5m_v6c3_parent15mrang_v7_vL,1780124400000000,1.5790824013612372,1,0.7500098685509019,eth-updown-5m-1780124100
poly_sniper_v5_eth_5m_cloud_ribbon_mp_hurst_v6_vL,1780124400000000,1.5790824013612372,1,0.7500098685509019,eth-updown-5m-1780124100
poly_sniper_v5_eth_5m_cloud_ribbon_mp_hurst_v6,1780124400000000,1.5790824013612372,1,0.7500098685509019,eth-updown-5m-1780124100
poly_sniper_v5_eth_5m_cloud_vwap_hurstmp_v7_vL,1780124400000000,1.5790824013612372,1,0.7500098685509019,eth-updown-5m-1780124100
poly_sniper_v5_eth_5m_cloud_vwap_hurstmp_v7_vL,1780124700000000,3.1400746632040253,1,0.6039603960396039,eth-updown-5m-1780124400
poly_sniper_v5_eth_5m_bb_mp_hurst_band_v6,1780124700000000,3.1400746632040253,1,0.6039603960396039,eth-updown-5m-1780124400
poly_sniper_v5_eth_5m_ema50_hurst_parent15mrang_v7,1780124700000000,3.1400746632040253,1,0.6039603960396039,eth-updown-5m-1780124400
poly_sniper_v5_eth_5m_bb_mp_hurst_band_v6_vL,1780124700000000,3.1400746632040253,1,0.6039603960396039,eth-updown-5m-1780124400
poly_sniper_v5_eth_5m_cloud_vwap_hurstmp_v7,1780124700000000,3.1400746632040253,1,0.6039603960396039,eth-updown-5m-1780124400
poly_sniper_v5_eth_5m_ema50_hurst_parent15mrang_v7_vL,1780124700000000,3.1400746632040253,1,0.6039603960396039,eth-updown-5m-1780124400
poly_sniper_v5_eth_5m_l_ema50_hurst_grandparent_v8,1780125000000000,4.191158331280282,1,0.5345264491605956,eth-updown-5m-1780124700
poly_sniper_v5_eth_5m_lq_ema50_hurst_grandparent_prev15m_v8_vL,1780125000000000,4.191158331280282,1,0.5345264491605956,eth-updown-5m-1780124700
poly_sniper_v5_eth_5m_lq_ema50_hurst_grandparent_prev15m_v8,1780125000000000,4.191158331280282,1,0.5345264491605956,eth-updown-5m-1780124700
poly_sniper_v5_eth_5m_ema50_hurst_parent15mrang_v7,1780125000000000,4.191158331280282,1,0.5345264491605956,eth-updown-5m-1780124700
poly_sniper_v5_eth_5m_cloud_vwap_hurstmp_v7_vL,1780125000000000,4.191158331280282,1,0.5345264491605956,eth-updown-5m-1780124700
poly_sniper_v5_eth_5m_cloud_vwap_hurstmp_v7,1780125000000000,4.191158331280282,1,0.5345264491605956,eth-updown-5m-1780124700
poly_sniper_v5_eth_5m_ema50_hurst_parent15mrang_v7_vL,1780125000000000,4.191158331280282,1,0.5345264491605956,eth-updown-5m-1780124700
poly_sniper_v5_eth_5m_bb_mp_hurst_band_v6_vL,1780125000000000,4.191158331280282,1,0.5345264491605956,eth-updown-5m-1780124700
poly_sniper_v5_eth_5m_bb_mp_hurst_band_v6,1780125000000000,4.191158331280282,1,0.5345264491605956,eth-updown-5m-1780124700
poly_sniper_v5_eth_5m_ema50_hurst_parent15mrang_v7,1780125300000000,-5.0,0,0.562130177514793,eth-updown-5m-1780125000
poly_sniper_v5_eth_5m_ema50_hurst_parent15mrang_v7_vL,1780125300000000,-5.0,0,0.562130177514793,eth-updown-5m-1780125000
poly_sniper_v5_eth_5m_bb_mp_hurst_band_v6_vL,1780125300000000,-5.0,0,0.562130177514793,eth-updown-5m-1780125000
poly_sniper_v5_eth_5m_bb_mp_hurst_band_v6,1780125300000000,-5.0,0,0.562130177514793,eth-updown-5m-1780125000
poly_sniper_v5_eth_5m_ema50_hurst_parent15mrang_v7,1780125600000000,5.025581632653061,1,0.49,eth-updown-5m-1780125300
poly_sniper_v5_eth_5m_k_hurst_ts_cci_tod_euus_v8_vL,1780125600000000,4.269462264150942,1,0.53,eth-updown-5m-1780125300
poly_sniper_v5_eth_5m_k_hurst_ts_cci_tod_euus_v8,1780125600000000,4.269462264150942,1,0.53,eth-updown-5m-1780125300
poly_sniper_v5_eth_5m_ema50_hurst_parent15mrang_v7_vL,1780125600000000,5.025581632653061,1,0.49,eth-updown-5m-1780125300
poly_sniper_v5_eth_5m_ema50_hurst_parent15mrang_v7,1780125900000000,-5.0,0,0.509185303514377,eth-updown-5m-1780125600
poly_sniper_v5_eth_5m_k_hurst_ts_cci_tod_euus_v8,1780125900000000,-5.0,0,0.7955765941366006,eth-updown-5m-1780125600
poly_sniper_v5_eth_5m_bb_mp_hurst_band_v6,1780125900000000,4.632421568627452,1,0.51,eth-updown-5m-1780125600
poly_sniper_v5_eth_5m_bb_mp_hurst_band_v6_vL,1780125900000000,4.632421568627452,1,0.51,eth-updown-5m-1780125600
poly_sniper_v5_eth_5m_cloud_vwap_hurstmp_v7,1780125900000000,4.632421568627452,1,0.51,eth-updown-5m-1780125600
poly_sniper_v5_eth_5m_ema50_hurst_parent15mrang_v7_vL,1780125900000000,-5.0,0,0.509185303514377,eth-updown-5m-1780125600
poly_sniper_v5_eth_5m_cloud_vwap_hurstmp_v7_vL,1780125900000000,4.632421568627452,1,0.51,eth-updown-5m-1780125600
poly_sniper_v5_eth_5m_ema200_vwap_regimerang_xa3_v7,1780125900000000,-5.0,0,0.6611668113997,eth-updown-5m-1780125600
poly_sniper_v5_eth_5m_k_hurst_ts_cci_tod_euus_v8_vL,1780125900000000,-5.0,0,0.7955765941366006,eth-updown-5m-1780125600
poly_sniper_v5_eth_5m_k_hurst_ts_cci_tod_euus_v8_vL,1780126200000000,-5.0,0,0.07142857142857142,eth-updown-5m-1780125900
poly_sniper_v5_eth_5m_k_hurst_ts_cci_tod_euus_v8,1780126200000000,-5.0,0,0.07142857142857142,eth-updown-5m-1780125900
poly_sniper_v5_eth_5m_bb_mp_hurst_band_v6_vL,1780126500000000,2.3471865671641785,1,0.67,eth-updown-5m-1780126200
poly_sniper_v5_eth_5m_v6c3_parent15mrang_v7,1780126500000000,2.3471865671641785,1,0.67,eth-updown-5m-1780126200
poly_sniper_v5_eth_5m_cloud_vwap_hurstmp_v7,1780126500000000,2.3471865671641785,1,0.67,eth-updown-5m-1780126200
poly_sniper_v5_eth_5m_ema200_vwap_regimerang_xa3_v7,1780126500000000,1.4130064935064934,1,0.77,eth-updown-5m-1780126200
poly_sniper_v5_eth_5m_v6c3_parent15mrang_v7_vL,1780126500000000,2.3471865671641785,1,0.67,eth-updown-5m-1780126200
poly_sniper_v5_eth_5m_ema50_hurst_parent15mrang_v7_vL,1780126500000000,2.3471865671641785,1,0.67,eth-updown-5m-1780126200
poly_sniper_v5_eth_5m_bb_mp_hurst_band_v6,1780126500000000,2.3471865671641785,1,0.67,eth-updown-5m-1780126200
poly_sniper_v5_eth_5m_cloud_vwap_hurstmp_v7_vL,1780126500000000,2.3471865671641785,1,0.67,eth-updown-5m-1780126200
poly_sniper_v5_eth_5m_k_hurst_ts_cci_tod_euus_v8_vL,1780126500000000,-5.0,0,0.38,eth-updown-5m-1780126200
poly_sniper_v5_eth_5m_ema50_hurst_parent15mrang_v7,1780126500000000,2.3471865671641785,1,0.67,eth-updown-5m-1780126200
poly_sniper_v5_eth_5m_k_hurst_ts_cci_tod_euus_v8,1780126500000000,-5.0,0,0.38,eth-updown-5m-1780126200
poly_sniper_v5_eth_5m_cloud_ribbon_mp_hurst_v6,1780126500000000,2.3471865671641785,1,0.67,eth-updown-5m-1780126200
poly_sniper_v5_eth_5m_cloud_ribbon_mp_hurst_v6_vL,1780126500000000,2.3471865671641785,1,0.67,eth-updown-5m-1780126200
poly_sniper_v5_eth_5m_cloud_ribbon_mp_hurst_v6,1780126800000000,0.5205555555555553,1,0.9,eth-updown-5m-1780126500
poly_sniper_v5_eth_5m_v6c3_parent15mrang_v7_vL,1780126800000000,0.5205555555555553,1,0.9,eth-updown-5m-1780126500
poly_sniper_v5_eth_5m_v6c3_parent15mrang_v7,1780126800000000,0.5205555555555553,1,0.9,eth-updown-5m-1780126500
poly_sniper_v5_eth_5m_ema50_hurst_parent15mrang_v7,1780126800000000,0.5205555555555553,1,0.9,eth-updown-5m-1780126500
poly_sniper_v5_eth_5m_ema50_hurst_parent15mrang_v7_vL,1780126800000000,0.5205555555555553,1,0.9,eth-updown-5m-1780126500
poly_sniper_v5_eth_5m_cloud_ribbon_mp_hurst_v6_vL,1780126800000000,0.5205555555555553,1,0.9,eth-updown-5m-1780126500
poly_sniper_v5_eth_5m_bb_mp_hurst_band_v6_vL,1780127100000000,-5.0,0,0.64,eth-updown-5m-1780126800
poly_sniper_v5_eth_5m_cloud_ribbon_mp_hurst_v6_vL,1780127100000000,-5.0,0,0.64,eth-updown-5m-1780126800
poly_sniper_v5_eth_5m_lq_ema50_hurst_grandparent_prev15m_v8_vL,1780127100000000,-5.0,0,0.64,eth-updown-5m-1780126800
poly_sniper_v5_eth_5m_v6c3_parent15mrang_v7_vL,1780127100000000,-5.0,0,0.64,eth-updown-5m-1780126800
poly_sniper_v5_eth_5m_cloud_vwap_hurstmp_v7_vL,1780127100000000,-5.0,0,0.64,eth-updown-5m-1780126800
poly_sniper_v5_eth_5m_ema200_vwap_regimerang_xa3_v7,1780127100000000,4.825,1,0.5,eth-updown-5m-1780126800
poly_sniper_v5_eth_5m_ema50_hurst_parent15mrang_v7_vL,1780127100000000,-5.0,0,0.64,eth-updown-5m-1780126800
poly_sniper_v5_eth_5m_k_hurst_ts_cci_tod_euus_v8_vL,1780127100000000,4.866614890567287,1,0.49789128397375815,eth-updown-5m-1780126800
poly_sniper_v5_eth_5m_k_hurst_ts_cci_tod_euus_v8,1780127100000000,4.866614890567287,1,0.49789128397375815,eth-updown-5m-1780126800
poly_sniper_v5_eth_5m_k_hurst_ts_cci_tod_euus_v8_vL,1780127400000000,-5.0,0,0.3745392181986635,eth-updown-5m-1780127100
poly_sniper_v5_eth_5m_k_hurst_ts_cci_tod_euus_v8,1780127400000000,-5.0,0,0.3745392181986635,eth-updown-5m-1780127100
poly_sniper_v5_eth_5m_ema50_hurst_parent15mrang_v7,1780127400000000,-5.0,0,0.39,eth-updown-5m-1780127100
poly_sniper_v5_eth_5m_ema50_hurst_parent15mrang_v7_vL,1780127400000000,-5.0,0,0.39,eth-updown-5m-1780127100
poly_sniper_v5_eth_5m_v6c3_parent15mrang_v7_vL,1780127700000000,-5.0,0,0.66,eth-updown-5m-1780127400
poly_sniper_v5_eth_5m_cloud_ribbon_mp_hurst_v6_vL,1780127700000000,-5.0,0,0.66,eth-updown-5m-1780127400
poly_sniper_v5_eth_5m_cloud_vwap_hurstmp_v7,1780127700000000,-5.0,0,0.66,eth-updown-5m-1780127400
poly_sniper_v5_eth_5m_ema50_hurst_parent15mrang_v7,1780127700000000,-5.0,0,0.66,eth-updown-5m-1780127400
poly_sniper_v5_eth_5m_cloud_vwap_hurstmp_v7_vL,1780127700000000,-5.0,0,0.66,eth-updown-5m-1780127400
poly_sniper_v5_eth_5m_bb_mp_hurst_band_v6_vL,1780127700000000,-5.0,0,0.66,eth-updown-5m-1780127400
poly_sniper_v5_eth_5m_l_ema50_hurst_grandparent_v8,1780127700000000,-5.0,0,0.66,eth-updown-5m-1780127400
poly_sniper_v5_eth_5m_bb_mp_hurst_band_v6,1780127700000000,-5.0,0,0.66,eth-updown-5m-1780127400
poly_sniper_v5_eth_5m_ema50_hurst_parent15mrang_v7_vL,1780127700000000,-5.0,0,0.66,eth-updown-5m-1780127400
poly_sniper_v5_eth_5m_cloud_ribbon_mp_hurst_v6,1780127700000000,-5.0,0,0.66,eth-updown-5m-1780127400
poly_sniper_v5_eth_5m_v6c3_parent15mrang_v7,1780127700000000,-5.0,0,0.66,eth-updown-5m-1780127400
poly_sniper_v5_eth_5m_ema50_hurst_parent15mrang_v7,1780128000000000,6.988621951219514,1,0.41,eth-updown-5m-1780127700
poly_sniper_v5_eth_5m_l_ema50_hurst_grandparent_v8,1780128000000000,6.988621951219514,1,0.41,eth-updown-5m-1780127700
poly_sniper_v5_eth_5m_ema200_vwap_regimerang_xa3_v7,1780128000000000,3.0602213114754098,1,0.61,eth-updown-5m-1780127700
poly_sniper_v5_eth_5m_ema50_hurst_parent15mrang_v7_vL,1780128000000000,6.988621951219514,1,0.41,eth-updown-5m-1780127700
poly_sniper_v5_eth_5m_v6c3_parent15mrang_v7_vL,1780128300000000,1.3700897181016465,1,0.7753479125248509,eth-updown-5m-1780128000
poly_sniper_v5_eth_5m_cloud_ribbon_mp_hurst_v6,1780128300000000,1.3700897181016465,1,0.7753479125248509,eth-updown-5m-1780128000
poly_sniper_v5_eth_5m_cloud_vwap_hurstmp_v7,1780128300000000,1.3700897181016465,1,0.7753479125248509,eth-updown-5m-1780128000
poly_sniper_v5_eth_5m_ema50_hurst_parent15mrang_v7,1780128300000000,1.3700897181016465,1,0.7753479125248509,eth-updown-5m-1780128000
poly_sniper_v5_eth_5m_v6c3_parent15mrang_v7,1780128300000000,1.3700897181016465,1,0.7753479125248509,eth-updown-5m-1780128000
poly_sniper_v5_eth_5m_k_hurst_ts_cci_tod_euus_v8_vL,1780128300000000,0.9645963855421689,1,0.83,eth-updown-5m-1780128000
poly_sniper_v5_eth_5m_bb_mp_hurst_band_v6_vL,1780128300000000,1.3700897181016465,1,0.7753479125248509,eth-updown-5m-1780128000
poly_sniper_v5_eth_5m_cloud_ribbon_mp_hurst_v6_vL,1780128300000000,1.3700897181016465,1,0.7753479125248509,eth-updown-5m-1780128000
poly_sniper_v5_eth_5m_cloud_vwap_hurstmp_v7_vL,1780128300000000,1.3700897181016465,1,0.7753479125248509,eth-updown-5m-1780128000
poly_sniper_v5_eth_5m_bb_mp_hurst_band_v6,1780128300000000,1.3700897181016465,1,0.7753479125248509,eth-updown-5m-1780128000
poly_sniper_v5_eth_5m_k_hurst_ts_cci_tod_euus_v8,1780128300000000,0.9645963855421689,1,0.83,eth-updown-5m-1780128000
poly_sniper_v5_eth_5m_ema50_hurst_parent15mrang_v7_vL,1780128300000000,1.3700897181016465,1,0.7753479125248509,eth-updown-5m-1780128000
poly_sniper_v5_eth_5m_k_hurst_ts_cci_tod_euus_v8,1780128600000000,1.5791666666666668,1,0.75,eth-updown-5m-1780128300
poly_sniper_v5_eth_5m_ema50_hurst_parent15mrang_v7,1780128600000000,2.8070079365079366,1,0.63,eth-updown-5m-1780128300
poly_sniper_v5_eth_5m_ema200_vwap_regimerang_xa3_v7,1780128600000000,2.569807692307692,1,0.65,eth-updown-5m-1780128300
poly_sniper_v5_eth_5m_lq_ema50_hurst_grandparent_prev15m_v8_vL,1780128600000000,2.8070079365079366,1,0.63,eth-updown-5m-1780128300
poly_sniper_v5_eth_5m_k_hurst_ts_cci_tod_euus_v8_vL,1780128600000000,1.5791666666666668,1,0.75,eth-updown-5m-1780128300
poly_sniper_v5_eth_5m_l_ema50_hurst_grandparent_v8,1780128600000000,2.8070079365079366,1,0.63,eth-updown-5m-1780128300
poly_sniper_v5_eth_5m_lq_ema50_hurst_grandparent_prev15m_v8,1780128600000000,2.8070079365079366,1,0.63,eth-updown-5m-1780128300
poly_sniper_v5_eth_5m_ema50_hurst_parent15mrang_v7_vL,1780128600000000,2.8070079365079366,1,0.63,eth-updown-5m-1780128300
poly_sniper_v5_eth_5m_ema50_hurst_parent15mrang_v7,1780128900000000,-5.0,0,0.57,eth-updown-5m-1780128600
poly_sniper_v5_eth_5m_cloud_vwap_hurstmp_v7_vL,1780128900000000,-5.0,0,0.57,eth-updown-5m-1780128600
poly_sniper_v5_eth_5m_cloud_vwap_hurstmp_v7,1780128900000000,-5.0,0,0.57,eth-updown-5m-1780128600
poly_sniper_v5_eth_5m_ema50_hurst_parent15mrang_v7_vL,1780128900000000,-5.0,0,0.57,eth-updown-5m-1780128600
poly_sniper_v5_eth_5m_bb_mp_hurst_band_v6,1780128900000000,-5.0,0,0.57,eth-updown-5m-1780128600
poly_sniper_v5_eth_5m_v6c3_parent15mrang_v7_vL,1780128900000000,-5.0,0,0.57,eth-updown-5m-1780128600
poly_sniper_v5_eth_5m_cloud_ribbon_mp_hurst_v6_vL,1780128900000000,-5.0,0,0.57,eth-updown-5m-1780128600
poly_sniper_v5_eth_5m_bb_mp_hurst_band_v6_vL,1780128900000000,-5.0,0,0.57,eth-updown-5m-1780128600
poly_sniper_v5_eth_5m_cloud_ribbon_mp_hurst_v6,1780128900000000,-5.0,0,0.57,eth-updown-5m-1780128600
poly_sniper_v5_eth_5m_v6c3_parent15mrang_v7,1780128900000000,-5.0,0,0.57,eth-updown-5m-1780128600
poly_sniper_v5_eth_5m_k_hurst_ts_cci_tod_euus_v8,1780129200000000,-5.0,0,0.4,eth-updown-5m-1780128900
poly_sniper_v5_eth_5m_ema50_hurst_parent15mrang_v7_vL,1780129200000000,-5.0,0,0.4803921568627451,eth-updown-5m-1780128900
poly_sniper_v5_eth_5m_k_hurst_ts_cci_tod_euus_v8_vL,1780129200000000,-5.0,0,0.4,eth-updown-5m-1780128900
poly_sniper_v5_eth_5m_ema50_hurst_parent15mrang_v7,1780129200000000,-5.0,0,0.4803921568627451,eth-updown-5m-1780128900
poly_sniper_v5_eth_5m_cloud_vwap_hurstmp_v7_vL,1780129500000000,2.790655814722013,1,0.6313380420628971,eth-updown-5m-1780129200
poly_sniper_v5_eth_5m_cloud_ribbon_mp_hurst_v6_vL,1780129500000000,2.790655814722013,1,0.6313380420628971,eth-updown-5m-1780129200
poly_sniper_v5_eth_5m_bb_mp_hurst_band_v6_vL,1780129500000000,2.790655814722013,1,0.6313380420628971,eth-updown-5m-1780129200
poly_sniper_v5_eth_5m_ema50_hurst_parent15mrang_v7_vL,1780129500000000,2.790655814722013,1,0.6313380420628971,eth-updown-5m-1780129200
poly_sniper_v5_eth_5m_v6c3_parent15mrang_v7_vL,1780129500000000,2.790655814722013,1,0.6313380420628971,eth-updown-5m-1780129200
poly_sniper_v5_eth_5m_ema200_vwap_regimerang_xa3_v7,1780129800000000,-5.0,0,0.72,eth-updown-5m-1780129500
poly_sniper_v5_eth_5m_ema50_hurst_parent15mrang_v7,1780130100000000,5.234666666666668,1,0.4799999999999999,eth-updown-5m-1780129800
poly_sniper_v5_eth_5m_ema50_hurst_parent15mrang_v7_vL,1780130100000000,5.234666666666668,1,0.4799999999999999,eth-updown-5m-1780129800
poly_sniper_v5_eth_5m_l_ema50_hurst_grandparent_v8,1780130100000000,5.234666666666668,1,0.4799999999999999,eth-updown-5m-1780129800
poly_sniper_v5_eth_5m_ema200_vwap_regimerang_xa3_v7,1780130100000000,-5.0,0,0.75,eth-updown-5m-1780129800
poly_sniper_v5_eth_5m_lq_ema50_hurst_grandparent_prev15m_v8_vL,1780130400000000,3.93340909090909,1,0.55,eth-updown-5m-1780130100
poly_sniper_v5_eth_5m_cloud_ribbon_mp_hurst_v6_vL,1780130400000000,3.93340909090909,1,0.55,eth-updown-5m-1780130100
poly_sniper_v5_eth_5m_bb_mp_hurst_band_v6_vL,1780130400000000,3.93340909090909,1,0.55,eth-updown-5m-1780130100
poly_sniper_v5_eth_5m_cloud_vwap_hurstmp_v7_vL,1780130400000000,3.93340909090909,1,0.55,eth-updown-5m-1780130100
poly_sniper_v5_eth_5m_v6c3_parent15mrang_v7_vL,1780130400000000,3.93340909090909,1,0.55,eth-updown-5m-1780130100
poly_sniper_v5_eth_5m_ema50_hurst_parent15mrang_v7_vL,1780130400000000,3.93340909090909,1,0.55,eth-updown-5m-1780130100
poly_sniper_v5_eth_5m_bb_mp_hurst_band_v6,1780130700000000,1.940753521126761,1,0.71,eth-updown-5m-1780130400
poly_sniper_v5_eth_5m_cloud_ribbon_mp_hurst_v6,1780130700000000,1.940753521126761,1,0.71,eth-updown-5m-1780130400
poly_sniper_v5_eth_5m_cloud_ribbon_mp_hurst_v6_vL,1780130700000000,1.940753521126761,1,0.71,eth-updown-5m-1780130400
poly_sniper_v5_eth_5m_ema50_hurst_parent15mrang_v7,1780130700000000,1.940753521126761,1,0.71,eth-updown-5m-1780130400
poly_sniper_v5_eth_5m_cloud_vwap_hurstmp_v7_vL,1780130700000000,1.940753521126761,1,0.71,eth-updown-5m-1780130400
poly_sniper_v5_eth_5m_ema50_hurst_parent15mrang_v7_vL,1780130700000000,1.940753521126761,1,0.71,eth-updown-5m-1780130400
poly_sniper_v5_eth_5m_v6c3_parent15mrang_v7_vL,1780130700000000,1.940753521126761,1,0.71,eth-updown-5m-1780130400
poly_sniper_v5_eth_5m_l_ema50_hurst_grandparent_v8,1780130700000000,1.940753521126761,1,0.71,eth-updown-5m-1780130400
poly_sniper_v5_eth_5m_v6c3_parent15mrang_v7,1780130700000000,1.940753521126761,1,0.71,eth-updown-5m-1780130400
poly_sniper_v5_eth_5m_bb_mp_hurst_band_v6_vL,1780130700000000,1.940753521126761,1,0.71,eth-updown-5m-1780130400
poly_sniper_v5_eth_5m_cloud_vwap_hurstmp_v7,1780130700000000,1.940753521126761,1,0.71,eth-updown-5m-1780130400
poly_sniper_v5_eth_5m_ema50_hurst_parent15mrang_v7,1780131000000000,-5.0,0,0.6318990541261034,eth-updown-5m-1780130700
poly_sniper_v5_eth_5m_bb_mp_hurst_band_v6_vL,1780131000000000,-5.0,0,0.6318990541261034,eth-updown-5m-1780130700
poly_sniper_v5_eth_5m_l_ema50_hurst_grandparent_v8,1780131000000000,-5.0,0,0.6318990541261034,eth-updown-5m-1780130700
poly_sniper_v5_eth_5m_ema50_hurst_parent15mrang_v7_vL,1780131000000000,-5.0,0,0.6318990541261034,eth-updown-5m-1780130700
poly_sniper_v5_eth_5m_bb_mp_hurst_band_v6,1780131000000000,-5.0,0,0.6318990541261034,eth-updown-5m-1780130700
poly_sniper_v5_eth_5m_ema50_hurst_parent15mrang_v7_vL,1780131300000000,3.621429824561404,1,0.57,eth-updown-5m-1780131000
poly_sniper_v5_eth_5m_cloud_ribbon_mp_hurst_v6,1780131300000000,3.621429824561404,1,0.57,eth-updown-5m-1780131000
poly_sniper_v5_eth_5m_bb_mp_hurst_band_v6,1780131300000000,3.621429824561404,1,0.57,eth-updown-5m-1780131000
poly_sniper_v5_eth_5m_v6c3_parent15mrang_v7_vL,1780131300000000,3.621429824561404,1,0.57,eth-updown-5m-1780131000
poly_sniper_v5_eth_5m_cloud_vwap_hurstmp_v7,1780131300000000,3.621429824561404,1,0.57,eth-updown-5m-1780131000
poly_sniper_v5_eth_5m_ema50_hurst_parent15mrang_v7,1780131300000000,3.621429824561404,1,0.57,eth-updown-5m-1780131000
poly_sniper_v5_eth_5m_v6c3_parent15mrang_v7,1780131300000000,3.621429824561404,1,0.57,eth-updown-5m-1780131000
poly_sniper_v5_eth_5m_ema200_vwap_regimerang_xa3_v7,1780131300000000,3.473689655172415,1,0.58,eth-updown-5m-1780131000
poly_sniper_v5_eth_5m_bb_mp_hurst_band_v6_vL,1780131300000000,3.621429824561404,1,0.57,eth-updown-5m-1780131000
poly_sniper_v5_eth_5m_cloud_vwap_hurstmp_v7_vL,1780131300000000,3.621429824561404,1,0.57,eth-updown-5m-1780131000
poly_sniper_v5_eth_5m_cloud_ribbon_mp_hurst_v6_vL,1780131300000000,3.621429824561404,1,0.57,eth-updown-5m-1780131000
poly_sniper_v5_eth_5m_ema50_hurst_parent15mrang_v7_vL,1780131600000000,1.1799999999999997,1,0.8,eth-updown-5m-1780131300
poly_sniper_v5_eth_5m_cloud_ribbon_mp_hurst_v6_vL,1780131600000000,1.1799999999999997,1,0.8,eth-updown-5m-1780131300
poly_sniper_v5_eth_5m_l_ema50_hurst_grandparent_v8,1780131600000000,1.1799999999999997,1,0.8,eth-updown-5m-1780131300
poly_sniper_v5_eth_5m_v6c3_parent15mrang_v7,1780131600000000,1.1799999999999997,1,0.8,eth-updown-5m-1780131300
poly_sniper_v5_eth_5m_ema50_hurst_parent15mrang_v7,1780131600000000,1.1799999999999997,1,0.8,eth-updown-5m-1780131300
poly_sniper_v5_eth_5m_k_hurst_ts_cci_tod_euus_v8_vL,1780131600000000,0.4630054945054944,1,0.91,eth-updown-5m-1780131300
poly_sniper_v5_eth_5m_v6c3_parent15mrang_v7_vL,1780131600000000,1.1799999999999997,1,0.8,eth-updown-5m-1780131300
poly_sniper_v5_eth_5m_k_hurst_ts_cci_tod_euus_v8,1780131600000000,0.4630054945054944,1,0.91,eth-updown-5m-1780131300
poly_sniper_v5_eth_5m_cloud_ribbon_mp_hurst_v6,1780131600000000,1.1799999999999997,1,0.8,eth-updown-5m-1780131300
poly_sniper_v5_eth_5m_ema50_hurst_parent15mrang_v7_vL,1780131900000000,6.167636363636364,1,0.44,eth-updown-5m-1780131600
poly_sniper_v5_eth_5m_ema50_hurst_parent15mrang_v7,1780131900000000,6.167636363636364,1,0.44,eth-updown-5m-1780131600
poly_sniper_v5_eth_5m_cloud_ribbon_mp_hurst_v6_vL,1780132200000000,-5.0,0,0.82,eth-updown-5m-1780131900
poly_sniper_v5_eth_5m_l_ema50_hurst_grandparent_v8,1780132200000000,-5.0,0,0.82,eth-updown-5m-1780131900
poly_sniper_v5_eth_5m_cloud_ribbon_mp_hurst_v6,1780132200000000,-5.0,0,0.82,eth-updown-5m-1780131900
poly_sniper_v5_eth_5m_lq_ema50_hurst_grandparent_prev15m_v8,1780132200000000,-5.0,0,0.82,eth-updown-5m-1780131900
poly_sniper_v5_eth_5m_v6c3_parent15mrang_v7_vL,1780132200000000,-5.0,0,0.82,eth-updown-5m-1780131900
poly_sniper_v5_eth_5m_v6c3_parent15mrang_v7,1780132200000000,-5.0,0,0.82,eth-updown-5m-1780131900
poly_sniper_v5_eth_5m_ema50_hurst_parent15mrang_v7,1780132200000000,-5.0,0,0.82,eth-updown-5m-1780131900
poly_sniper_v5_eth_5m_ema50_hurst_parent15mrang_v7_vL,1780132200000000,-5.0,0,0.82,eth-updown-5m-1780131900
poly_sniper_v5_eth_5m_lq_ema50_hurst_grandparent_prev15m_v8_vL,1780132200000000,-5.0,0,0.82,eth-updown-5m-1780131900
poly_sniper_v5_eth_5m_bb_mp_hurst_band_v6,1780132500000000,1.8464444444444446,1,0.72,eth-updown-5m-1780132200
poly_sniper_v5_eth_5m_cloud_vwap_hurstmp_v7,1780132500000000,1.8464444444444446,1,0.72,eth-updown-5m-1780132200
poly_sniper_v5_eth_5m_ema50_hurst_parent15mrang_v7_vL,1780132500000000,1.8464444444444446,1,0.72,eth-updown-5m-1780132200
poly_sniper_v5_eth_5m_ema50_hurst_parent15mrang_v7,1780132500000000,1.8464444444444446,1,0.72,eth-updown-5m-1780132200
poly_sniper_v5_eth_5m_cloud_ribbon_mp_hurst_v6,1780132500000000,1.8464444444444446,1,0.72,eth-updown-5m-1780132200
poly_sniper_v5_eth_5m_cloud_vwap_hurstmp_v7_vL,1780132500000000,1.8464444444444446,1,0.72,eth-updown-5m-1780132200
poly_sniper_v5_eth_5m_bb_mp_hurst_band_v6_vL,1780132500000000,1.8464444444444446,1,0.72,eth-updown-5m-1780132200
poly_sniper_v5_eth_5m_v6c3_parent15mrang_v7_vL,1780132500000000,1.8464444444444446,1,0.72,eth-updown-5m-1780132200
poly_sniper_v5_eth_5m_cloud_ribbon_mp_hurst_v6_vL,1780132500000000,1.8464444444444446,1,0.72,eth-updown-5m-1780132200
poly_sniper_v5_eth_5m_v6c3_parent15mrang_v7,1780132500000000,1.8464444444444446,1,0.72,eth-updown-5m-1780132200
poly_sniper_v5_eth_5m_v6c3_parent15mrang_v7_vL,1780132800000000,-5.0,0,0.53,eth-updown-5m-1780132500
poly_sniper_v5_eth_5m_cloud_vwap_hurstmp_v7_vL,1780132800000000,-5.0,0,0.53,eth-updown-5m-1780132500
poly_sniper_v5_eth_5m_ema50_hurst_parent15mrang_v7,1780132800000000,-5.0,0,0.53,eth-updown-5m-1780132500
poly_sniper_v5_eth_5m_bb_mp_hurst_band_v6,1780132800000000,-5.0,0,0.53,eth-updown-5m-1780132500
poly_sniper_v5_eth_5m_ema50_hurst_parent15mrang_v7_vL,1780132800000000,-5.0,0,0.53,eth-updown-5m-1780132500
poly_sniper_v5_eth_5m_k_hurst_ts_cci_tod_euus_v8_vL,1780132800000000,-5.0,0,0.8333333333333334,eth-updown-5m-1780132500
poly_sniper_v5_eth_5m_bb_mp_hurst_band_v6_vL,1780132800000000,-5.0,0,0.53,eth-updown-5m-1780132500
poly_sniper_v5_eth_5m_v6c3_parent15mrang_v7,1780132800000000,-5.0,0,0.53,eth-updown-5m-1780132500
poly_sniper_v5_eth_5m_cloud_ribbon_mp_hurst_v6_vL,1780132800000000,-5.0,0,0.53,eth-updown-5m-1780132500
poly_sniper_v5_eth_5m_cloud_ribbon_mp_hurst_v6,1780132800000000,-5.0,0,0.53,eth-updown-5m-1780132500
poly_sniper_v5_eth_5m_cloud_vwap_hurstmp_v7,1780132800000000,-5.0,0,0.53,eth-updown-5m-1780132500
poly_sniper_v5_eth_5m_k_hurst_ts_cci_tod_euus_v8,1780132800000000,-5.0,0,0.8333333333333334,eth-updown-5m-1780132500
poly_sniper_v5_eth_5m_bb_mp_hurst_band_v6_vL,1780133100000000,1.5791666666666668,1,0.75,eth-updown-5m-1780132800
poly_sniper_v5_eth_5m_bb_mp_hurst_band_v6,1780133100000000,1.5791666666666668,1,0.75,eth-updown-5m-1780132800
poly_sniper_v5_eth_5m_ema50_hurst_parent15mrang_v7,1780133100000000,1.5791666666666668,1,0.75,eth-updown-5m-1780132800
poly_sniper_v5_eth_5m_ema200_vwap_regimerang_xa3_v7,1780133100000000,-5.0,0,0.49,eth-updown-5m-1780132800
poly_sniper_v5_eth_5m_ema50_hurst_parent15mrang_v7_vL,1780133100000000,1.5791666666666668,1,0.75,eth-updown-5m-1780132800
poly_sniper_v5_eth_5m_bb_mp_hurst_band_v6_vL,1780133400000000,2.6865,1,0.64,eth-updown-5m-1780133100
poly_sniper_v5_eth_5m_cloud_vwap_hurstmp_v7_vL,1780133400000000,2.6865,1,0.64,eth-updown-5m-1780133100
poly_sniper_v5_eth_5m_v6c3_parent15mrang_v7,1780133400000000,2.6865,1,0.64,eth-updown-5m-1780133100
poly_sniper_v5_eth_5m_cloud_ribbon_mp_hurst_v6,1780133400000000,2.6865,1,0.64,eth-updown-5m-1780133100
poly_sniper_v5_eth_5m_cloud_ribbon_mp_hurst_v6_vL,1780133400000000,2.6865,1,0.64,eth-updown-5m-1780133100
poly_sniper_v5_eth_5m_cloud_vwap_hurstmp_v7,1780133400000000,2.6865,1,0.64,eth-updown-5m-1780133100
poly_sniper_v5_eth_5m_bb_mp_hurst_band_v6,1780133400000000,2.6865,1,0.64,eth-updown-5m-1780133100
poly_sniper_v5_eth_5m_v6c3_parent15mrang_v7_vL,1780133400000000,2.6865,1,0.64,eth-updown-5m-1780133100
poly_sniper_v5_eth_5m_ema50_hurst_parent15mrang_v7_vL,1780133400000000,2.6865,1,0.64,eth-updown-5m-1780133100
poly_sniper_v5_eth_5m_k_hurst_ts_cci_tod_euus_v8,1780133400000000,0.9645963855421689,1,0.83,eth-updown-5m-1780133100
poly_sniper_v5_eth_5m_k_hurst_ts_cci_tod_euus_v8_vL,1780133400000000,0.9645963855421689,1,0.83,eth-updown-5m-1780133100
poly_sniper_v5_eth_5m_ema50_hurst_parent15mrang_v7,1780133400000000,2.6865,1,0.64,eth-updown-5m-1780133100
poly_sniper_v5_eth_5m_l_ema50_hurst_grandparent_v8,1780134000000000,-5.0,0,0.47430830039525684,eth-updown-5m-1780133700
poly_sniper_v5_eth_5m_ema200_vwap_regimerang_xa3_v7,1780134000000000,1.8464444444444446,1,0.72,eth-updown-5m-1780133700
poly_sniper_v5_eth_5m_ema50_hurst_parent15mrang_v7_vL,1780134000000000,-5.0,0,0.47430830039525684,eth-updown-5m-1780133700
poly_sniper_v5_eth_5m_ema50_hurst_parent15mrang_v7,1780134000000000,-5.0,0,0.47430830039525684,eth-updown-5m-1780133700
poly_sniper_v5_eth_5m_ema50_hurst_parent15mrang_v7,1780134300000000,1.4130064935064934,1,0.77,eth-updown-5m-1780134000
poly_sniper_v5_eth_5m_ema200_vwap_regimerang_xa3_v7,1780134300000000,1.4949473684210524,1,0.76,eth-updown-5m-1780134000
poly_sniper_v5_eth_5m_bb_mp_hurst_band_v6_vL,1780134300000000,1.4130064935064934,1,0.77,eth-updown-5m-1780134000
poly_sniper_v5_eth_5m_ema50_hurst_parent15mrang_v7_vL,1780134300000000,1.4130064935064934,1,0.77,eth-updown-5m-1780134000
poly_sniper_v5_eth_5m_bb_mp_hurst_band_v6,1780134300000000,1.4130064935064934,1,0.77,eth-updown-5m-1780134000
poly_sniper_v5_eth_5m_l_ema50_hurst_grandparent_v8,1780134300000000,1.4130064935064934,1,0.77,eth-updown-5m-1780134000
poly_sniper_v5_eth_5m_cloud_vwap_hurstmp_v7,1780134600000000,2.200940089915399,1,0.6838453914767096,eth-updown-5m-1780134300
poly_sniper_v5_eth_5m_v6c3_parent15mrang_v7,1780134600000000,2.200940089915399,1,0.6838453914767096,eth-updown-5m-1780134300
poly_sniper_v5_eth_5m_bb_mp_hurst_band_v6_vL,1780134600000000,2.200940089915399,1,0.6838453914767096,eth-updown-5m-1780134300
poly_sniper_v5_eth_5m_bb_mp_hurst_band_v6,1780134600000000,2.200940089915399,1,0.6838453914767096,eth-updown-5m-1780134300
poly_sniper_v5_eth_5m_ema50_hurst_parent15mrang_v7,1780134600000000,2.200940089915399,1,0.6838453914767096,eth-updown-5m-1780134300
poly_sniper_v5_eth_5m_cloud_ribbon_mp_hurst_v6,1780134600000000,2.200940089915399,1,0.6838453914767096,eth-updown-5m-1780134300
poly_sniper_v5_eth_5m_cloud_ribbon_mp_hurst_v6_vL,1780134600000000,2.200940089915399,1,0.6838453914767096,eth-updown-5m-1780134300
poly_sniper_v5_eth_5m_ema50_hurst_parent15mrang_v7_vL,1780134600000000,2.200940089915399,1,0.6838453914767096,eth-updown-5m-1780134300
poly_sniper_v5_eth_5m_cloud_vwap_hurstmp_v7_vL,1780134600000000,2.200940089915399,1,0.6838453914767096,eth-updown-5m-1780134300
poly_sniper_v5_eth_5m_v6c3_parent15mrang_v7_vL,1780134600000000,2.200940089915399,1,0.6838453914767096,eth-updown-5m-1780134300
poly_sniper_v5_eth_5m_bb_mp_hurst_band_v6,1780135500000000,3.3310762711864412,1,0.59,eth-updown-5m-1780135200
poly_sniper_v5_eth_5m_bb_mp_hurst_band_v6_vL,1780135500000000,3.3310762711864412,1,0.59,eth-updown-5m-1780135200
poly_sniper_v5_eth_5m_ema50_hurst_parent15mrang_v7,1780135500000000,3.3310762711864412,1,0.59,eth-updown-5m-1780135200
poly_sniper_v5_eth_5m_cloud_vwap_hurstmp_v7_vL,1780135500000000,3.3310762711864412,1,0.59,eth-updown-5m-1780135200
poly_sniper_v5_eth_5m_cloud_vwap_hurstmp_v7,1780135500000000,3.3310762711864412,1,0.59,eth-updown-5m-1780135200
poly_sniper_v5_eth_5m_ema50_hurst_parent15mrang_v7_vL,1780135500000000,3.3310762711864412,1,0.59,eth-updown-5m-1780135200
poly_sniper_v5_eth_5m_ema200_vwap_regimerang_xa3_v7,1780136400000000,1.4949473684210524,1,0.76,eth-updown-5m-1780136100
poly_sniper_v5_eth_5m_ema200_vwap_regimerang_xa3_v7,1780137000000000,1.2556139240506328,1,0.79,eth-updown-5m-1780136700
poly_sniper_v5_eth_5m_ema200_vwap_regimerang_xa3_v7,1780138200000000,-5.0,0,0.55,eth-updown-5m-1780137900
poly_sniper_v5_eth_5m_cloud_mp_sms_active_off120,1780140600000000,2.456757575757575,1,0.66,eth-updown-5m-1780140300
poly_sniper_v5_eth_5m_v5repl_off120_v6,1780140600000000,2.456757575757575,1,0.66,eth-updown-5m-1780140300
poly_sniper_v5_eth_5m_tr200_mp_sms_active_off120,1780140600000000,2.456757575757575,1,0.66,eth-updown-5m-1780140300
poly_sniper_v5_eth_5m_ema200_vwap_regimerang_xa3_v7,1780141200000000,2.6865,1,0.64,eth-updown-5m-1780140900
poly_sniper_v5_eth_5m_cloud_ribbon_mp_hurst_v6,1780141500000000,1.4130064935064934,1,0.77,eth-updown-5m-1780141200
poly_sniper_v5_eth_5m_ema50_hurst_parent15mrang_v7,1780141500000000,1.4130064935064934,1,0.77,eth-updown-5m-1780141200
poly_sniper_v5_eth_5m_bb_mp_hurst_band_v6_vL,1780141500000000,1.4130064935064934,1,0.77,eth-updown-5m-1780141200
poly_sniper_v5_eth_5m_v6c3_parent15mrang_v7,1780141500000000,1.4130064935064934,1,0.77,eth-updown-5m-1780141200
poly_sniper_v5_eth_5m_cloud_vwap_hurstmp_v7_vL,1780141500000000,1.4130064935064934,1,0.77,eth-updown-5m-1780141200
poly_sniper_v5_eth_5m_bb_mp_hurst_band_v6,1780141500000000,1.4130064935064934,1,0.77,eth-updown-5m-1780141200
poly_sniper_v5_eth_5m_ema50_hurst_parent15mrang_v7_vL,1780141500000000,1.4130064935064934,1,0.77,eth-updown-5m-1780141200
poly_sniper_v5_eth_5m_cloud_vwap_hurstmp_v7,1780141500000000,1.4130064935064934,1,0.77,eth-updown-5m-1780141200
poly_sniper_v5_eth_5m_v6c3_parent15mrang_v7_vL,1780141500000000,1.4130064935064934,1,0.77,eth-updown-5m-1780141200
poly_sniper_v5_eth_5m_cloud_ribbon_mp_hurst_v6_vL,1780141500000000,1.4130064935064934,1,0.77,eth-updown-5m-1780141200
poly_sniper_v5_eth_5m_l_ema50_hurst_grandparent_v8,1780141500000000,1.4130064935064934,1,0.77,eth-updown-5m-1780141200
poly_sniper_v5_eth_5m_cloud_vwap_hurstmp_v7_vL,1780141800000000,3.93340909090909,1,0.55,eth-updown-5m-1780141500
poly_sniper_v5_eth_5m_cloud_ribbon_mp_hurst_v6_vL,1780141800000000,3.93340909090909,1,0.55,eth-updown-5m-1780141500
poly_sniper_v5_eth_5m_ema50_hurst_parent15mrang_v7_vL,1780141800000000,3.93340909090909,1,0.55,eth-updown-5m-1780141500
poly_sniper_v5_eth_5m_bb_mp_hurst_band_v6_vL,1780141800000000,3.93340909090909,1,0.55,eth-updown-5m-1780141500
poly_sniper_v5_eth_5m_v6c3_parent15mrang_v7_vL,1780141800000000,3.93340909090909,1,0.55,eth-updown-5m-1780141500
poly_sniper_v5_eth_5m_cloud_vwap_hurstmp_v7,1780142100000000,-5.0,0,0.73,eth-updown-5m-1780141800
poly_sniper_v5_eth_5m_cloud_vwap_hurstmp_v7_vL,1780142100000000,-5.0,0,0.73,eth-updown-5m-1780141800
poly_sniper_v5_eth_5m_v6c3_parent15mrang_v7,1780142100000000,-5.0,0,0.73,eth-updown-5m-1780141800
poly_sniper_v5_eth_5m_v6c3_parent15mrang_v7_vL,1780142100000000,-5.0,0,0.73,eth-updown-5m-1780141800
poly_sniper_v5_eth_5m_cloud_ribbon_mp_hurst_v6,1780142100000000,-5.0,0,0.73,eth-updown-5m-1780141800
poly_sniper_v5_eth_5m_bb_mp_hurst_band_v6_vL,1780142100000000,-5.0,0,0.73,eth-updown-5m-1780141800
poly_sniper_v5_eth_5m_bb_mp_hurst_band_v6,1780142100000000,-5.0,0,0.73,eth-updown-5m-1780141800
poly_sniper_v5_eth_5m_ema50_hurst_parent15mrang_v7_vL,1780142100000000,-5.0,0,0.73,eth-updown-5m-1780141800
poly_sniper_v5_eth_5m_cloud_ribbon_mp_hurst_v6_vL,1780142100000000,-5.0,0,0.73,eth-updown-5m-1780141800
poly_sniper_v5_eth_5m_ema50_hurst_parent15mrang_v7,1780142100000000,-5.0,0,0.73,eth-updown-5m-1780141800
poly_sniper_v5_eth_5m_ema200_vwap_regimerang_xa3_v7,1780142400000000,1.4130064935064934,1,0.77,eth-updown-5m-1780142100
poly_sniper_v5_eth_5m_bb_mp_hurst_band_v6,1780146000000000,4.447384615384615,1,0.52,eth-updown-5m-1780145700
poly_sniper_v5_eth_5m_v6c3_parent15mrang_v7_vL,1780146000000000,4.447384615384615,1,0.52,eth-updown-5m-1780145700
poly_sniper_v5_eth_5m_l_ema50_hurst_grandparent_v8,1780146000000000,4.447384615384615,1,0.52,eth-updown-5m-1780145700
poly_sniper_v5_eth_5m_cloud_ribbon_mp_hurst_v6_vL,1780146000000000,4.447384615384615,1,0.52,eth-updown-5m-1780145700
poly_sniper_v5_eth_5m_ema50_hurst_parent15mrang_v7_vL,1780146000000000,4.447384615384615,1,0.52,eth-updown-5m-1780145700
poly_sniper_v5_eth_5m_ema50_hurst_parent15mrang_v7,1780146000000000,4.447384615384615,1,0.52,eth-updown-5m-1780145700
poly_sniper_v5_eth_5m_cloud_vwap_hurstmp_v7,1780146000000000,4.447384615384615,1,0.52,eth-updown-5m-1780145700
poly_sniper_v5_eth_5m_cloud_vwap_hurstmp_v7_vL,1780146000000000,4.447384615384615,1,0.52,eth-updown-5m-1780145700
poly_sniper_v5_eth_5m_v6c3_parent15mrang_v7,1780146000000000,4.447384615384615,1,0.52,eth-updown-5m-1780145700
poly_sniper_v5_eth_5m_cloud_ribbon_mp_hurst_v6,1780146000000000,4.447384615384615,1,0.52,eth-updown-5m-1780145700
poly_sniper_v5_eth_5m_ema200_vwap_regimerang_xa3_v7,1780146000000000,2.1378768115942033,1,0.69,eth-updown-5m-1780145700
poly_sniper_v5_eth_5m_bb_mp_hurst_band_v6_vL,1780146000000000,4.447384615384615,1,0.52,eth-updown-5m-1780145700
poly_sniper_v5_eth_5m_ema50_hurst_parent15mrang_v7_vL,1780147200000000,0.8298529411764708,1,0.85,eth-updown-5m-1780146900
poly_sniper_v5_eth_5m_tr200_mp_sms_active_off120,1780147800000000,2.2409411764705878,1,0.68,eth-updown-5m-1780147500
poly_sniper_v5_eth_5m_cloud_vwap_hurstmp_v7,1780147800000000,2.931516129032258,1,0.62,eth-updown-5m-1780147500
poly_sniper_v5_eth_5m_bb_mp_hurst_band_v6_vL,1780147800000000,2.931516129032258,1,0.62,eth-updown-5m-1780147500
poly_sniper_v5_eth_5m_v5repl_off120_v6,1780147800000000,2.2409411764705878,1,0.68,eth-updown-5m-1780147500
poly_sniper_v5_eth_5m_v6c3_parent15mrang_v7_vL,1780147800000000,2.931516129032258,1,0.62,eth-updown-5m-1780147500
poly_sniper_v5_eth_5m_ema50_hurst_parent15mrang_v7,1780147800000000,2.931516129032258,1,0.62,eth-updown-5m-1780147500
poly_sniper_v5_eth_5m_cloud_vwap_hurstmp_v7_vL,1780147800000000,2.931516129032258,1,0.62,eth-updown-5m-1780147500
poly_sniper_v5_eth_5m_cloud_ribbon_mp_hurst_v6_vL,1780147800000000,2.931516129032258,1,0.62,eth-updown-5m-1780147500
poly_sniper_v5_eth_5m_bb_mp_hurst_band_v6,1780147800000000,2.931516129032258,1,0.62,eth-updown-5m-1780147500
poly_sniper_v5_eth_5m_v6c3_parent15mrang_v7,1780147800000000,2.931516129032258,1,0.62,eth-updown-5m-1780147500
poly_sniper_v5_eth_5m_cloud_ribbon_mp_hurst_v6,1780147800000000,2.931516129032258,1,0.62,eth-updown-5m-1780147500
poly_sniper_v5_eth_5m_cloud_mp_sms_active_off120,1780147800000000,2.2409411764705878,1,0.68,eth-updown-5m-1780147500
poly_sniper_v5_eth_5m_ema200_vwap_regimerang_xa3_v7,1780147800000000,2.456757575757575,1,0.66,eth-updown-5m-1780147500
poly_sniper_v5_eth_5m_ema50_hurst_parent15mrang_v7_vL,1780147800000000,2.931516129032258,1,0.62,eth-updown-5m-1780147500
poly_sniper_v5_eth_5m_v6c3_parent15mrang_v7_vL,1780148100000000,2.115833863061688,1,0.6921783842578859,eth-updown-5m-1780147800
poly_sniper_v5_eth_5m_v6c3_parent15mrang_v7,1780148100000000,2.115833863061688,1,0.6921783842578859,eth-updown-5m-1780147800
poly_sniper_v5_eth_5m_ema50_hurst_parent15mrang_v7,1780148100000000,2.115833863061688,1,0.6921783842578859,eth-updown-5m-1780147800
poly_sniper_v5_eth_5m_cloud_ribbon_mp_hurst_v6_vL,1780148100000000,2.115833863061688,1,0.6921783842578859,eth-updown-5m-1780147800
poly_sniper_v5_eth_5m_bb_mp_hurst_band_v6,1780148100000000,2.115833863061688,1,0.6921783842578859,eth-updown-5m-1780147800
poly_sniper_v5_eth_5m_bb_mp_hurst_band_v6_vL,1780148100000000,2.115833863061688,1,0.6921783842578859,eth-updown-5m-1780147800
poly_sniper_v5_eth_5m_cloud_ribbon_mp_hurst_v6,1780148100000000,2.115833863061688,1,0.6921783842578859,eth-updown-5m-1780147800
poly_sniper_v5_eth_5m_cloud_vwap_hurstmp_v7,1780148100000000,2.115833863061688,1,0.6921783842578859,eth-updown-5m-1780147800
poly_sniper_v5_eth_5m_ema50_hurst_parent15mrang_v7_vL,1780148100000000,2.115833863061688,1,0.6921783842578859,eth-updown-5m-1780147800
poly_sniper_v5_eth_5m_cloud_vwap_hurstmp_v7_vL,1780148100000000,2.115833863061688,1,0.6921783842578859,eth-updown-5m-1780147800
poly_sniper_v5_eth_5m_bb_mp_hurst_band_v6_vL,1780148400000000,1.7515716861749235,1,0.7303592577970786,eth-updown-5m-1780148100
poly_sniper_v5_eth_5m_v6c3_parent15mrang_v7,1780148400000000,1.7515716861749235,1,0.7303592577970786,eth-updown-5m-1780148100
poly_sniper_v5_eth_5m_cloud_vwap_hurstmp_v7,1780148400000000,1.7515716861749235,1,0.7303592577970786,eth-updown-5m-1780148100
poly_sniper_v5_eth_5m_bb_mp_hurst_band_v6,1780148400000000,1.7515716861749235,1,0.7303592577970786,eth-updown-5m-1780148100
poly_sniper_v5_eth_5m_cloud_ribbon_mp_hurst_v6,1780148400000000,1.7515716861749235,1,0.7303592577970786,eth-updown-5m-1780148100
poly_sniper_v5_eth_5m_ema50_hurst_parent15mrang_v7_vL,1780148400000000,1.7515716861749235,1,0.7303592577970786,eth-updown-5m-1780148100
poly_sniper_v5_eth_5m_v6c3_parent15mrang_v7_vL,1780148400000000,1.7515716861749235,1,0.7303592577970786,eth-updown-5m-1780148100
poly_sniper_v5_eth_5m_cloud_vwap_hurstmp_v7_vL,1780148400000000,1.7515716861749235,1,0.7303592577970786,eth-updown-5m-1780148100
poly_sniper_v5_eth_5m_ema50_hurst_parent15mrang_v7,1780148400000000,1.7515716861749235,1,0.7303592577970786,eth-updown-5m-1780148100
poly_sniper_v5_eth_5m_cloud_ribbon_mp_hurst_v6_vL,1780148400000000,1.7515716861749235,1,0.7303592577970786,eth-updown-5m-1780148100
poly_sniper_v5_eth_5m_cloud_mp_sms_active_off120,1780150200000000,0.9086044239680395,1,0.8381895106569808,eth-updown-5m-1780149900
poly_sniper_v5_eth_5m_tr200_mp_sms_active_off120,1780150200000000,0.9086044239680395,1,0.8381895106569808,eth-updown-5m-1780149900
poly_sniper_v5_eth_5m_ema50_hurst_parent15mrang_v7_vL,1780150200000000,2.1378768115942033,1,0.69,eth-updown-5m-1780149900
poly_sniper_v5_eth_5m_bb_mp_hurst_band_v6_vL,1780150200000000,2.1378768115942033,1,0.69,eth-updown-5m-1780149900
poly_sniper_v5_eth_5m_ema50_hurst_parent15mrang_v7,1780150200000000,2.1378768115942033,1,0.69,eth-updown-5m-1780149900
poly_sniper_v5_eth_5m_bb_mp_hurst_band_v6,1780150200000000,2.1378768115942033,1,0.69,eth-updown-5m-1780149900
poly_sniper_v5_eth_5m_ema200_vwap_regimerang_xa3_v7,1780150200000000,-5.0,0,0.42,eth-updown-5m-1780149900
poly_sniper_v5_eth_5m_v5repl_off120_v6,1780150200000000,0.9086044239680395,1,0.8381895106569808,eth-updown-5m-1780149900
poly_sniper_v5_eth_5m_ema50_hurst_parent15mrang_v7_vL,1780150800000000,-5.0,0,0.9,eth-updown-5m-1780150500
poly_sniper_v5_eth_5m_v6c3_parent15mrang_v7,1780150800000000,-5.0,0,0.9,eth-updown-5m-1780150500
poly_sniper_v5_eth_5m_v6c3_parent15mrang_v7_vL,1780150800000000,-5.0,0,0.9,eth-updown-5m-1780150500
poly_sniper_v5_eth_5m_cloud_ribbon_mp_hurst_v6_vL,1780150800000000,-5.0,0,0.9,eth-updown-5m-1780150500
poly_sniper_v5_eth_5m_cloud_ribbon_mp_hurst_v6,1780150800000000,-5.0,0,0.9,eth-updown-5m-1780150500
poly_sniper_v5_eth_5m_ema50_hurst_parent15mrang_v7,1780150800000000,-5.0,0,0.9,eth-updown-5m-1780150500
poly_sniper_v5_eth_5m_k_hurst_ts_cci_tod_euus_v8_vL,1780151400000000,4.897830131001367,1,0.4963213826929814,eth-updown-5m-1780151100
poly_sniper_v5_eth_5m_ema50_hurst_parent15mrang_v7_vL,1780151700000000,-5.0,0,0.43137254901960786,eth-updown-5m-1780151400
poly_sniper_v5_eth_5m_ema50_hurst_parent15mrang_v7,1780151700000000,-5.0,0,0.43137254901960786,eth-updown-5m-1780151400
poly_sniper_v5_eth_5m_ema50_hurst_parent15mrang_v7,1780152000000000,1.4130064935064934,1,0.77,eth-updown-5m-1780151700
poly_sniper_v5_eth_5m_k_hurst_ts_cci_tod_euus_v8_vL,1780152000000000,-5.0,0,0.49504950495049505,eth-updown-5m-1780151700
poly_sniper_v5_eth_5m_ema50_hurst_parent15mrang_v7_vL,1780152000000000,1.4130064935064934,1,0.77,eth-updown-5m-1780151700
poly_sniper_v5_eth_5m_lq_ema50_hurst_grandparent_prev15m_v8_vL,1780152300000000,-5.0,0,0.71,eth-updown-5m-1780152000
poly_sniper_v5_eth_5m_lq_ema50_hurst_grandparent_prev15m_v8,1780152300000000,-5.0,0,0.71,eth-updown-5m-1780152000
poly_sniper_v5_eth_5m_ema50_hurst_parent15mrang_v7,1780152300000000,-5.0,0,0.71,eth-updown-5m-1780152000
poly_sniper_v5_eth_5m_cloud_vwap_hurstmp_v7_vL,1780152300000000,-5.0,0,0.71,eth-updown-5m-1780152000
poly_sniper_v5_eth_5m_cloud_ribbon_mp_hurst_v6_vL,1780152300000000,-5.0,0,0.71,eth-updown-5m-1780152000
poly_sniper_v5_eth_5m_l_ema50_hurst_grandparent_v8,1780152300000000,-5.0,0,0.71,eth-updown-5m-1780152000
poly_sniper_v5_eth_5m_k_hurst_ts_cci_tod_euus_v8_vL,1780152300000000,-5.0,0,0.62,eth-updown-5m-1780152000
poly_sniper_v5_eth_5m_bb_mp_hurst_band_v6_vL,1780152300000000,-5.0,0,0.71,eth-updown-5m-1780152000
poly_sniper_v5_eth_5m_ema50_hurst_parent15mrang_v7_vL,1780152300000000,-5.0,0,0.71,eth-updown-5m-1780152000
poly_sniper_v5_eth_5m_v6c3_parent15mrang_v7_vL,1780152300000000,-5.0,0,0.71,eth-updown-5m-1780152000
poly_sniper_v5_eth_5m_k_hurst_ts_cci_tod_euus_v8,1780152300000000,-5.0,0,0.62,eth-updown-5m-1780152000
poly_sniper_v5_eth_5m_v6c3_parent15mrang_v7,1780152300000000,-5.0,0,0.71,eth-updown-5m-1780152000
poly_sniper_v5_eth_5m_bb_mp_hurst_band_v6,1780152300000000,-5.0,0,0.71,eth-updown-5m-1780152000
poly_sniper_v5_eth_5m_cloud_ribbon_mp_hurst_v6,1780152300000000,-5.0,0,0.71,eth-updown-5m-1780152000
poly_sniper_v5_eth_5m_cloud_vwap_hurstmp_v7,1780152300000000,-5.0,0,0.71,eth-updown-5m-1780152000
poly_sniper_v5_eth_5m_k_hurst_ts_cci_tod_euus_v8,1780152600000000,-5.0,0,0.08,eth-updown-5m-1780152300
poly_sniper_v5_eth_5m_ema50_hurst_parent15mrang_v7_vL,1780152600000000,0.4630054945054944,1,0.91,eth-updown-5m-1780152300
poly_sniper_v5_eth_5m_k_hurst_ts_cci_tod_euus_v8_vL,1780152600000000,-5.0,0,0.08,eth-updown-5m-1780152300
poly_sniper_v5_eth_5m_ema50_hurst_parent15mrang_v7,1780152600000000,0.4630054945054944,1,0.91,eth-updown-5m-1780152300
poly_sniper_v5_eth_5m_v6c3_parent15mrang_v7_vL,1780152900000000,1.5791666666666668,1,0.75,eth-updown-5m-1780152600
poly_sniper_v5_eth_5m_bb_mp_hurst_band_v6_vL,1780152900000000,1.5791666666666668,1,0.75,eth-updown-5m-1780152600
poly_sniper_v5_eth_5m_cloud_vwap_hurstmp_v7,1780152900000000,1.5791666666666668,1,0.75,eth-updown-5m-1780152600
poly_sniper_v5_eth_5m_cloud_ribbon_mp_hurst_v6_vL,1780152900000000,1.5791666666666668,1,0.75,eth-updown-5m-1780152600
poly_sniper_v5_eth_5m_ema50_hurst_parent15mrang_v7_vL,1780152900000000,1.5791666666666668,1,0.75,eth-updown-5m-1780152600
poly_sniper_v5_eth_5m_cloud_ribbon_mp_hurst_v6,1780152900000000,1.5791666666666668,1,0.75,eth-updown-5m-1780152600
poly_sniper_v5_eth_5m_bb_mp_hurst_band_v6,1780152900000000,1.5791666666666668,1,0.75,eth-updown-5m-1780152600
poly_sniper_v5_eth_5m_cloud_vwap_hurstmp_v7_vL,1780152900000000,1.5791666666666668,1,0.75,eth-updown-5m-1780152600
poly_sniper_v5_eth_5m_ema50_hurst_parent15mrang_v7,1780152900000000,1.5791666666666668,1,0.75,eth-updown-5m-1780152600
poly_sniper_v5_eth_5m_v6c3_parent15mrang_v7,1780152900000000,1.5791666666666668,1,0.75,eth-updown-5m-1780152600
poly_sniper_v5_eth_5m_l_ema50_hurst_grandparent_v8,1780153200000000,6.988621951219514,1,0.41,eth-updown-5m-1780152900
poly_sniper_v5_eth_5m_ema50_hurst_parent15mrang_v7,1780153200000000,6.988621951219514,1,0.41,eth-updown-5m-1780152900
poly_sniper_v5_eth_5m_ema50_hurst_parent15mrang_v7_vL,1780153200000000,6.988621951219514,1,0.41,eth-updown-5m-1780152900
poly_sniper_v5_eth_5m_bb_mp_hurst_band_v6_vL,1780153800000000,3.3310762711864412,1,0.59,eth-updown-5m-1780153500
poly_sniper_v5_eth_5m_ema50_hurst_parent15mrang_v7,1780153800000000,3.3310762711864412,1,0.59,eth-updown-5m-1780153500
poly_sniper_v5_eth_5m_l_ema50_hurst_grandparent_v8,1780153800000000,3.3310762711864412,1,0.59,eth-updown-5m-1780153500
poly_sniper_v5_eth_5m_cloud_vwap_hurstmp_v7_vL,1780153800000000,3.3310762711864412,1,0.59,eth-updown-5m-1780153500
poly_sniper_v5_eth_5m_ema50_hurst_parent15mrang_v7_vL,1780153800000000,3.3310762711864412,1,0.59,eth-updown-5m-1780153500
poly_sniper_v5_eth_5m_bb_mp_hurst_band_v6,1780153800000000,3.3310762711864412,1,0.59,eth-updown-5m-1780153500
poly_sniper_v5_eth_5m_cloud_vwap_hurstmp_v7,1780153800000000,3.3310762711864412,1,0.59,eth-updown-5m-1780153500
poly_sniper_v5_eth_5m_bb_mp_hurst_band_v6_vL,1780154100000000,1.940753521126761,1,0.71,eth-updown-5m-1780153800
poly_sniper_v5_eth_5m_ema50_hurst_parent15mrang_v7_vL,1780154100000000,1.940753521126761,1,0.71,eth-updown-5m-1780153800
poly_sniper_v5_eth_5m_ema50_hurst_parent15mrang_v7_vL,1780154400000000,-5.0,0,0.36,eth-updown-5m-1780154100
poly_sniper_v5_eth_5m_cloud_mp_sms_active_off120,1780154400000000,1.7548150684931507,1,0.73,eth-updown-5m-1780154100
poly_sniper_v5_eth_5m_l_ema50_hurst_grandparent_v8,1780154400000000,-5.0,0,0.36,eth-updown-5m-1780154100
poly_sniper_v5_eth_5m_ema50_hurst_parent15mrang_v7,1780154400000000,-5.0,0,0.36,eth-updown-5m-1780154100
poly_sniper_v5_eth_5m_cloud_vwap_hurstmp_v7,1780154700000000,2.1378768115942033,1,0.69,eth-updown-5m-1780154400
poly_sniper_v5_eth_5m_cloud_vwap_hurstmp_v7_vL,1780154700000000,2.1378768115942033,1,0.69,eth-updown-5m-1780154400
poly_sniper_v5_eth_5m_ema50_hurst_parent15mrang_v7_vL,1780154700000000,2.1378768115942033,1,0.69,eth-updown-5m-1780154400
poly_sniper_v5_eth_5m_cloud_ribbon_mp_hurst_v6,1780154700000000,2.1378768115942033,1,0.69,eth-updown-5m-1780154400
poly_sniper_v5_eth_5m_bb_mp_hurst_band_v6_vL,1780154700000000,2.1378768115942033,1,0.69,eth-updown-5m-1780154400
poly_sniper_v5_eth_5m_v6c3_parent15mrang_v7_vL,1780154700000000,2.1378768115942033,1,0.69,eth-updown-5m-1780154400
poly_sniper_v5_eth_5m_cloud_ribbon_mp_hurst_v6_vL,1780154700000000,2.1378768115942033,1,0.69,eth-updown-5m-1780154400
poly_sniper_v5_eth_5m_ema50_hurst_parent15mrang_v7,1780154700000000,2.1378768115942033,1,0.69,eth-updown-5m-1780154400
poly_sniper_v5_eth_5m_bb_mp_hurst_band_v6,1780154700000000,2.1378768115942033,1,0.69,eth-updown-5m-1780154400
poly_sniper_v5_eth_5m_v6c3_parent15mrang_v7,1780154700000000,2.1378768115942033,1,0.69,eth-updown-5m-1780154400
poly_sniper_v5_eth_5m_l_ema50_hurst_grandparent_v8,1780155000000000,2.8070079365079366,1,0.63,eth-updown-5m-1780154700
poly_sniper_v5_eth_5m_bb_mp_hurst_band_v6,1780155000000000,2.8070079365079366,1,0.63,eth-updown-5m-1780154700
poly_sniper_v5_eth_5m_ema50_hurst_parent15mrang_v7_vL,1780155000000000,2.8070079365079366,1,0.63,eth-updown-5m-1780154700
poly_sniper_v5_eth_5m_ema50_hurst_parent15mrang_v7,1780155000000000,2.8070079365079366,1,0.63,eth-updown-5m-1780154700
poly_sniper_v5_eth_5m_bb_mp_hurst_band_v6_vL,1780155000000000,2.8070079365079366,1,0.63,eth-updown-5m-1780154700
poly_sniper_v5_eth_5m_bb_mp_hurst_band_v6_vL,1780155300000000,3.473689655172415,1,0.58,eth-updown-5m-1780155000
poly_sniper_v5_eth_5m_bb_mp_hurst_band_v6,1780155300000000,3.473689655172415,1,0.58,eth-updown-5m-1780155000
poly_sniper_v5_eth_5m_cloud_vwap_hurstmp_v7_vL,1780155300000000,3.473689655172415,1,0.58,eth-updown-5m-1780155000
poly_sniper_v5_eth_5m_cloud_ribbon_mp_hurst_v6,1780155300000000,3.473689655172415,1,0.58,eth-updown-5m-1780155000
poly_sniper_v5_eth_5m_cloud_vwap_hurstmp_v7,1780155300000000,3.473689655172415,1,0.58,eth-updown-5m-1780155000
poly_sniper_v5_eth_5m_cloud_ribbon_mp_hurst_v6_vL,1780155300000000,3.473689655172415,1,0.58,eth-updown-5m-1780155000
poly_sniper_v5_eth_5m_ema200_vwap_regimerang_xa3_v7,1780155300000000,1.5791666666666668,1,0.75,eth-updown-5m-1780155000
poly_sniper_v5_eth_5m_ema50_hurst_parent15mrang_v7_vL,1780155300000000,3.473689655172415,1,0.58,eth-updown-5m-1780155000
poly_sniper_v5_eth_5m_v6c3_parent15mrang_v7_vL,1780155300000000,3.473689655172415,1,0.58,eth-updown-5m-1780155000
poly_sniper_v5_eth_5m_ema50_hurst_parent15mrang_v7,1780155300000000,3.473689655172415,1,0.58,eth-updown-5m-1780155000
poly_sniper_v5_eth_5m_v6c3_parent15mrang_v7,1780155300000000,3.473689655172415,1,0.58,eth-updown-5m-1780155000
poly_sniper_v5_eth_5m_bb_mp_hurst_band_v6_vL,1780155900000000,-4.999999999999999,0,0.61,eth-updown-5m-1780155600
poly_sniper_v5_eth_5m_cloud_vwap_hurstmp_v7,1780155900000000,-4.999999999999999,0,0.61,eth-updown-5m-1780155600
poly_sniper_v5_eth_5m_ema50_hurst_parent15mrang_v7,1780155900000000,-4.999999999999999,0,0.61,eth-updown-5m-1780155600
poly_sniper_v5_eth_5m_cloud_vwap_hurstmp_v7_vL,1780155900000000,-4.999999999999999,0,0.61,eth-updown-5m-1780155600
poly_sniper_v5_eth_5m_l_ema50_hurst_grandparent_v8,1780155900000000,-4.999999999999999,0,0.61,eth-updown-5m-1780155600
poly_sniper_v5_eth_5m_ema50_hurst_parent15mrang_v7_vL,1780155900000000,-4.999999999999999,0,0.61,eth-updown-5m-1780155600
poly_sniper_v5_eth_5m_bb_mp_hurst_band_v6,1780155900000000,-4.999999999999999,0,0.61,eth-updown-5m-1780155600
poly_sniper_v5_eth_5m_tr200_mp_sms_active_off120,1780156200000000,1.2556139240506328,1,0.79,eth-updown-5m-1780155900
poly_sniper_v5_eth_5m_v6c3_parent15mrang_v7,1780156200000000,0.9645963855421689,1,0.83,eth-updown-5m-1780155900
poly_sniper_v5_eth_5m_l_ema50_hurst_grandparent_v8,1780156200000000,0.9645963855421689,1,0.83,eth-updown-5m-1780155900
poly_sniper_v5_eth_5m_cloud_ribbon_mp_hurst_v6_vL,1780156200000000,0.9645963855421689,1,0.83,eth-updown-5m-1780155900
poly_sniper_v5_eth_5m_v6c3_parent15mrang_v7_vL,1780156200000000,0.9645963855421689,1,0.83,eth-updown-5m-1780155900
poly_sniper_v5_eth_5m_cloud_ribbon_mp_hurst_v6,1780156200000000,0.9645963855421689,1,0.83,eth-updown-5m-1780155900
poly_sniper_v5_eth_5m_v5repl_off120_v6,1780156200000000,1.2556139240506328,1,0.79,eth-updown-5m-1780155900
poly_sniper_v5_eth_5m_ema50_hurst_parent15mrang_v7_vL,1780156200000000,0.9645963855421689,1,0.83,eth-updown-5m-1780155900
poly_sniper_v5_eth_5m_ema50_hurst_parent15mrang_v7,1780156200000000,0.9645963855421689,1,0.83,eth-updown-5m-1780155900
poly_sniper_v5_eth_5m_bb_mp_hurst_band_v6_vL,1780156500000000,-5.0,0,0.68,eth-updown-5m-1780156200
poly_sniper_v5_eth_5m_ema50_hurst_parent15mrang_v7_vL,1780156500000000,-5.0,0,0.68,eth-updown-5m-1780156200
poly_sniper_v5_eth_5m_cloud_vwap_hurstmp_v7_vL,1780156500000000,-5.0,0,0.68,eth-updown-5m-1780156200
poly_sniper_v5_eth_5m_tr200_mp_sms_active_off120,1780157400000000,2.4339581735590823,1,0.6620553359683794,eth-updown-5m-1780157100
poly_sniper_v5_eth_5m_ema200_vwap_regimerang_xa3_v7,1780157400000000,-5.0,0,0.37,eth-updown-5m-1780157100
poly_sniper_v5_eth_5m_v5repl_off120_v6,1780157400000000,2.4339581735590823,1,0.6620553359683794,eth-updown-5m-1780157100
poly_sniper_v5_eth_5m_v5repl_off120_v6,1780158000000000,0.4630054945054944,1,0.91,eth-updown-5m-1780157700
poly_sniper_v5_eth_5m_cloud_mp_sms_active_off120,1780158000000000,0.4630054945054944,1,0.91,eth-updown-5m-1780157700
poly_sniper_v5_eth_5m_tr200_mp_sms_active_off120,1780158000000000,0.4630054945054944,1,0.91,eth-updown-5m-1780157700
poly_sniper_v5_eth_5m_ema200_vwap_regimerang_xa3_v7,1780159200000000,-5.0,0,0.65,eth-updown-5m-1780158900
poly_sniper_v5_eth_5m_ema50_hurst_parent15mrang_v7,1780164000000000,-5.0,0,0.49,eth-updown-5m-1780163700
poly_sniper_v5_eth_5m_ema50_hurst_parent15mrang_v7_vL,1780164000000000,-5.0,0,0.49,eth-updown-5m-1780163700
poly_sniper_v5_eth_5m_v6c3_parent15mrang_v7_vL,1780164300000000,-5.0,0,0.74,eth-updown-5m-1780164000
poly_sniper_v5_eth_5m_cloud_ribbon_mp_hurst_v6,1780164300000000,-5.0,0,0.74,eth-updown-5m-1780164000
poly_sniper_v5_eth_5m_cloud_ribbon_mp_hurst_v6_vL,1780164300000000,-5.0,0,0.74,eth-updown-5m-1780164000
poly_sniper_v5_eth_5m_cloud_vwap_hurstmp_v7,1780164300000000,-5.0,0,0.74,eth-updown-5m-1780164000
poly_sniper_v5_eth_5m_cloud_vwap_hurstmp_v7_vL,1780164300000000,-5.0,0,0.74,eth-updown-5m-1780164000
poly_sniper_v5_eth_5m_bb_mp_hurst_band_v6_vL,1780164300000000,-5.0,0,0.74,eth-updown-5m-1780164000
poly_sniper_v5_eth_5m_bb_mp_hurst_band_v6,1780164300000000,-5.0,0,0.74,eth-updown-5m-1780164000
poly_sniper_v5_eth_5m_v6c3_parent15mrang_v7,1780164300000000,-5.0,0,0.74,eth-updown-5m-1780164000
poly_sniper_v5_eth_5m_ema50_hurst_parent15mrang_v7_vL,1780164300000000,-5.0,0,0.74,eth-updown-5m-1780164000
poly_sniper_v5_eth_5m_ema50_hurst_parent15mrang_v7,1780164300000000,-5.0,0,0.74,eth-updown-5m-1780164000
poly_sniper_v5_eth_5m_bb_mp_hurst_band_v6_vL,1780165800000000,2.122047026279392,1,0.6915629322268326,eth-updown-5m-1780165500
poly_sniper_v5_eth_5m_tr200_mp_sms_active_off120,1780165800000000,2.644478293983243,1,0.6435643564356437,eth-updown-5m-1780165500
poly_sniper_v5_eth_5m_bb_mp_hurst_band_v6,1780165800000000,2.122047026279392,1,0.6915629322268326,eth-updown-5m-1780165500
poly_sniper_v5_eth_5m_ema50_hurst_parent15mrang_v7,1780165800000000,2.122047026279392,1,0.6915629322268326,eth-updown-5m-1780165500
poly_sniper_v5_eth_5m_ema50_hurst_parent15mrang_v7_vL,1780165800000000,2.122047026279392,1,0.6915629322268326,eth-updown-5m-1780165500
poly_sniper_v5_eth_5m_v5repl_off120_v6,1780165800000000,2.644478293983243,1,0.6435643564356437,eth-updown-5m-1780165500
poly_sniper_v5_eth_5m_bb_mp_hurst_band_v6,1780167000000000,3.3310762711864412,1,0.59,eth-updown-5m-1780166700
poly_sniper_v5_eth_5m_ema50_hurst_parent15mrang_v7,1780167000000000,3.3310762711864412,1,0.59,eth-updown-5m-1780166700
poly_sniper_v5_eth_5m_cloud_vwap_hurstmp_v7,1780167000000000,3.3310762711864412,1,0.59,eth-updown-5m-1780166700
poly_sniper_v5_eth_5m_ema50_hurst_parent15mrang_v7_vL,1780167000000000,3.3310762711864412,1,0.59,eth-updown-5m-1780166700
poly_sniper_v5_eth_5m_cloud_vwap_hurstmp_v7_vL,1780167000000000,3.3310762711864412,1,0.59,eth-updown-5m-1780166700
poly_sniper_v5_eth_5m_bb_mp_hurst_band_v6_vL,1780167000000000,3.3310762711864412,1,0.59,eth-updown-5m-1780166700
poly_sniper_v5_eth_5m_v5repl_off120_v6,1780167300000000,0.4630054945054944,1,0.91,eth-updown-5m-1780167000
poly_sniper_v5_eth_5m_tr200_mp_sms_active_off120,1780167300000000,0.4630054945054944,1,0.91,eth-updown-5m-1780167000
poly_sniper_v5_eth_5m_v5repl_off120_v6,1780168200000000,-4.999999999999999,0,0.61,eth-updown-5m-1780167900
poly_sniper_v5_eth_5m_cloud_mp_sms_active_off120,1780168200000000,-4.999999999999999,0,0.61,eth-updown-5m-1780167900
poly_sniper_v5_eth_5m_tr200_mp_sms_active_off120,1780168200000000,-4.999999999999999,0,0.61,eth-updown-5m-1780167900
poly_sniper_v5_eth_5m_ema200_vwap_regimerang_xa3_v7,1780168500000000,-5.0,0,0.65,eth-updown-5m-1780168200
poly_sniper_v5_eth_5m_v5repl_off120_v6,1780170000000000,0.19433333333333405,1,0.9599999999999999,eth-updown-5m-1780169700
poly_sniper_v5_eth_5m_tr200_mp_sms_active_off120,1780170000000000,0.19433333333333405,1,0.9599999999999999,eth-updown-5m-1780169700
poly_sniper_v5_eth_5m_cloud_mp_sms_active_off120,1780170000000000,0.19433333333333405,1,0.9599999999999999,eth-updown-5m-1780169700
poly_sniper_v5_eth_5m_ema200_vwap_regimerang_xa3_v7,1780172700000000,-5.0,0,0.69,eth-updown-5m-1780172400
poly_sniper_v5_eth_5m_ema200_vwap_regimerang_xa3_v7,1780173900000000,-5.0,0,0.6055672477464956,eth-updown-5m-1780173600
poly_sniper_v5_eth_5m_ema200_vwap_regimerang_xa3_v7,1780175700000000,5.021568627450979,1,0.4901960784313726,eth-updown-5m-1780175400
poly_sniper_v5_eth_5m_ema200_vwap_regimerang_xa3_v7,1780176600000000,1.7548150684931507,1,0.73,eth-updown-5m-1780176300
poly_sniper_v5_eth_5m_ema200_vwap_regimerang_xa3_v7,1780176900000000,2.0378571428571433,1,0.7,eth-updown-5m-1780176600
poly_sniper_v5_eth_5m_ema50_hurst_parent15mrang_v7_vL,1780179300000000,2.124394320929826,1,0.6913307128607264,eth-updown-5m-1780179000
poly_sniper_v5_eth_5m_bb_mp_hurst_band_v6_vL,1780179300000000,2.124394320929826,1,0.6913307128607264,eth-updown-5m-1780179000
poly_sniper_v5_eth_5m_l_ema50_hurst_grandparent_v8,1780179300000000,2.124394320929826,1,0.6913307128607264,eth-updown-5m-1780179000
poly_sniper_v5_eth_5m_bb_mp_hurst_band_v6,1780179300000000,2.124394320929826,1,0.6913307128607264,eth-updown-5m-1780179000
poly_sniper_v5_eth_5m_ema50_hurst_parent15mrang_v7,1780179300000000,2.124394320929826,1,0.6913307128607264,eth-updown-5m-1780179000
poly_sniper_v5_eth_5m_bb_mp_hurst_band_v6,1780180800000000,-5.0,0,0.65,eth-updown-5m-1780180500
poly_sniper_v5_eth_5m_ema50_hurst_parent15mrang_v7_vL,1780180800000000,-5.0,0,0.65,eth-updown-5m-1780180500
poly_sniper_v5_eth_5m_v6c3_parent15mrang_v7_vL,1780180800000000,-5.0,0,0.65,eth-updown-5m-1780180500
poly_sniper_v5_eth_5m_v6c3_parent15mrang_v7,1780180800000000,-5.0,0,0.65,eth-updown-5m-1780180500
poly_sniper_v5_eth_5m_cloud_vwap_hurstmp_v7_vL,1780180800000000,-5.0,0,0.65,eth-updown-5m-1780180500
poly_sniper_v5_eth_5m_l_ema50_hurst_grandparent_v8,1780180800000000,-5.0,0,0.65,eth-updown-5m-1780180500
poly_sniper_v5_eth_5m_cloud_vwap_hurstmp_v7,1780180800000000,-5.0,0,0.65,eth-updown-5m-1780180500
poly_sniper_v5_eth_5m_cloud_ribbon_mp_hurst_v6,1780180800000000,-5.0,0,0.65,eth-updown-5m-1780180500
poly_sniper_v5_eth_5m_ema50_hurst_parent15mrang_v7,1780180800000000,-5.0,0,0.65,eth-updown-5m-1780180500
poly_sniper_v5_eth_5m_cloud_ribbon_mp_hurst_v6_vL,1780180800000000,-5.0,0,0.65,eth-updown-5m-1780180500
poly_sniper_v5_eth_5m_bb_mp_hurst_band_v6_vL,1780180800000000,-5.0,0,0.65,eth-updown-5m-1780180500
poly_sniper_v5_eth_5m_ema200_vwap_regimerang_xa3_v7,1780181100000000,3.193333333333334,1,0.6,eth-updown-5m-1780180800
poly_sniper_v5_eth_5m_ema50_hurst_parent15mrang_v7_vL,1780182600000000,-5.0,0,0.45,eth-updown-5m-1780182300
poly_sniper_v5_eth_5m_bb_mp_hurst_band_v6_vL,1780182600000000,3.7745714285714276,1,0.56,eth-updown-5m-1780182300
poly_sniper_v5_eth_5m_cloud_vwap_hurstmp_v7,1780182600000000,3.7745714285714276,1,0.56,eth-updown-5m-1780182300
poly_sniper_v5_eth_5m_bb_mp_hurst_band_v6,1780182600000000,3.7745714285714276,1,0.56,eth-updown-5m-1780182300
poly_sniper_v5_eth_5m_ema50_hurst_parent15mrang_v7,1780182600000000,-5.0,0,0.45,eth-updown-5m-1780182300
poly_sniper_v5_eth_5m_cloud_vwap_hurstmp_v7_vL,1780182600000000,3.7745714285714276,1,0.56,eth-updown-5m-1780182300
poly_sniper_v5_eth_5m_ema50_hurst_parent15mrang_v7_vL,1780182900000000,1.4949473684210524,1,0.76,eth-updown-5m-1780182600
poly_sniper_v5_eth_5m_cloud_ribbon_mp_hurst_v6_vL,1780182900000000,1.4949473684210524,1,0.76,eth-updown-5m-1780182600
poly_sniper_v5_eth_5m_v6c3_parent15mrang_v7_vL,1780182900000000,1.4949473684210524,1,0.76,eth-updown-5m-1780182600
poly_sniper_v5_eth_5m_bb_mp_hurst_band_v6_vL,1780182900000000,1.4949473684210524,1,0.76,eth-updown-5m-1780182600
poly_sniper_v5_eth_5m_cloud_vwap_hurstmp_v7_vL,1780182900000000,1.4949473684210524,1,0.76,eth-updown-5m-1780182600
poly_sniper_v5_eth_5m_v5repl_off120_v6,1780184700000000,1.682002763361866,1,0.7381546134663342,eth-updown-5m-1780184400
poly_sniper_v5_eth_5m_cloud_mp_sms_active_off120,1780184700000000,1.682002763361866,1,0.7381546134663342,eth-updown-5m-1780184400
poly_sniper_v5_eth_5m_tr200_mp_sms_active_off120,1780184700000000,1.682002763361866,1,0.7381546134663342,eth-updown-5m-1780184400
poly_sniper_v5_eth_5m_ema200_vwap_regimerang_xa3_v7,1780184700000000,3.1400746632040253,1,0.6039603960396039,eth-updown-5m-1780184400
poly_sniper_v5_eth_5m_ema200_vwap_regimerang_xa3_v7,1780185300000000,3.733076245528827,1,0.5626739847189592,eth-updown-5m-1780185000
poly_sniper_v5_eth_5m_tr200_mp_sms_active_off120,1780185600000000,2.1378768115942033,1,0.69,eth-updown-5m-1780185300
poly_sniper_v5_eth_5m_v5repl_off120_v6,1780185600000000,2.1378768115942033,1,0.69,eth-updown-5m-1780185300
poly_sniper_v5_eth_5m_ema200_vwap_regimerang_xa3_v7,1780186800000000,-5.0,0,0.379309656425306,eth-updown-5m-1780186500
poly_sniper_v5_eth_5m_ema200_vwap_regimerang_xa3_v7,1780187100000000,1.1799999999999997,1,0.8,eth-updown-5m-1780186800
poly_sniper_v5_eth_5m_cloud_vwap_hurstmp_v7_vL,1780187700000000,-5.0,0,0.68,eth-updown-5m-1780187400
poly_sniper_v5_eth_5m_cloud_ribbon_mp_hurst_v6_vL,1780187700000000,-5.0,0,0.68,eth-updown-5m-1780187400
poly_sniper_v5_eth_5m_l_ema50_hurst_grandparent_v8,1780187700000000,-5.0,0,0.68,eth-updown-5m-1780187400
poly_sniper_v5_eth_5m_v6c3_parent15mrang_v7,1780187700000000,-5.0,0,0.68,eth-updown-5m-1780187400
poly_sniper_v5_eth_5m_bb_mp_hurst_band_v6,1780187700000000,-5.0,0,0.68,eth-updown-5m-1780187400
poly_sniper_v5_eth_5m_ema50_hurst_parent15mrang_v7_vL,1780187700000000,-5.0,0,0.68,eth-updown-5m-1780187400
poly_sniper_v5_eth_5m_ema50_hurst_parent15mrang_v7,1780187700000000,-5.0,0,0.68,eth-updown-5m-1780187400
poly_sniper_v5_eth_5m_v5repl_off120_v6,1780187700000000,-5.0,0,0.6195043964828137,eth-updown-5m-1780187400
poly_sniper_v5_eth_5m_v6c3_parent15mrang_v7_vL,1780187700000000,-5.0,0,0.68,eth-updown-5m-1780187400
poly_sniper_v5_eth_5m_cloud_ribbon_mp_hurst_v6,1780187700000000,-5.0,0,0.68,eth-updown-5m-1780187400
poly_sniper_v5_eth_5m_cloud_vwap_hurstmp_v7,1780187700000000,-5.0,0,0.68,eth-updown-5m-1780187400
poly_sniper_v5_eth_5m_tr200_mp_sms_active_off120,1780187700000000,-5.0,0,0.6195043964828137,eth-updown-5m-1780187400
poly_sniper_v5_eth_5m_ema200_vwap_regimerang_xa3_v7,1780187700000000,-5.0,0,0.67,eth-updown-5m-1780187400
poly_sniper_v5_eth_5m_bb_mp_hurst_band_v6_vL,1780187700000000,-5.0,0,0.68,eth-updown-5m-1780187400
poly_sniper_v5_eth_5m_ema50_hurst_parent15mrang_v7,1780188000000000,3.0602213114754098,1,0.61,eth-updown-5m-1780187700
poly_sniper_v5_eth_5m_bb_mp_hurst_band_v6,1780188000000000,3.0602213114754098,1,0.61,eth-updown-5m-1780187700
poly_sniper_v5_eth_5m_ema50_hurst_parent15mrang_v7_vL,1780188000000000,3.0602213114754098,1,0.61,eth-updown-5m-1780187700
poly_sniper_v5_eth_5m_l_ema50_hurst_grandparent_v8,1780188000000000,3.0602213114754098,1,0.61,eth-updown-5m-1780187700
poly_sniper_v5_eth_5m_bb_mp_hurst_band_v6_vL,1780188000000000,3.0602213114754098,1,0.61,eth-updown-5m-1780187700
poly_sniper_v5_eth_5m_bb_mp_hurst_band_v6_vL,1780188300000000,-5.0,0,0.71,eth-updown-5m-1780188000
poly_sniper_v5_eth_5m_l_ema50_hurst_grandparent_v8,1780188300000000,-5.0,0,0.71,eth-updown-5m-1780188000
poly_sniper_v5_eth_5m_v6c3_parent15mrang_v7,1780188300000000,-5.0,0,0.71,eth-updown-5m-1780188000
poly_sniper_v5_eth_5m_ema50_hurst_parent15mrang_v7,1780188300000000,-5.0,0,0.71,eth-updown-5m-1780188000
poly_sniper_v5_eth_5m_cloud_vwap_hurstmp_v7_vL,1780188300000000,-5.0,0,0.71,eth-updown-5m-1780188000
poly_sniper_v5_eth_5m_cloud_ribbon_mp_hurst_v6,1780188300000000,-5.0,0,0.71,eth-updown-5m-1780188000
poly_sniper_v5_eth_5m_bb_mp_hurst_band_v6,1780188300000000,-5.0,0,0.71,eth-updown-5m-1780188000
poly_sniper_v5_eth_5m_cloud_ribbon_mp_hurst_v6_vL,1780188300000000,-5.0,0,0.71,eth-updown-5m-1780188000
poly_sniper_v5_eth_5m_v6c3_parent15mrang_v7_vL,1780188300000000,-5.0,0,0.71,eth-updown-5m-1780188000
poly_sniper_v5_eth_5m_cloud_vwap_hurstmp_v7,1780188300000000,-5.0,0,0.71,eth-updown-5m-1780188000
poly_sniper_v5_eth_5m_ema50_hurst_parent15mrang_v7_vL,1780188300000000,-5.0,0,0.71,eth-updown-5m-1780188000
poly_sniper_v5_eth_5m_ema50_hurst_parent15mrang_v7_vL,1780190100000000,4.825,1,0.5,eth-updown-5m-1780189800
poly_sniper_v5_eth_5m_ema50_hurst_parent15mrang_v7,1780190100000000,4.825,1,0.5,eth-updown-5m-1780189800
poly_sniper_v5_eth_5m_ema50_hurst_parent15mrang_v7,1780190400000000,0.8963809523809526,1,0.84,eth-updown-5m-1780190100
poly_sniper_v5_eth_5m_ema50_hurst_parent15mrang_v7_vL,1780190400000000,0.8963809523809526,1,0.84,eth-updown-5m-1780190100
poly_sniper_v5_eth_5m_ema50_hurst_parent15mrang_v7_vL,1780190700000000,-5.0,0,0.73,eth-updown-5m-1780190400
poly_sniper_v5_eth_5m_v6c3_parent15mrang_v7,1780190700000000,-5.0,0,0.73,eth-updown-5m-1780190400
poly_sniper_v5_eth_5m_cloud_ribbon_mp_hurst_v6,1780190700000000,-5.0,0,0.73,eth-updown-5m-1780190400
poly_sniper_v5_eth_5m_cloud_vwap_hurstmp_v7_vL,1780190700000000,-5.0,0,0.73,eth-updown-5m-1780190400
poly_sniper_v5_eth_5m_ema50_hurst_parent15mrang_v7,1780190700000000,-5.0,0,0.73,eth-updown-5m-1780190400
poly_sniper_v5_eth_5m_l_ema50_hurst_grandparent_v8,1780190700000000,-5.0,0,0.73,eth-updown-5m-1780190400
poly_sniper_v5_eth_5m_bb_mp_hurst_band_v6_vL,1780190700000000,-5.0,0,0.73,eth-updown-5m-1780190400
poly_sniper_v5_eth_5m_cloud_vwap_hurstmp_v7,1780190700000000,-5.0,0,0.73,eth-updown-5m-1780190400
poly_sniper_v5_eth_5m_bb_mp_hurst_band_v6,1780190700000000,-5.0,0,0.73,eth-updown-5m-1780190400
poly_sniper_v5_eth_5m_cloud_ribbon_mp_hurst_v6_vL,1780190700000000,-5.0,0,0.73,eth-updown-5m-1780190400
poly_sniper_v5_eth_5m_v6c3_parent15mrang_v7_vL,1780190700000000,-5.0,0,0.73,eth-updown-5m-1780190400
poly_sniper_v5_eth_5m_ema50_hurst_parent15mrang_v7_vL,1780191000000000,1.1063395061728392,1,0.81,eth-updown-5m-1780190700
poly_sniper_v5_eth_5m_v6c3_parent15mrang_v7_vL,1780191000000000,1.1063395061728392,1,0.81,eth-updown-5m-1780190700
poly_sniper_v5_eth_5m_up_a2_hlcascade25k_v9,1780191000000000,-5.0,0,0.43000000000000005,eth-updown-5m-1780190700
poly_sniper_v5_eth_5m_cloud_ribbon_mp_hurst_v6_vL,1780191000000000,1.1063395061728392,1,0.81,eth-updown-5m-1780190700
poly_sniper_v5_eth_5m_ema50_hurst_parent15mrang_v7_vL,1780191600000000,3.621429824561404,1,0.57,eth-updown-5m-1780191300
poly_sniper_v5_eth_5m_v6c3_parent15mrang_v7_vL,1780191600000000,3.621429824561404,1,0.57,eth-updown-5m-1780191300
poly_sniper_v5_eth_5m_cloud_vwap_hurstmp_v7,1780191600000000,3.621429824561404,1,0.57,eth-updown-5m-1780191300
poly_sniper_v5_eth_5m_bb_mp_hurst_band_v6_vL,1780191600000000,3.621429824561404,1,0.57,eth-updown-5m-1780191300
poly_sniper_v5_eth_5m_ema50_hurst_parent15mrang_v7,1780191600000000,3.621429824561404,1,0.57,eth-updown-5m-1780191300
poly_sniper_v5_eth_5m_cloud_ribbon_mp_hurst_v6,1780191600000000,3.621429824561404,1,0.57,eth-updown-5m-1780191300
poly_sniper_v5_eth_5m_bb_mp_hurst_band_v6,1780191600000000,3.621429824561404,1,0.57,eth-updown-5m-1780191300
poly_sniper_v5_eth_5m_l_ema50_hurst_grandparent_v8,1780191600000000,3.621429824561404,1,0.57,eth-updown-5m-1780191300
poly_sniper_v5_eth_5m_cloud_ribbon_mp_hurst_v6_vL,1780191600000000,3.621429824561404,1,0.57,eth-updown-5m-1780191300
poly_sniper_v5_eth_5m_v6c3_parent15mrang_v7,1780191600000000,3.621429824561404,1,0.57,eth-updown-5m-1780191300
poly_sniper_v5_eth_5m_cloud_vwap_hurstmp_v7_vL,1780191600000000,3.621429824561404,1,0.57,eth-updown-5m-1780191300
poly_sniper_v5_eth_5m_ema50_hurst_parent15mrang_v7,1780192200000000,-5.0,0,0.4799999999999999,eth-updown-5m-1780191900
poly_sniper_v5_eth_5m_l_ema50_hurst_grandparent_v8,1780192200000000,-5.0,0,0.4799999999999999,eth-updown-5m-1780191900
poly_sniper_v5_eth_5m_ema50_hurst_parent15mrang_v7_vL,1780192200000000,-5.0,0,0.4799999999999999,eth-updown-5m-1780191900
poly_sniper_v5_eth_5m_ema50_hurst_parent15mrang_v7,1780192500000000,-5.0,0,0.66,eth-updown-5m-1780192200
poly_sniper_v5_eth_5m_ema50_hurst_parent15mrang_v7_vL,1780192500000000,-5.0,0,0.66,eth-updown-5m-1780192200
poly_sniper_v5_eth_5m_cloud_ribbon_mp_hurst_v6,1780192800000000,1.940753521126761,1,0.71,eth-updown-5m-1780192500
poly_sniper_v5_eth_5m_bb_mp_hurst_band_v6_vL,1780192800000000,1.940753521126761,1,0.71,eth-updown-5m-1780192500
poly_sniper_v5_eth_5m_cloud_vwap_hurstmp_v7,1780192800000000,1.940753521126761,1,0.71,eth-updown-5m-1780192500
poly_sniper_v5_eth_5m_ema50_hurst_parent15mrang_v7,1780192800000000,1.940753521126761,1,0.71,eth-updown-5m-1780192500
poly_sniper_v5_eth_5m_l_ema50_hurst_grandparent_v8,1780192800000000,1.940753521126761,1,0.71,eth-updown-5m-1780192500
poly_sniper_v5_eth_5m_bb_mp_hurst_band_v6,1780192800000000,1.940753521126761,1,0.71,eth-updown-5m-1780192500
poly_sniper_v5_eth_5m_v6c3_parent15mrang_v7_vL,1780192800000000,1.940753521126761,1,0.71,eth-updown-5m-1780192500
poly_sniper_v5_eth_5m_cloud_ribbon_mp_hurst_v6_vL,1780192800000000,1.940753521126761,1,0.71,eth-updown-5m-1780192500
poly_sniper_v5_eth_5m_ema50_hurst_parent15mrang_v7_vL,1780192800000000,1.940753521126761,1,0.71,eth-updown-5m-1780192500
poly_sniper_v5_eth_5m_cloud_vwap_hurstmp_v7_vL,1780192800000000,1.940753521126761,1,0.71,eth-updown-5m-1780192500
poly_sniper_v5_eth_5m_v6c3_parent15mrang_v7,1780192800000000,1.940753521126761,1,0.71,eth-updown-5m-1780192500
poly_sniper_v5_eth_5m_bb_mp_hurst_band_v6,1780193100000000,1.6657567567567568,1,0.74,eth-updown-5m-1780192800
poly_sniper_v5_eth_5m_v6c3_parent15mrang_v7_vL,1780193100000000,1.6657567567567568,1,0.74,eth-updown-5m-1780192800
poly_sniper_v5_eth_5m_cloud_vwap_hurstmp_v7,1780193100000000,1.6657567567567568,1,0.74,eth-updown-5m-1780192800
poly_sniper_v5_eth_5m_v6c3_parent15mrang_v7,1780193100000000,1.6657567567567568,1,0.74,eth-updown-5m-1780192800
poly_sniper_v5_eth_5m_ema50_hurst_parent15mrang_v7,1780193100000000,1.6657567567567568,1,0.74,eth-updown-5m-1780192800
poly_sniper_v5_eth_5m_bb_mp_hurst_band_v6_vL,1780193100000000,1.6657567567567568,1,0.74,eth-updown-5m-1780192800
poly_sniper_v5_eth_5m_cloud_vwap_hurstmp_v7_vL,1780193100000000,1.6657567567567568,1,0.74,eth-updown-5m-1780192800
poly_sniper_v5_eth_5m_ema50_hurst_parent15mrang_v7_vL,1780193100000000,1.6657567567567568,1,0.74,eth-updown-5m-1780192800
poly_sniper_v5_eth_5m_cloud_ribbon_mp_hurst_v6,1780193100000000,1.6657567567567568,1,0.74,eth-updown-5m-1780192800
poly_sniper_v5_eth_5m_cloud_ribbon_mp_hurst_v6_vL,1780193100000000,1.6657567567567568,1,0.74,eth-updown-5m-1780192800
poly_sniper_v5_eth_5m_ema50_hurst_parent15mrang_v7_vL,1780193700000000,-5.0,0,0.34,eth-updown-5m-1780193400
poly_sniper_v5_eth_5m_ema50_hurst_parent15mrang_v7,1780193700000000,-5.0,0,0.34,eth-updown-5m-1780193400
poly_sniper_v5_eth_5m_l_ema50_hurst_grandparent_v8,1780194000000000,0.2981489361702125,1,0.9400000000000001,eth-updown-5m-1780193700
poly_sniper_v5_eth_5m_ema50_hurst_parent15mrang_v7,1780194000000000,0.2981489361702125,1,0.9400000000000001,eth-updown-5m-1780193700
poly_sniper_v5_eth_5m_ema50_hurst_parent15mrang_v7_vL,1780194000000000,0.2981489361702125,1,0.9400000000000001,eth-updown-5m-1780193700
poly_sniper_v5_eth_5m_cloud_vwap_hurstmp_v7,1780194300000000,1.5791666666666668,1,0.75,eth-updown-5m-1780194000
poly_sniper_v5_eth_5m_bb_mp_hurst_band_v6_vL,1780194300000000,1.5791666666666668,1,0.75,eth-updown-5m-1780194000
poly_sniper_v5_eth_5m_cloud_ribbon_mp_hurst_v6,1780194300000000,1.5791666666666668,1,0.75,eth-updown-5m-1780194000
poly_sniper_v5_eth_5m_cloud_ribbon_mp_hurst_v6_vL,1780194300000000,1.5791666666666668,1,0.75,eth-updown-5m-1780194000
poly_sniper_v5_eth_5m_cloud_vwap_hurstmp_v7_vL,1780194300000000,1.5791666666666668,1,0.75,eth-updown-5m-1780194000
poly_sniper_v5_eth_5m_bb_mp_hurst_band_v6,1780194300000000,1.5791666666666668,1,0.75,eth-updown-5m-1780194000
poly_sniper_v5_eth_5m_cloud_ribbon_mp_hurst_v6_vL,1780194600000000,1.1799999999999997,1,0.8,eth-updown-5m-1780194300
poly_sniper_v5_eth_5m_cloud_vwap_hurstmp_v7_vL,1780195200000000,2.456757575757575,1,0.66,eth-updown-5m-1780194900
poly_sniper_v5_eth_5m_l_ema50_hurst_grandparent_v8,1780195200000000,2.456757575757575,1,0.66,eth-updown-5m-1780194900
poly_sniper_v5_eth_5m_ema50_hurst_parent15mrang_v7_vL,1780195200000000,2.456757575757575,1,0.66,eth-updown-5m-1780194900
poly_sniper_v5_eth_5m_ema50_hurst_parent15mrang_v7,1780195200000000,2.456757575757575,1,0.66,eth-updown-5m-1780194900
poly_sniper_v5_eth_5m_cloud_vwap_hurstmp_v7,1780195200000000,2.456757575757575,1,0.66,eth-updown-5m-1780194900
poly_sniper_v5_eth_5m_bb_mp_hurst_band_v6_vL,1780195200000000,2.456757575757575,1,0.66,eth-updown-5m-1780194900
poly_sniper_v5_eth_5m_bb_mp_hurst_band_v6,1780195200000000,2.456757575757575,1,0.66,eth-updown-5m-1780194900
poly_sniper_v5_eth_5m_ema50_hurst_parent15mrang_v7,1780195500000000,1.7548150684931507,1,0.73,eth-updown-5m-1780195200
poly_sniper_v5_eth_5m_cloud_ribbon_mp_hurst_v6,1780195500000000,1.7548150684931507,1,0.73,eth-updown-5m-1780195200
poly_sniper_v5_eth_5m_bb_mp_hurst_band_v6_vL,1780195500000000,1.7548150684931507,1,0.73,eth-updown-5m-1780195200
poly_sniper_v5_eth_5m_cloud_ribbon_mp_hurst_v6_vL,1780195500000000,1.7548150684931507,1,0.73,eth-updown-5m-1780195200
poly_sniper_v5_eth_5m_ema50_hurst_parent15mrang_v7_vL,1780195500000000,1.7548150684931507,1,0.73,eth-updown-5m-1780195200
poly_sniper_v5_eth_5m_v6c3_parent15mrang_v7,1780195500000000,1.7548150684931507,1,0.73,eth-updown-5m-1780195200
poly_sniper_v5_eth_5m_cloud_vwap_hurstmp_v7,1780195500000000,1.7548150684931507,1,0.73,eth-updown-5m-1780195200
poly_sniper_v5_eth_5m_v6c3_parent15mrang_v7_vL,1780195500000000,1.7548150684931507,1,0.73,eth-updown-5m-1780195200
poly_sniper_v5_eth_5m_cloud_vwap_hurstmp_v7_vL,1780195500000000,1.7548150684931507,1,0.73,eth-updown-5m-1780195200
poly_sniper_v5_eth_5m_l_ema50_hurst_grandparent_v8,1780195500000000,1.7548150684931507,1,0.73,eth-updown-5m-1780195200
poly_sniper_v5_eth_5m_bb_mp_hurst_band_v6,1780195500000000,1.7548150684931507,1,0.73,eth-updown-5m-1780195200
poly_sniper_v5_eth_5m_cloud_ribbon_mp_hurst_v6,1780195800000000,1.8464444444444446,1,0.72,eth-updown-5m-1780195500
poly_sniper_v5_eth_5m_bb_mp_hurst_band_v6,1780195800000000,1.8464444444444446,1,0.72,eth-updown-5m-1780195500
poly_sniper_v5_eth_5m_v6c3_parent15mrang_v7_vL,1780195800000000,1.8464444444444446,1,0.72,eth-updown-5m-1780195500
poly_sniper_v5_eth_5m_bb_mp_hurst_band_v6_vL,1780195800000000,1.8464444444444446,1,0.72,eth-updown-5m-1780195500
poly_sniper_v5_eth_5m_cloud_vwap_hurstmp_v7,1780195800000000,1.8464444444444446,1,0.72,eth-updown-5m-1780195500
poly_sniper_v5_eth_5m_ema50_hurst_parent15mrang_v7,1780195800000000,1.8464444444444446,1,0.72,eth-updown-5m-1780195500
poly_sniper_v5_eth_5m_cloud_ribbon_mp_hurst_v6_vL,1780195800000000,1.8464444444444446,1,0.72,eth-updown-5m-1780195500
poly_sniper_v5_eth_5m_v6c3_parent15mrang_v7,1780195800000000,1.8464444444444446,1,0.72,eth-updown-5m-1780195500
poly_sniper_v5_eth_5m_ema50_hurst_parent15mrang_v7_vL,1780195800000000,1.8464444444444446,1,0.72,eth-updown-5m-1780195500
poly_sniper_v5_eth_5m_cloud_vwap_hurstmp_v7_vL,1780195800000000,1.8464444444444446,1,0.72,eth-updown-5m-1780195500
poly_sniper_v5_eth_5m_cloud_vwap_hurstmp_v7_vL,1780196100000000,-5.0,0,0.62,eth-updown-5m-1780195800
poly_sniper_v5_eth_5m_bb_mp_hurst_band_v6,1780196100000000,-5.0,0,0.62,eth-updown-5m-1780195800
poly_sniper_v5_eth_5m_cloud_ribbon_mp_hurst_v6_vL,1780196100000000,-5.0,0,0.62,eth-updown-5m-1780195800
poly_sniper_v5_eth_5m_cloud_ribbon_mp_hurst_v6,1780196100000000,-5.0,0,0.62,eth-updown-5m-1780195800
poly_sniper_v5_eth_5m_bb_mp_hurst_band_v6_vL,1780196100000000,-5.0,0,0.62,eth-updown-5m-1780195800
poly_sniper_v5_eth_5m_cloud_vwap_hurstmp_v7,1780196100000000,-5.0,0,0.62,eth-updown-5m-1780195800
poly_sniper_v5_eth_5m_l_ema50_hurst_grandparent_v8,1780196400000000,1.33325641025641,1,0.78,eth-updown-5m-1780196100
poly_sniper_v5_eth_5m_bb_mp_hurst_band_v6,1780196400000000,1.33325641025641,1,0.78,eth-updown-5m-1780196100
poly_sniper_v5_eth_5m_cloud_ribbon_mp_hurst_v6_vL,1780196400000000,1.33325641025641,1,0.78,eth-updown-5m-1780196100
poly_sniper_v5_eth_5m_cloud_ribbon_mp_hurst_v6,1780196400000000,1.33325641025641,1,0.78,eth-updown-5m-1780196100
poly_sniper_v5_eth_5m_cloud_vwap_hurstmp_v7_vL,1780196400000000,1.33325641025641,1,0.78,eth-updown-5m-1780196100
poly_sniper_v5_eth_5m_cloud_vwap_hurstmp_v7,1780196400000000,1.33325641025641,1,0.78,eth-updown-5m-1780196100
poly_sniper_v5_eth_5m_bb_mp_hurst_band_v6_vL,1780196400000000,1.33325641025641,1,0.78,eth-updown-5m-1780196100
poly_sniper_v5_eth_5m_bb_mp_hurst_band_v6,1780196700000000,4.075119787528008,1,0.5413812111189857,eth-updown-5m-1780196400
poly_sniper_v5_eth_5m_cloud_ribbon_mp_hurst_v6_vL,1780196700000000,4.075119787528008,1,0.5413812111189857,eth-updown-5m-1780196400
poly_sniper_v5_eth_5m_cloud_vwap_hurstmp_v7_vL,1780196700000000,4.075119787528008,1,0.5413812111189857,eth-updown-5m-1780196400
poly_sniper_v5_eth_5m_bb_mp_hurst_band_v6_vL,1780196700000000,4.075119787528008,1,0.5413812111189857,eth-updown-5m-1780196400
poly_sniper_v5_eth_5m_cloud_ribbon_mp_hurst_v6,1780196700000000,4.075119787528008,1,0.5413812111189857,eth-updown-5m-1780196400
poly_sniper_v5_eth_5m_cloud_vwap_hurstmp_v7,1780196700000000,4.075119787528008,1,0.5413812111189857,eth-updown-5m-1780196400
poly_sniper_v5_eth_5m_v5repl_off120_v6,1780204200000000,-5.0,0,0.7232735559298523,eth-updown-5m-1780203900
poly_sniper_v5_eth_5m_tr200_mp_sms_active_off120,1780204200000000,-5.0,0,0.7232735559298523,eth-updown-5m-1780203900
poly_sniper_v5_eth_5m_ema200_vwap_regimerang_xa3_v7,1780205700000000,-5.0,0,0.74,eth-updown-5m-1780205400
poly_sniper_v5_eth_5m_ema200_vwap_regimerang_xa3_v7,1780207500000000,3.0602213114754098,1,0.61,eth-updown-5m-1780207200
poly_sniper_v5_eth_5m_ema200_vwap_regimerang_xa3_v7,1780207800000000,-5.0,0,0.52,eth-updown-5m-1780207500
poly_sniper_v5_eth_5m_ema200_vwap_regimerang_xa3_v7,1780208700000000,1.6657567567567568,1,0.74,eth-updown-5m-1780208400
poly_sniper_v5_eth_5m_ema200_vwap_regimerang_xa3_v7,1780209000000000,1.5791666666666668,1,0.75,eth-updown-5m-1780208700
poly_sniper_v5_eth_5m_ema200_vwap_regimerang_xa3_v7,1780209300000000,1.4949473684210524,1,0.76,eth-updown-5m-1780209000
poly_sniper_v5_eth_5m_tr200_mp_sms_active_off120,1780210500000000,1.2535923818555392,1,0.7902639481586851,eth-updown-5m-1780210200
poly_sniper_v5_eth_5m_v5repl_off120_v6,1780210500000000,1.2535923818555392,1,0.7902639481586851,eth-updown-5m-1780210200
poly_sniper_v5_eth_5m_ema200_vwap_regimerang_xa3_v7,1780212000000000,-5.0,0,0.345481107118885,eth-updown-5m-1780211700
poly_sniper_v5_eth_5m_cloud_ribbon_mp_hurst_v6_vL,1780212600000000,-5.000000000000001,0,0.54,eth-updown-5m-1780212300
poly_sniper_v5_eth_5m_v6c3_parent15mrang_v7,1780212600000000,-5.000000000000001,0,0.54,eth-updown-5m-1780212300
poly_sniper_v5_eth_5m_cloud_ribbon_mp_hurst_v6,1780212600000000,-5.000000000000001,0,0.54,eth-updown-5m-1780212300
poly_sniper_v5_eth_5m_ema50_hurst_parent15mrang_v7_vL,1780212600000000,-5.000000000000001,0,0.54,eth-updown-5m-1780212300
poly_sniper_v5_eth_5m_cloud_vwap_hurstmp_v7,1780212600000000,-5.000000000000001,0,0.54,eth-updown-5m-1780212300
poly_sniper_v5_eth_5m_bb_mp_hurst_band_v6_vL,1780212600000000,-5.000000000000001,0,0.54,eth-updown-5m-1780212300
poly_sniper_v5_eth_5m_bb_mp_hurst_band_v6,1780212600000000,-5.000000000000001,0,0.54,eth-updown-5m-1780212300
poly_sniper_v5_eth_5m_ema50_hurst_parent15mrang_v7,1780212600000000,-5.000000000000001,0,0.54,eth-updown-5m-1780212300
poly_sniper_v5_eth_5m_v6c3_parent15mrang_v7_vL,1780212600000000,-5.000000000000001,0,0.54,eth-updown-5m-1780212300
poly_sniper_v5_eth_5m_cloud_vwap_hurstmp_v7_vL,1780212600000000,-5.000000000000001,0,0.54,eth-updown-5m-1780212300
poly_sniper_v5_eth_5m_cloud_vwap_hurstmp_v7,1780212900000000,4.098259259259258,1,0.54,eth-updown-5m-1780212600
poly_sniper_v5_eth_5m_ema50_hurst_parent15mrang_v7,1780212900000000,4.098259259259258,1,0.54,eth-updown-5m-1780212600
poly_sniper_v5_eth_5m_ema50_hurst_parent15mrang_v7_vL,1780212900000000,4.098259259259258,1,0.54,eth-updown-5m-1780212600
poly_sniper_v5_eth_5m_v6c3_parent15mrang_v7,1780212900000000,4.098259259259258,1,0.54,eth-updown-5m-1780212600
poly_sniper_v5_eth_5m_bb_mp_hurst_band_v6_vL,1780212900000000,4.098259259259258,1,0.54,eth-updown-5m-1780212600
poly_sniper_v5_eth_5m_cloud_vwap_hurstmp_v7_vL,1780212900000000,4.098259259259258,1,0.54,eth-updown-5m-1780212600
poly_sniper_v5_eth_5m_bb_mp_hurst_band_v6,1780212900000000,4.098259259259258,1,0.54,eth-updown-5m-1780212600
poly_sniper_v5_eth_5m_v6c3_parent15mrang_v7_vL,1780212900000000,4.098259259259258,1,0.54,eth-updown-5m-1780212600
poly_sniper_v5_eth_5m_cloud_ribbon_mp_hurst_v6_vL,1780212900000000,4.098259259259258,1,0.54,eth-updown-5m-1780212600
poly_sniper_v5_eth_5m_cloud_ribbon_mp_hurst_v6,1780212900000000,4.098259259259258,1,0.54,eth-updown-5m-1780212600
poly_sniper_v5_eth_5m_cloud_ribbon_mp_hurst_v6_vL,1780214400000000,1.8207785162077854,1,0.7227722772277227,eth-updown-5m-1780214100
poly_sniper_v5_eth_5m_cloud_ribbon_mp_hurst_v6,1780214400000000,1.8207785162077854,1,0.7227722772277227,eth-updown-5m-1780214100
poly_sniper_v5_eth_5m_cloud_vwap_hurstmp_v7_vL,1780214400000000,1.8207785162077854,1,0.7227722772277227,eth-updown-5m-1780214100
poly_sniper_v5_eth_5m_bb_mp_hurst_band_v6_vL,1780214400000000,1.8207785162077854,1,0.7227722772277227,eth-updown-5m-1780214100
poly_sniper_v5_eth_5m_cloud_vwap_hurstmp_v7,1780214400000000,1.8207785162077854,1,0.7227722772277227,eth-updown-5m-1780214100
poly_sniper_v5_eth_5m_v6c3_parent15mrang_v7_vL,1780214400000000,1.8207785162077854,1,0.7227722772277227,eth-updown-5m-1780214100
poly_sniper_v5_eth_5m_ema50_hurst_parent15mrang_v7,1780214400000000,1.8207785162077854,1,0.7227722772277227,eth-updown-5m-1780214100
poly_sniper_v5_eth_5m_v6c3_parent15mrang_v7,1780214400000000,1.8207785162077854,1,0.7227722772277227,eth-updown-5m-1780214100
poly_sniper_v5_eth_5m_ema50_hurst_parent15mrang_v7_vL,1780214400000000,1.8207785162077854,1,0.7227722772277227,eth-updown-5m-1780214100
poly_sniper_v5_eth_5m_bb_mp_hurst_band_v6,1780214400000000,1.8207785162077854,1,0.7227722772277227,eth-updown-5m-1780214100
poly_sniper_v5_eth_5m_ema50_hurst_parent15mrang_v7_vL,1780214700000000,1.5791666666666668,1,0.75,eth-updown-5m-1780214400
poly_sniper_v5_eth_5m_ema50_hurst_parent15mrang_v7,1780214700000000,1.5791666666666668,1,0.75,eth-updown-5m-1780214400
poly_sniper_v5_eth_5m_v6c3_parent15mrang_v7,1780214700000000,1.5791666666666668,1,0.75,eth-updown-5m-1780214400
poly_sniper_v5_eth_5m_l_ema50_hurst_grandparent_v8,1780214700000000,1.5791666666666668,1,0.75,eth-updown-5m-1780214400
poly_sniper_v5_eth_5m_cloud_ribbon_mp_hurst_v6_vL,1780214700000000,1.5791666666666668,1,0.75,eth-updown-5m-1780214400
poly_sniper_v5_eth_5m_bb_mp_hurst_band_v6,1780214700000000,1.5791666666666668,1,0.75,eth-updown-5m-1780214400
poly_sniper_v5_eth_5m_cloud_vwap_hurstmp_v7_vL,1780214700000000,1.5791666666666668,1,0.75,eth-updown-5m-1780214400
poly_sniper_v5_eth_5m_v6c3_parent15mrang_v7_vL,1780214700000000,1.5791666666666668,1,0.75,eth-updown-5m-1780214400
poly_sniper_v5_eth_5m_cloud_ribbon_mp_hurst_v6,1780214700000000,1.5791666666666668,1,0.75,eth-updown-5m-1780214400
poly_sniper_v5_eth_5m_cloud_vwap_hurstmp_v7,1780214700000000,1.5791666666666668,1,0.75,eth-updown-5m-1780214400
poly_sniper_v5_eth_5m_bb_mp_hurst_band_v6_vL,1780214700000000,1.5791666666666668,1,0.75,eth-updown-5m-1780214400
poly_sniper_v5_eth_5m_l_ema50_hurst_grandparent_v8,1780215300000000,0.8298529411764708,1,0.85,eth-updown-5m-1780215000
poly_sniper_v5_eth_5m_cloud_ribbon_mp_hurst_v6,1780215300000000,0.8298529411764708,1,0.85,eth-updown-5m-1780215000
poly_sniper_v5_eth_5m_v6c3_parent15mrang_v7_vL,1780215300000000,0.8298529411764708,1,0.85,eth-updown-5m-1780215000
poly_sniper_v5_eth_5m_ema50_hurst_parent15mrang_v7_vL,1780215300000000,0.8298529411764708,1,0.85,eth-updown-5m-1780215000
poly_sniper_v5_eth_5m_ema50_hurst_parent15mrang_v7,1780215300000000,0.8298529411764708,1,0.85,eth-updown-5m-1780215000
poly_sniper_v5_eth_5m_cloud_ribbon_mp_hurst_v6_vL,1780215300000000,0.8298529411764708,1,0.85,eth-updown-5m-1780215000
poly_sniper_v5_eth_5m_v6c3_parent15mrang_v7,1780215300000000,0.8298529411764708,1,0.85,eth-updown-5m-1780215000
poly_sniper_v5_eth_5m_ema200_vwap_regimerang_xa3_v7,1780216800000000,1.4949473684210524,1,0.76,eth-updown-5m-1780216500
poly_sniper_v5_eth_5m_cloud_mp_sms_active_off120,1780218300000000,2.1011999303536397,1,0.6936324540716224,eth-updown-5m-1780218000
poly_sniper_v5_eth_5m_tr200_mp_sms_active_off120,1780218300000000,2.1011999303536397,1,0.6936324540716224,eth-updown-5m-1780218000
poly_sniper_v5_eth_5m_ema200_vwap_regimerang_xa3_v7,1780218300000000,-5.0,0,0.5739164852562832,eth-updown-5m-1780218000
poly_sniper_v5_eth_5m_v5repl_off120_v6,1780218300000000,2.1011999303536397,1,0.6936324540716224,eth-updown-5m-1780218000
poly_sniper_v5_eth_5m_tr200_mp_sms_active_off120,1780221000000000,-5.0,0,0.720802559342786,eth-updown-5m-1780220700
poly_sniper_v5_eth_5m_v5repl_off120_v6,1780221000000000,-5.0,0,0.720802559342786,eth-updown-5m-1780220700
poly_sniper_v5_eth_5m_cloud_mp_sms_active_off120,1780221000000000,-5.0,0,0.720802559342786,eth-updown-5m-1780220700
poly_sniper_v5_eth_5m_ema200_vwap_regimerang_xa3_v7,1780221000000000,4.447384615384615,1,0.52,eth-updown-5m-1780220700
poly_sniper_v5_eth_5m_bb_mp_hurst_band_v6,1780222800000000,3.3310762711864412,1,0.59,eth-updown-5m-1780222500
poly_sniper_v5_eth_5m_l_ema50_hurst_grandparent_v8,1780222800000000,3.3310762711864412,1,0.59,eth-updown-5m-1780222500
poly_sniper_v5_eth_5m_bb_mp_hurst_band_v6_vL,1780222800000000,3.3310762711864412,1,0.59,eth-updown-5m-1780222500
poly_sniper_v5_eth_5m_cloud_vwap_hurstmp_v7_vL,1780222800000000,3.3310762711864412,1,0.59,eth-updown-5m-1780222500
poly_sniper_v5_eth_5m_cloud_vwap_hurstmp_v7,1780222800000000,3.3310762711864412,1,0.59,eth-updown-5m-1780222500
poly_sniper_v5_eth_5m_cloud_ribbon_mp_hurst_v6_vL,1780223100000000,1.1063395061728392,1,0.81,eth-updown-5m-1780222800
poly_sniper_v5_eth_5m_l_ema50_hurst_grandparent_v8,1780223100000000,1.1063395061728392,1,0.81,eth-updown-5m-1780222800
poly_sniper_v5_eth_5m_cloud_ribbon_mp_hurst_v6,1780223100000000,1.1063395061728392,1,0.81,eth-updown-5m-1780222800
poly_sniper_v5_eth_5m_cloud_vwap_hurstmp_v7,1780223400000000,2.2409411764705878,1,0.68,eth-updown-5m-1780223100
poly_sniper_v5_eth_5m_cloud_ribbon_mp_hurst_v6_vL,1780223400000000,2.2409411764705878,1,0.68,eth-updown-5m-1780223100
poly_sniper_v5_eth_5m_cloud_ribbon_mp_hurst_v6,1780223400000000,2.2409411764705878,1,0.68,eth-updown-5m-1780223100
poly_sniper_v5_eth_5m_cloud_vwap_hurstmp_v7_vL,1780223400000000,2.2409411764705878,1,0.68,eth-updown-5m-1780223100
poly_sniper_v5_eth_5m_bb_mp_hurst_band_v6,1780223400000000,2.2409411764705878,1,0.68,eth-updown-5m-1780223100
poly_sniper_v5_eth_5m_bb_mp_hurst_band_v6_vL,1780223400000000,2.2409411764705878,1,0.68,eth-updown-5m-1780223100
poly_sniper_v5_eth_5m_cloud_vwap_hurstmp_v7,1780223700000000,2.140818902437789,1,0.6897103216649006,eth-updown-5m-1780223400
poly_sniper_v5_eth_5m_bb_mp_hurst_band_v6,1780223700000000,2.140818902437789,1,0.6897103216649006,eth-updown-5m-1780223400
poly_sniper_v5_eth_5m_bb_mp_hurst_band_v6_vL,1780223700000000,2.140818902437789,1,0.6897103216649006,eth-updown-5m-1780223400
poly_sniper_v5_eth_5m_cloud_ribbon_mp_hurst_v6,1780223700000000,2.140818902437789,1,0.6897103216649006,eth-updown-5m-1780223400
poly_sniper_v5_eth_5m_cloud_vwap_hurstmp_v7_vL,1780223700000000,2.140818902437789,1,0.6897103216649006,eth-updown-5m-1780223400
poly_sniper_v5_eth_5m_cloud_ribbon_mp_hurst_v6_vL,1780223700000000,2.140818902437789,1,0.6897103216649006,eth-updown-5m-1780223400
poly_sniper_v5_eth_5m_cloud_ribbon_mp_hurst_v6_vL,1780224300000000,1.1799999999999997,1,0.8,eth-updown-5m-1780224000
poly_sniper_v5_eth_5m_bb_mp_hurst_band_v6_vL,1780224300000000,1.1799999999999997,1,0.8,eth-updown-5m-1780224000
poly_sniper_v5_eth_5m_l_ema50_hurst_grandparent_v8,1780224300000000,1.1799999999999997,1,0.8,eth-updown-5m-1780224000
poly_sniper_v5_eth_5m_bb_mp_hurst_band_v6,1780224300000000,1.1799999999999997,1,0.8,eth-updown-5m-1780224000
poly_sniper_v5_eth_5m_cloud_ribbon_mp_hurst_v6,1780224300000000,1.1799999999999997,1,0.8,eth-updown-5m-1780224000
poly_sniper_v5_eth_5m_cloud_vwap_hurstmp_v7_vL,1780224300000000,1.1799999999999997,1,0.8,eth-updown-5m-1780224000
poly_sniper_v5_eth_5m_cloud_vwap_hurstmp_v7,1780224300000000,1.1799999999999997,1,0.8,eth-updown-5m-1780224000
poly_sniper_v5_eth_5m_bb_mp_hurst_band_v6,1780224900000000,-5.0,0,0.6,eth-updown-5m-1780224600
poly_sniper_v5_eth_5m_l_ema50_hurst_grandparent_v8,1780224900000000,-5.0,0,0.6,eth-updown-5m-1780224600
poly_sniper_v5_eth_5m_bb_mp_hurst_band_v6_vL,1780224900000000,-5.0,0,0.6,eth-updown-5m-1780224600
poly_sniper_v5_eth_5m_ema50_hurst_parent15mrang_v7_vL,1780224900000000,-5.0,0,0.6,eth-updown-5m-1780224600
poly_sniper_v5_eth_5m_cloud_vwap_hurstmp_v7,1780224900000000,-5.0,0,0.6,eth-updown-5m-1780224600
poly_sniper_v5_eth_5m_ema50_hurst_parent15mrang_v7,1780224900000000,-5.0,0,0.6,eth-updown-5m-1780224600
poly_sniper_v5_eth_5m_cloud_vwap_hurstmp_v7_vL,1780224900000000,-5.0,0,0.6,eth-updown-5m-1780224600
poly_sniper_v5_eth_5m_v5repl_off120_v6,1780227000000000,4.553816092933252,1,0.5141998259631358,eth-updown-5m-1780226700
poly_sniper_v5_eth_5m_cloud_mp_sms_active_off120,1780227000000000,4.553816092933252,1,0.5141998259631358,eth-updown-5m-1780226700
poly_sniper_v5_eth_5m_tr200_mp_sms_active_off120,1780227000000000,4.553816092933252,1,0.5141998259631358,eth-updown-5m-1780226700
poly_sniper_v5_eth_5m_ema200_vwap_regimerang_xa3_v7,1780228800000000,1.7548150684931507,1,0.73,eth-updown-5m-1780228500
poly_sniper_v5_eth_5m_ema200_vwap_regimerang_xa3_v7,1780229100000000,3.7745714285714276,1,0.56,eth-updown-5m-1780228800
poly_sniper_v5_eth_5m_ema200_vwap_regimerang_xa3_v7,1780231500000000,1.8464444444444446,1,0.72,eth-updown-5m-1780231200
poly_sniper_v5_eth_5m_v6c3_parent15mrang_v7_vL,1780231800000000,2.931516129032258,1,0.62,eth-updown-5m-1780231500
poly_sniper_v5_eth_5m_cloud_ribbon_mp_hurst_v6_vL,1780231800000000,2.931516129032258,1,0.62,eth-updown-5m-1780231500
poly_sniper_v5_eth_5m_l_ema50_hurst_grandparent_v8,1780231800000000,2.931516129032258,1,0.62,eth-updown-5m-1780231500
poly_sniper_v5_eth_5m_cloud_vwap_hurstmp_v7_vL,1780231800000000,2.931516129032258,1,0.62,eth-updown-5m-1780231500
poly_sniper_v5_eth_5m_ema50_hurst_parent15mrang_v7_vL,1780231800000000,2.931516129032258,1,0.62,eth-updown-5m-1780231500
poly_sniper_v5_eth_5m_cloud_ribbon_mp_hurst_v6,1780231800000000,2.931516129032258,1,0.62,eth-updown-5m-1780231500
poly_sniper_v5_eth_5m_v6c3_parent15mrang_v7,1780231800000000,2.931516129032258,1,0.62,eth-updown-5m-1780231500
poly_sniper_v5_eth_5m_bb_mp_hurst_band_v6,1780231800000000,2.931516129032258,1,0.62,eth-updown-5m-1780231500
poly_sniper_v5_eth_5m_bb_mp_hurst_band_v6_vL,1780231800000000,2.931516129032258,1,0.62,eth-updown-5m-1780231500
poly_sniper_v5_eth_5m_cloud_vwap_hurstmp_v7,1780231800000000,2.931516129032258,1,0.62,eth-updown-5m-1780231500
poly_sniper_v5_eth_5m_ema50_hurst_parent15mrang_v7,1780231800000000,2.931516129032258,1,0.62,eth-updown-5m-1780231500
poly_sniper_v5_eth_5m_ema50_hurst_parent15mrang_v7,1780232100000000,-5.0,0,0.5749633213053649,eth-updown-5m-1780231800
poly_sniper_v5_eth_5m_cloud_vwap_hurstmp_v7,1780232100000000,-5.0,0,0.5749633213053649,eth-updown-5m-1780231800
poly_sniper_v5_eth_5m_bb_mp_hurst_band_v6_vL,1780232100000000,-5.0,0,0.5749633213053649,eth-updown-5m-1780231800
poly_sniper_v5_eth_5m_bb_mp_hurst_band_v6,1780232100000000,-5.0,0,0.5749633213053649,eth-updown-5m-1780231800
poly_sniper_v5_eth_5m_ema50_hurst_parent15mrang_v7_vL,1780232100000000,-5.0,0,0.5749633213053649,eth-updown-5m-1780231800
poly_sniper_v5_eth_5m_cloud_vwap_hurstmp_v7_vL,1780232100000000,-5.0,0,0.5749633213053649,eth-updown-5m-1780231800
poly_sniper_v5_eth_5m_cloud_ribbon_mp_hurst_v6_vL,1780233300000000,-5.0,0,0.62,eth-updown-5m-1780233000
poly_sniper_v5_eth_5m_ema50_hurst_parent15mrang_v7,1780233300000000,-5.0,0,0.62,eth-updown-5m-1780233000
poly_sniper_v5_eth_5m_bb_mp_hurst_band_v6,1780233300000000,-5.0,0,0.62,eth-updown-5m-1780233000
poly_sniper_v5_eth_5m_bb_mp_hurst_band_v6_vL,1780233300000000,-5.0,0,0.62,eth-updown-5m-1780233000
poly_sniper_v5_eth_5m_cloud_ribbon_mp_hurst_v6,1780233300000000,-5.0,0,0.62,eth-updown-5m-1780233000
poly_sniper_v5_eth_5m_cloud_vwap_hurstmp_v7_vL,1780233300000000,-5.0,0,0.62,eth-updown-5m-1780233000
poly_sniper_v5_eth_5m_ema50_hurst_parent15mrang_v7_vL,1780233300000000,-5.0,0,0.62,eth-updown-5m-1780233000
poly_sniper_v5_eth_5m_v6c3_parent15mrang_v7_vL,1780233300000000,-5.0,0,0.62,eth-updown-5m-1780233000
poly_sniper_v5_eth_5m_cloud_vwap_hurstmp_v7,1780233300000000,-5.0,0,0.62,eth-updown-5m-1780233000
poly_sniper_v5_eth_5m_v6c3_parent15mrang_v7,1780233300000000,-5.0,0,0.62,eth-updown-5m-1780233000
poly_sniper_v5_eth_5m_bb_mp_hurst_band_v6_vL,1780235100000000,3.93340909090909,1,0.55,eth-updown-5m-1780234800
poly_sniper_v5_eth_5m_cloud_vwap_hurstmp_v7,1780235100000000,3.93340909090909,1,0.55,eth-updown-5m-1780234800
poly_sniper_v5_eth_5m_cloud_ribbon_mp_hurst_v6_vL,1780235100000000,3.93340909090909,1,0.55,eth-updown-5m-1780234800
poly_sniper_v5_eth_5m_l_ema50_hurst_grandparent_v8,1780235100000000,3.93340909090909,1,0.55,eth-updown-5m-1780234800
poly_sniper_v5_eth_5m_cloud_vwap_hurstmp_v7_vL,1780235100000000,3.93340909090909,1,0.55,eth-updown-5m-1780234800
poly_sniper_v5_eth_5m_cloud_ribbon_mp_hurst_v6,1780235100000000,3.93340909090909,1,0.55,eth-updown-5m-1780234800
poly_sniper_v5_eth_5m_bb_mp_hurst_band_v6,1780235100000000,3.93340909090909,1,0.55,eth-updown-5m-1780234800
poly_sniper_v5_eth_5m_v6c3_parent15mrang_v7_vL,1780236300000000,2.3753800476648537,1,0.6673971511106683,eth-updown-5m-1780236000
poly_sniper_v5_eth_5m_ema50_hurst_parent15mrang_v7,1780236300000000,2.3753800476648537,1,0.6673971511106683,eth-updown-5m-1780236000
poly_sniper_v5_eth_5m_ema50_hurst_parent15mrang_v7_vL,1780236300000000,2.3753800476648537,1,0.6673971511106683,eth-updown-5m-1780236000
poly_sniper_v5_eth_5m_cloud_vwap_hurstmp_v7_vL,1780236300000000,2.3753800476648537,1,0.6673971511106683,eth-updown-5m-1780236000
poly_sniper_v5_eth_5m_cloud_ribbon_mp_hurst_v6_vL,1780236300000000,2.3753800476648537,1,0.6673971511106683,eth-updown-5m-1780236000
poly_sniper_v5_eth_5m_bb_mp_hurst_band_v6_vL,1780236300000000,2.3753800476648537,1,0.6673971511106683,eth-updown-5m-1780236000
poly_sniper_v5_eth_5m_l_ema50_hurst_grandparent_v8,1780236300000000,2.3753800476648537,1,0.6673971511106683,eth-updown-5m-1780236000
poly_sniper_v5_eth_5m_v6c3_parent15mrang_v7,1780236300000000,2.3753800476648537,1,0.6673971511106683,eth-updown-5m-1780236000
poly_sniper_v5_eth_5m_bb_mp_hurst_band_v6,1780236300000000,2.3753800476648537,1,0.6673971511106683,eth-updown-5m-1780236000
poly_sniper_v5_eth_5m_cloud_vwap_hurstmp_v7,1780236300000000,2.3753800476648537,1,0.6673971511106683,eth-updown-5m-1780236000
poly_sniper_v5_eth_5m_cloud_ribbon_mp_hurst_v6,1780236300000000,2.3753800476648537,1,0.6673971511106683,eth-updown-5m-1780236000
poly_sniper_v5_eth_5m_cloud_mp_sms_active_off120,1780237200000000,-5.0,0,0.55,eth-updown-5m-1780236900
poly_sniper_v5_eth_5m_cloud_vwap_hurstmp_v7,1780237500000000,1.480704126602564,1,0.76171875,eth-updown-5m-1780237200
poly_sniper_v5_eth_5m_bb_mp_hurst_band_v6,1780237500000000,1.480704126602564,1,0.76171875,eth-updown-5m-1780237200
poly_sniper_v5_eth_5m_cloud_ribbon_mp_hurst_v6,1780237500000000,1.480704126602564,1,0.76171875,eth-updown-5m-1780237200
poly_sniper_v5_eth_5m_bb_mp_hurst_band_v6_vL,1780237500000000,1.480704126602564,1,0.76171875,eth-updown-5m-1780237200
poly_sniper_v5_eth_5m_cloud_vwap_hurstmp_v7_vL,1780237500000000,1.480704126602564,1,0.76171875,eth-updown-5m-1780237200
poly_sniper_v5_eth_5m_cloud_ribbon_mp_hurst_v6_vL,1780237500000000,1.480704126602564,1,0.76171875,eth-updown-5m-1780237200
poly_sniper_v5_eth_5m_bb_mp_hurst_band_v6,1780237800000000,3.3310762711864412,1,0.59,eth-updown-5m-1780237500
poly_sniper_v5_eth_5m_bb_mp_hurst_band_v6_vL,1780237800000000,3.3310762711864412,1,0.59,eth-updown-5m-1780237500
poly_sniper_v5_eth_5m_cloud_ribbon_mp_hurst_v6,1780238100000000,2.931516129032258,1,0.62,eth-updown-5m-1780237800
poly_sniper_v5_eth_5m_cloud_vwap_hurstmp_v7,1780238100000000,2.931516129032258,1,0.62,eth-updown-5m-1780237800
poly_sniper_v5_eth_5m_bb_mp_hurst_band_v6_vL,1780238100000000,2.931516129032258,1,0.62,eth-updown-5m-1780237800
poly_sniper_v5_eth_5m_bb_mp_hurst_band_v6,1780238100000000,2.931516129032258,1,0.62,eth-updown-5m-1780237800
poly_sniper_v5_eth_5m_cloud_ribbon_mp_hurst_v6_vL,1780238100000000,2.931516129032258,1,0.62,eth-updown-5m-1780237800
poly_sniper_v5_eth_5m_cloud_vwap_hurstmp_v7_vL,1780238100000000,2.931516129032258,1,0.62,eth-updown-5m-1780237800
poly_sniper_v5_eth_5m_bb_mp_hurst_band_v6,1780238400000000,-5.0,0,0.74,eth-updown-5m-1780238100
poly_sniper_v5_eth_5m_bb_mp_hurst_band_v6_vL,1780238400000000,-5.0,0,0.74,eth-updown-5m-1780238100
poly_sniper_v5_eth_5m_cloud_ribbon_mp_hurst_v6_vL,1780239000000000,1.9091075973334044,1,0.7133232939684552,eth-updown-5m-1780238700
poly_sniper_v5_eth_5m_bb_mp_hurst_band_v6_vL,1780239000000000,1.9091075973334044,1,0.7133232939684552,eth-updown-5m-1780238700
poly_sniper_v5_eth_5m_cloud_vwap_hurstmp_v7_vL,1780239000000000,1.9091075973334044,1,0.7133232939684552,eth-updown-5m-1780238700
poly_sniper_v5_eth_5m_bb_mp_hurst_band_v6,1780239000000000,1.9091075973334044,1,0.7133232939684552,eth-updown-5m-1780238700
poly_sniper_v5_eth_5m_cloud_vwap_hurstmp_v7,1780239000000000,1.9091075973334044,1,0.7133232939684552,eth-updown-5m-1780238700
poly_sniper_v5_eth_5m_cloud_ribbon_mp_hurst_v6,1780239000000000,1.9091075973334044,1,0.7133232939684552,eth-updown-5m-1780238700
poly_sniper_v5_eth_5m_bb_mp_hurst_band_v6_vL,1780239600000000,1.940753521126761,1,0.71,eth-updown-5m-1780239300
poly_sniper_v5_eth_5m_l_ema50_hurst_grandparent_v8,1780239600000000,1.940753521126761,1,0.71,eth-updown-5m-1780239300
poly_sniper_v5_eth_5m_bb_mp_hurst_band_v6,1780239600000000,1.940753521126761,1,0.71,eth-updown-5m-1780239300
poly_sniper_v5_eth_5m_cloud_ribbon_mp_hurst_v6,1780240200000000,1.1063395061728392,1,0.81,eth-updown-5m-1780239900
poly_sniper_v5_eth_5m_cloud_ribbon_mp_hurst_v6_vL,1780240200000000,1.1063395061728392,1,0.81,eth-updown-5m-1780239900
poly_sniper_v5_eth_5m_cloud_vwap_hurstmp_v7_vL,1780240500000000,4.447384615384615,1,0.52,eth-updown-5m-1780240200
poly_sniper_v5_eth_5m_cloud_ribbon_mp_hurst_v6,1780240500000000,4.447384615384615,1,0.52,eth-updown-5m-1780240200
poly_sniper_v5_eth_5m_cloud_ribbon_mp_hurst_v6_vL,1780240500000000,4.447384615384615,1,0.52,eth-updown-5m-1780240200
poly_sniper_v5_eth_5m_bb_mp_hurst_band_v6_vL,1780240500000000,4.447384615384615,1,0.52,eth-updown-5m-1780240200
poly_sniper_v5_eth_5m_cloud_vwap_hurstmp_v7,1780240500000000,4.447384615384615,1,0.52,eth-updown-5m-1780240200
poly_sniper_v5_eth_5m_bb_mp_hurst_band_v6,1780240500000000,4.447384615384615,1,0.52,eth-updown-5m-1780240200
poly_sniper_v5_eth_5m_cloud_ribbon_mp_hurst_v6_vL,1780240800000000,4.632421568627452,1,0.51,eth-updown-5m-1780240500
poly_sniper_v5_eth_5m_bb_mp_hurst_band_v6_vL,1780240800000000,4.632421568627452,1,0.51,eth-updown-5m-1780240500
poly_sniper_v5_eth_5m_cloud_vwap_hurstmp_v7,1780240800000000,4.632421568627452,1,0.51,eth-updown-5m-1780240500
poly_sniper_v5_eth_5m_cloud_vwap_hurstmp_v7_vL,1780240800000000,4.632421568627452,1,0.51,eth-updown-5m-1780240500
poly_sniper_v5_eth_5m_cloud_ribbon_mp_hurst_v6,1780240800000000,4.632421568627452,1,0.51,eth-updown-5m-1780240500
poly_sniper_v5_eth_5m_bb_mp_hurst_band_v6,1780240800000000,4.632421568627452,1,0.51,eth-updown-5m-1780240500
poly_sniper_v5_eth_5m_cloud_vwap_hurstmp_v7_vL,1780241100000000,4.0929293103941005,1,0.540317510216913,eth-updown-5m-1780240800
poly_sniper_v5_eth_5m_bb_mp_hurst_band_v6_vL,1780241100000000,4.0929293103941005,1,0.540317510216913,eth-updown-5m-1780240800
poly_sniper_v5_eth_5m_cloud_ribbon_mp_hurst_v6_vL,1780241400000000,-5.0,0,0.7090215502606402,eth-updown-5m-1780241100
poly_sniper_v5_eth_5m_cloud_vwap_hurstmp_v7_vL,1780241400000000,-5.0,0,0.7090215502606402,eth-updown-5m-1780241100
poly_sniper_v5_eth_5m_cloud_vwap_hurstmp_v7,1780241400000000,-5.0,0,0.7090215502606402,eth-updown-5m-1780241100
poly_sniper_v5_eth_5m_bb_mp_hurst_band_v6,1780241400000000,-5.0,0,0.7090215502606402,eth-updown-5m-1780241100
poly_sniper_v5_eth_5m_bb_mp_hurst_band_v6_vL,1780241400000000,-5.0,0,0.7090215502606402,eth-updown-5m-1780241100
poly_sniper_v5_eth_5m_cloud_ribbon_mp_hurst_v6,1780241400000000,-5.0,0,0.7090215502606402,eth-updown-5m-1780241100
poly_sniper_v5_eth_5m_bb_mp_hurst_band_v6_vL,1780241700000000,-4.999999999999999,0,0.61,eth-updown-5m-1780241400
poly_sniper_v5_eth_5m_bb_mp_hurst_band_v6,1780241700000000,-4.999999999999999,0,0.61,eth-updown-5m-1780241400
poly_sniper_v5_eth_5m_cloud_vwap_hurstmp_v7,1780242300000000,1.5791666666666668,1,0.75,eth-updown-5m-1780242000
poly_sniper_v5_eth_5m_bb_mp_hurst_band_v6,1780242300000000,1.5791666666666668,1,0.75,eth-updown-5m-1780242000
poly_sniper_v5_eth_5m_l_ema50_hurst_grandparent_v8,1780242300000000,1.5791666666666668,1,0.75,eth-updown-5m-1780242000
poly_sniper_v5_eth_5m_cloud_ribbon_mp_hurst_v6,1780242300000000,1.5791666666666668,1,0.75,eth-updown-5m-1780242000
poly_sniper_v5_eth_5m_bb_mp_hurst_band_v6_vL,1780242300000000,1.5791666666666668,1,0.75,eth-updown-5m-1780242000
poly_sniper_v5_eth_5m_cloud_vwap_hurstmp_v7_vL,1780242300000000,1.5791666666666668,1,0.75,eth-updown-5m-1780242000
poly_sniper_v5_eth_5m_cloud_ribbon_mp_hurst_v6_vL,1780242300000000,1.5791666666666668,1,0.75,eth-updown-5m-1780242000
poly_sniper_v5_eth_5m_ema50_hurst_parent15mrang_v7_vL,1780242900000000,3.621429824561404,1,0.57,eth-updown-5m-1780242600
poly_sniper_v5_eth_5m_ema50_hurst_parent15mrang_v7,1780242900000000,3.621429824561404,1,0.57,eth-updown-5m-1780242600
poly_sniper_v5_eth_5m_l_ema50_hurst_grandparent_v8,1780242900000000,3.621429824561404,1,0.57,eth-updown-5m-1780242600
poly_sniper_v5_eth_5m_l_ema50_hurst_grandparent_v8,1780243200000000,4.632421568627452,1,0.51,eth-updown-5m-1780242900
poly_sniper_v5_eth_5m_bb_mp_hurst_band_v6,1780243200000000,4.632421568627452,1,0.51,eth-updown-5m-1780242900
poly_sniper_v5_eth_5m_ema50_hurst_parent15mrang_v7,1780243200000000,4.632421568627452,1,0.51,eth-updown-5m-1780242900
poly_sniper_v5_eth_5m_bb_mp_hurst_band_v6_vL,1780243200000000,4.632421568627452,1,0.51,eth-updown-5m-1780242900
poly_sniper_v5_eth_5m_ema200_vwap_regimerang_xa3_v7,1780243200000000,1.940753521126761,1,0.71,eth-updown-5m-1780242900
poly_sniper_v5_eth_5m_ema50_hurst_parent15mrang_v7_vL,1780243200000000,4.632421568627452,1,0.51,eth-updown-5m-1780242900
poly_sniper_v5_eth_5m_bb_mp_hurst_band_v6,1780243500000000,3.569003623806101,1,0.5735078906775304,eth-updown-5m-1780243200
poly_sniper_v5_eth_5m_bb_mp_hurst_band_v6_vL,1780243500000000,3.569003623806101,1,0.5735078906775304,eth-updown-5m-1780243200
poly_sniper_v5_eth_5m_ema50_hurst_parent15mrang_v7,1780243500000000,3.569003623806101,1,0.5735078906775304,eth-updown-5m-1780243200
poly_sniper_v5_eth_5m_ema50_hurst_parent15mrang_v7_vL,1780243500000000,3.569003623806101,1,0.5735078906775304,eth-updown-5m-1780243200
poly_sniper_v5_eth_5m_bb_mp_hurst_band_v6_vL,1780243800000000,-5.0,0,0.58,eth-updown-5m-1780243500
poly_sniper_v5_eth_5m_cloud_ribbon_mp_hurst_v6,1780243800000000,-5.0,0,0.58,eth-updown-5m-1780243500
poly_sniper_v5_eth_5m_cloud_ribbon_mp_hurst_v6_vL,1780243800000000,-5.0,0,0.58,eth-updown-5m-1780243500
poly_sniper_v5_eth_5m_bb_mp_hurst_band_v6,1780243800000000,-5.0,0,0.58,eth-updown-5m-1780243500
poly_sniper_v5_eth_5m_cloud_vwap_hurstmp_v7,1780243800000000,-5.0,0,0.58,eth-updown-5m-1780243500
poly_sniper_v5_eth_5m_cloud_vwap_hurstmp_v7_vL,1780243800000000,-5.0,0,0.58,eth-updown-5m-1780243500
poly_sniper_v5_eth_5m_bb_mp_hurst_band_v6_vL,1780244100000000,2.0378571428571433,1,0.7,eth-updown-5m-1780243800
poly_sniper_v5_eth_5m_cloud_vwap_hurstmp_v7,1780244100000000,2.0378571428571433,1,0.7,eth-updown-5m-1780243800
poly_sniper_v5_eth_5m_l_ema50_hurst_grandparent_v8,1780244100000000,2.0378571428571433,1,0.7,eth-updown-5m-1780243800
poly_sniper_v5_eth_5m_cloud_ribbon_mp_hurst_v6_vL,1780244100000000,2.0378571428571433,1,0.7,eth-updown-5m-1780243800
poly_sniper_v5_eth_5m_cloud_vwap_hurstmp_v7_vL,1780244100000000,2.0378571428571433,1,0.7,eth-updown-5m-1780243800
poly_sniper_v5_eth_5m_cloud_ribbon_mp_hurst_v6,1780244100000000,2.0378571428571433,1,0.7,eth-updown-5m-1780243800
poly_sniper_v5_eth_5m_bb_mp_hurst_band_v6,1780244100000000,2.0378571428571433,1,0.7,eth-updown-5m-1780243800
poly_sniper_v5_eth_5m_cloud_vwap_hurstmp_v7_vL,1780244400000000,2.3471865671641785,1,0.67,eth-updown-5m-1780244100
poly_sniper_v5_eth_5m_cloud_ribbon_mp_hurst_v6_vL,1780244400000000,2.3471865671641785,1,0.67,eth-updown-5m-1780244100
poly_sniper_v5_eth_5m_bb_mp_hurst_band_v6_vL,1780244400000000,2.3471865671641785,1,0.67,eth-updown-5m-1780244100
poly_sniper_v5_eth_5m_cloud_vwap_hurstmp_v7,1780244700000000,-5.0,0,0.63,eth-updown-5m-1780244400
poly_sniper_v5_eth_5m_cloud_ribbon_mp_hurst_v6_vL,1780244700000000,-5.0,0,0.63,eth-updown-5m-1780244400
poly_sniper_v5_eth_5m_cloud_vwap_hurstmp_v7_vL,1780244700000000,-5.0,0,0.63,eth-updown-5m-1780244400
poly_sniper_v5_eth_5m_bb_mp_hurst_band_v6_vL,1780244700000000,-5.0,0,0.63,eth-updown-5m-1780244400
poly_sniper_v5_eth_5m_cloud_ribbon_mp_hurst_v6,1780244700000000,-5.0,0,0.63,eth-updown-5m-1780244400
poly_sniper_v5_eth_5m_bb_mp_hurst_band_v6,1780244700000000,-5.0,0,0.63,eth-updown-5m-1780244400
poly_sniper_v5_eth_5m_ema200_vwap_regimerang_xa3_v7,1780247700000000,7.29,1,0.4,eth-updown-5m-1780247400
poly_sniper_v5_eth_5m_v5repl_off120_v6,1780248000000000,-5.0,0,0.85,eth-updown-5m-1780247700
poly_sniper_v5_eth_5m_tr200_mp_sms_active_off120,1780248000000000,-5.0,0,0.85,eth-updown-5m-1780247700
poly_sniper_v5_eth_5m_cloud_mp_sms_active_off120,1780250100000000,1.2556139240506328,1,0.79,eth-updown-5m-1780249800
poly_sniper_v5_eth_5m_v5repl_off120_v6,1780250100000000,1.2556139240506328,1,0.79,eth-updown-5m-1780249800
poly_sniper_v5_eth_5m_tr200_mp_sms_active_off120,1780250100000000,1.2556139240506328,1,0.79,eth-updown-5m-1780249800
poly_sniper_v5_eth_5m_cloud_mp_sms_active_off120,1780252800000000,3.274587458745876,1,0.5940594059405939,eth-updown-5m-1780252500
poly_sniper_v5_eth_5m_v5repl_off120_v6,1780252800000000,3.274587458745876,1,0.5940594059405939,eth-updown-5m-1780252500
poly_sniper_v5_eth_5m_tr200_mp_sms_active_off120,1780252800000000,3.274587458745876,1,0.5940594059405939,eth-updown-5m-1780252500
poly_sniper_v5_eth_5m_ema200_vwap_regimerang_xa3_v7,1780253100000000,-5.0,0,0.6,eth-updown-5m-1780252800
poly_sniper_v5_eth_5m_ema200_vwap_regimerang_xa3_v7,1780253700000000,-5.0,0,0.7,eth-updown-5m-1780253400
poly_sniper_v5_eth_5m_ema200_vwap_regimerang_xa3_v7,1780254000000000,3.621429824561404,1,0.57,eth-updown-5m-1780253700
poly_sniper_v5_eth_5m_ema200_vwap_regimerang_xa3_v7,1780256100000000,3.473689655172415,1,0.58,eth-updown-5m-1780255800
poly_sniper_v5_eth_5m_cloud_ribbon_mp_hurst_v6_vL,1780258500000000,3.0602213114754098,1,0.61,eth-updown-5m-1780258200
poly_sniper_v5_eth_5m_cloud_vwap_hurstmp_v7,1780258500000000,3.0602213114754098,1,0.61,eth-updown-5m-1780258200
poly_sniper_v5_eth_5m_cloud_vwap_hurstmp_v7_vL,1780258500000000,3.0602213114754098,1,0.61,eth-updown-5m-1780258200
poly_sniper_v5_eth_5m_bb_mp_hurst_band_v6,1780258500000000,3.0602213114754098,1,0.61,eth-updown-5m-1780258200
poly_sniper_v5_eth_5m_bb_mp_hurst_band_v6_vL,1780258500000000,3.0602213114754098,1,0.61,eth-updown-5m-1780258200
poly_sniper_v5_eth_5m_l_ema50_hurst_grandparent_v8,1780258500000000,3.0602213114754098,1,0.61,eth-updown-5m-1780258200
poly_sniper_v5_eth_5m_cloud_ribbon_mp_hurst_v6,1780258500000000,3.0602213114754098,1,0.61,eth-updown-5m-1780258200
poly_sniper_v5_eth_5m_ema200_vwap_regimerang_xa3_v7,1780258500000000,1.4949473684210524,1,0.76,eth-updown-5m-1780258200
poly_sniper_v5_eth_5m_l_ema50_hurst_grandparent_v8,1780258800000000,-5.0,0,0.64,eth-updown-5m-1780258500
poly_sniper_v5_eth_5m_ema200_vwap_regimerang_xa3_v7,1780258800000000,-5.0,0,0.718763726390608,eth-updown-5m-1780258500
poly_sniper_v5_eth_5m_bb_mp_hurst_band_v6,1780258800000000,-5.0,0,0.64,eth-updown-5m-1780258500
poly_sniper_v5_eth_5m_bb_mp_hurst_band_v6_vL,1780258800000000,-5.0,0,0.64,eth-updown-5m-1780258500
poly_sniper_v5_eth_5m_ema200_vwap_regimerang_xa3_v7,1780259400000000,3.473689655172415,1,0.58,eth-updown-5m-1780259100
poly_sniper_v5_eth_5m_ema200_vwap_regimerang_xa3_v7,1780260900000000,1.7548150684931507,1,0.73,eth-updown-5m-1780260600
poly_sniper_v5_eth_5m_cloud_ribbon_mp_hurst_v6,1780261800000000,2.931516129032258,1,0.62,eth-updown-5m-1780261500
poly_sniper_v5_eth_5m_cloud_vwap_hurstmp_v7_vL,1780261800000000,2.931516129032258,1,0.62,eth-updown-5m-1780261500
poly_sniper_v5_eth_5m_l_ema50_hurst_grandparent_v8,1780261800000000,2.931516129032258,1,0.62,eth-updown-5m-1780261500
poly_sniper_v5_eth_5m_bb_mp_hurst_band_v6,1780261800000000,2.931516129032258,1,0.62,eth-updown-5m-1780261500
poly_sniper_v5_eth_5m_cloud_vwap_hurstmp_v7,1780261800000000,2.931516129032258,1,0.62,eth-updown-5m-1780261500
poly_sniper_v5_eth_5m_ema200_vwap_regimerang_xa3_v7,1780261800000000,2.3471865671641785,1,0.67,eth-updown-5m-1780261500
poly_sniper_v5_eth_5m_bb_mp_hurst_band_v6_vL,1780261800000000,2.931516129032258,1,0.62,eth-updown-5m-1780261500
poly_sniper_v5_eth_5m_cloud_ribbon_mp_hurst_v6_vL,1780261800000000,2.931516129032258,1,0.62,eth-updown-5m-1780261500
poly_sniper_v5_eth_5m_cloud_vwap_hurstmp_v7_vL,1780262100000000,-5.000000000000001,0,0.54,eth-updown-5m-1780261800
poly_sniper_v5_eth_5m_cloud_ribbon_mp_hurst_v6,1780262100000000,-5.000000000000001,0,0.54,eth-updown-5m-1780261800
poly_sniper_v5_eth_5m_l_ema50_hurst_grandparent_v8,1780262100000000,-5.000000000000001,0,0.54,eth-updown-5m-1780261800
poly_sniper_v5_eth_5m_cloud_vwap_hurstmp_v7,1780262100000000,-5.000000000000001,0,0.54,eth-updown-5m-1780261800
poly_sniper_v5_eth_5m_bb_mp_hurst_band_v6_vL,1780262100000000,-5.000000000000001,0,0.54,eth-updown-5m-1780261800
poly_sniper_v5_eth_5m_bb_mp_hurst_band_v6,1780262100000000,-5.000000000000001,0,0.54,eth-updown-5m-1780261800
poly_sniper_v5_eth_5m_cloud_ribbon_mp_hurst_v6_vL,1780262100000000,-5.000000000000001,0,0.54,eth-updown-5m-1780261800
poly_sniper_v5_eth_5m_cloud_vwap_hurstmp_v7_vL,1780262400000000,1.2556139240506328,1,0.79,eth-updown-5m-1780262100
poly_sniper_v5_eth_5m_bb_mp_hurst_band_v6_vL,1780262400000000,1.2556139240506328,1,0.79,eth-updown-5m-1780262100
poly_sniper_v5_eth_5m_cloud_vwap_hurstmp_v7,1780262400000000,1.2556139240506328,1,0.79,eth-updown-5m-1780262100
poly_sniper_v5_eth_5m_cloud_ribbon_mp_hurst_v6,1780262400000000,1.2556139240506328,1,0.79,eth-updown-5m-1780262100
poly_sniper_v5_eth_5m_bb_mp_hurst_band_v6,1780262400000000,1.2556139240506328,1,0.79,eth-updown-5m-1780262100
poly_sniper_v5_eth_5m_cloud_ribbon_mp_hurst_v6_vL,1780262400000000,1.2556139240506328,1,0.79,eth-updown-5m-1780262100
poly_sniper_v5_eth_5m_l_ema50_hurst_grandparent_v8,1780262700000000,3.473689655172415,1,0.58,eth-updown-5m-1780262400
poly_sniper_v5_eth_5m_cloud_ribbon_mp_hurst_v6,1780263000000000,2.2409411764705878,1,0.68,eth-updown-5m-1780262700
poly_sniper_v5_eth_5m_cloud_vwap_hurstmp_v7,1780263000000000,2.2409411764705878,1,0.68,eth-updown-5m-1780262700
poly_sniper_v5_eth_5m_bb_mp_hurst_band_v6,1780263000000000,2.2409411764705878,1,0.68,eth-updown-5m-1780262700
poly_sniper_v5_eth_5m_cloud_ribbon_mp_hurst_v6_vL,1780263000000000,2.2409411764705878,1,0.68,eth-updown-5m-1780262700
poly_sniper_v5_eth_5m_cloud_vwap_hurstmp_v7_vL,1780263000000000,2.2409411764705878,1,0.68,eth-updown-5m-1780262700
poly_sniper_v5_eth_5m_bb_mp_hurst_band_v6_vL,1780263000000000,2.2409411764705878,1,0.68,eth-updown-5m-1780262700
poly_sniper_v5_eth_5m_l_ema50_hurst_grandparent_v8,1780263000000000,2.2409411764705878,1,0.68,eth-updown-5m-1780262700
poly_sniper_v5_eth_5m_ema200_vwap_regimerang_xa3_v7,1780263300000000,-5.0,0,0.67,eth-updown-5m-1780263000
poly_sniper_v5_eth_5m_v6c3_parent15mrang_v7_vL,1780263600000000,0.6398181818181817,1,0.88,eth-updown-5m-1780263300
poly_sniper_v5_eth_5m_ema50_hurst_parent15mrang_v7,1780263600000000,0.6398181818181817,1,0.88,eth-updown-5m-1780263300
poly_sniper_v5_eth_5m_cloud_ribbon_mp_hurst_v6,1780263600000000,0.6398181818181817,1,0.88,eth-updown-5m-1780263300
poly_sniper_v5_eth_5m_v6c3_parent15mrang_v7,1780263600000000,0.6398181818181817,1,0.88,eth-updown-5m-1780263300
poly_sniper_v5_eth_5m_cloud_ribbon_mp_hurst_v6_vL,1780263600000000,0.6398181818181817,1,0.88,eth-updown-5m-1780263300
poly_sniper_v5_eth_5m_ema50_hurst_parent15mrang_v7_vL,1780263600000000,0.6398181818181817,1,0.88,eth-updown-5m-1780263300
poly_sniper_v5_eth_5m_cloud_ribbon_mp_hurst_v6_vL,1780263900000000,3.621429824561404,1,0.57,eth-updown-5m-1780263600
poly_sniper_v5_eth_5m_ema50_hurst_parent15mrang_v7_vL,1780263900000000,3.621429824561404,1,0.57,eth-updown-5m-1780263600
poly_sniper_v5_eth_5m_cloud_ribbon_mp_hurst_v6,1780263900000000,3.621429824561404,1,0.57,eth-updown-5m-1780263600
poly_sniper_v5_eth_5m_ema50_hurst_parent15mrang_v7,1780263900000000,3.621429824561404,1,0.57,eth-updown-5m-1780263600
poly_sniper_v5_eth_5m_bb_mp_hurst_band_v6,1780263900000000,3.621429824561404,1,0.57,eth-updown-5m-1780263600
poly_sniper_v5_eth_5m_cloud_vwap_hurstmp_v7,1780263900000000,3.621429824561404,1,0.57,eth-updown-5m-1780263600
poly_sniper_v5_eth_5m_v6c3_parent15mrang_v7_vL,1780263900000000,3.621429824561404,1,0.57,eth-updown-5m-1780263600
poly_sniper_v5_eth_5m_v6c3_parent15mrang_v7,1780263900000000,3.621429824561404,1,0.57,eth-updown-5m-1780263600
poly_sniper_v5_eth_5m_cloud_vwap_hurstmp_v7_vL,1780263900000000,3.621429824561404,1,0.57,eth-updown-5m-1780263600
poly_sniper_v5_eth_5m_bb_mp_hurst_band_v6_vL,1780263900000000,3.621429824561404,1,0.57,eth-updown-5m-1780263600
poly_sniper_v5_eth_5m_a2_hlcascade50k_v9,1780264200000000,-5.0,0,0.38,eth-updown-5m-1780263900
poly_sniper_v5_eth_5m_a2_hlcascade50k_v9,1780264200000000,2.8070079365079366,1,0.63,eth-updown-5m-1780263900
poly_sniper_v5_eth_5m_up_a2_hlcascade25k_v9,1780264200000000,2.8070079365079366,1,0.63,eth-updown-5m-1780263900
poly_sniper_v5_eth_5m_cloud_ribbon_mp_hurst_v6_vL,1780264500000000,2.569807692307692,1,0.65,eth-updown-5m-1780264200
poly_sniper_v5_eth_5m_cloud_vwap_hurstmp_v7_vL,1780264500000000,2.569807692307692,1,0.65,eth-updown-5m-1780264200
poly_sniper_v5_eth_5m_cloud_vwap_hurstmp_v7,1780264500000000,2.569807692307692,1,0.65,eth-updown-5m-1780264200
poly_sniper_v5_eth_5m_bb_mp_hurst_band_v6_vL,1780264500000000,2.569807692307692,1,0.65,eth-updown-5m-1780264200
poly_sniper_v5_eth_5m_l_ema50_hurst_grandparent_v8,1780264500000000,2.569807692307692,1,0.65,eth-updown-5m-1780264200
poly_sniper_v5_eth_5m_cloud_ribbon_mp_hurst_v6,1780264500000000,2.569807692307692,1,0.65,eth-updown-5m-1780264200
poly_sniper_v5_eth_5m_up_a2_hlcascade25k_v9,1780264500000000,-5.0,0,0.41,eth-updown-5m-1780264200
poly_sniper_v5_eth_5m_bb_mp_hurst_band_v6,1780264500000000,2.569807692307692,1,0.65,eth-updown-5m-1780264200
poly_sniper_v5_eth_5m_bb_mp_hurst_band_v6_vL,1780264800000000,4.269462264150942,1,0.53,eth-updown-5m-1780264500
poly_sniper_v5_eth_5m_bb_mp_hurst_band_v6,1780264800000000,4.269462264150942,1,0.53,eth-updown-5m-1780264500
poly_sniper_v5_eth_5m_ema200_vwap_regimerang_xa3_v7,1780264800000000,2.1378768115942033,1,0.69,eth-updown-5m-1780264500
poly_sniper_v5_eth_5m_l_ema50_hurst_grandparent_v8,1780265100000000,13.97176923076923,1,0.26,eth-updown-5m-1780264800
poly_sniper_v5_eth_5m_ema200_vwap_regimerang_xa3_v7,1780265400000000,-5.0,0,0.47000000000000003,eth-updown-5m-1780265100
poly_sniper_v5_eth_5m_cloud_ribbon_mp_hurst_v6,1780266300000000,1.1063395061728392,1,0.81,eth-updown-5m-1780266000
poly_sniper_v5_eth_5m_cloud_ribbon_mp_hurst_v6_vL,1780266300000000,1.1063395061728392,1,0.81,eth-updown-5m-1780266000
poly_sniper_v5_eth_5m_cloud_ribbon_mp_hurst_v6_vL,1780266600000000,0.5205555555555553,1,0.9,eth-updown-5m-1780266300
poly_sniper_v5_eth_5m_l_ema50_hurst_grandparent_v8,1780266600000000,0.5205555555555553,1,0.9,eth-updown-5m-1780266300
poly_sniper_v5_eth_5m_cloud_ribbon_mp_hurst_v6,1780266600000000,0.5205555555555553,1,0.9,eth-updown-5m-1780266300
poly_sniper_v5_eth_5m_l_ema50_hurst_grandparent_v8,1780266900000000,1.5791666666666668,1,0.75,eth-updown-5m-1780266600
poly_sniper_v5_eth_5m_bb_mp_hurst_band_v6_vL,1780266900000000,1.5791666666666668,1,0.75,eth-updown-5m-1780266600
poly_sniper_v5_eth_5m_a2_hlcascade50k_v9,1780266900000000,-5.0,0,0.35,eth-updown-5m-1780266600
poly_sniper_v5_eth_5m_bb_mp_hurst_band_v6,1780266900000000,1.5791666666666668,1,0.75,eth-updown-5m-1780266600
poly_sniper_v5_eth_5m_v6c3_parent15mrang_v7_vL,1780267200000000,1.940753521126761,1,0.71,eth-updown-5m-1780266900
poly_sniper_v5_eth_5m_cloud_vwap_hurstmp_v7,1780267200000000,1.940753521126761,1,0.71,eth-updown-5m-1780266900
poly_sniper_v5_eth_5m_cloud_ribbon_mp_hurst_v6_vL,1780267200000000,1.940753521126761,1,0.71,eth-updown-5m-1780266900
poly_sniper_v5_eth_5m_bb_mp_hurst_band_v6,1780267200000000,1.940753521126761,1,0.71,eth-updown-5m-1780266900
poly_sniper_v5_eth_5m_ema50_hurst_parent15mrang_v7,1780267200000000,1.940753521126761,1,0.71,eth-updown-5m-1780266900
poly_sniper_v5_eth_5m_cloud_vwap_hurstmp_v7_vL,1780267200000000,1.940753521126761,1,0.71,eth-updown-5m-1780266900
poly_sniper_v5_eth_5m_v6c3_parent15mrang_v7,1780267200000000,1.940753521126761,1,0.71,eth-updown-5m-1780266900
poly_sniper_v5_eth_5m_ema50_hurst_parent15mrang_v7_vL,1780267200000000,1.940753521126761,1,0.71,eth-updown-5m-1780266900
poly_sniper_v5_eth_5m_cloud_ribbon_mp_hurst_v6,1780267200000000,1.940753521126761,1,0.71,eth-updown-5m-1780266900
poly_sniper_v5_eth_5m_bb_mp_hurst_band_v6_vL,1780267200000000,1.940753521126761,1,0.71,eth-updown-5m-1780266900
poly_sniper_v5_eth_5m_cloud_vwap_hurstmp_v7,1780267500000000,2.6865,1,0.64,eth-updown-5m-1780267200
poly_sniper_v5_eth_5m_cloud_vwap_hurstmp_v7_vL,1780267500000000,2.6865,1,0.64,eth-updown-5m-1780267200
poly_sniper_v5_eth_5m_ema50_hurst_parent15mrang_v7_vL,1780267500000000,2.6865,1,0.64,eth-updown-5m-1780267200
poly_sniper_v5_eth_5m_bb_mp_hurst_band_v6_vL,1780267500000000,2.6865,1,0.64,eth-updown-5m-1780267200
poly_sniper_v5_eth_5m_ema50_hurst_parent15mrang_v7,1780267500000000,2.6865,1,0.64,eth-updown-5m-1780267200
poly_sniper_v5_eth_5m_bb_mp_hurst_band_v6,1780267500000000,2.6865,1,0.64,eth-updown-5m-1780267200
poly_sniper_v5_eth_5m_l_ema50_hurst_grandparent_v8,1780267500000000,2.6865,1,0.64,eth-updown-5m-1780267200
poly_sniper_v5_eth_5m_v6c3_parent15mrang_v7,1780267800000000,1.940753521126761,1,0.71,eth-updown-5m-1780267500
poly_sniper_v5_eth_5m_bb_mp_hurst_band_v6_vL,1780267800000000,1.940753521126761,1,0.71,eth-updown-5m-1780267500
poly_sniper_v5_eth_5m_cloud_vwap_hurstmp_v7,1780267800000000,1.940753521126761,1,0.71,eth-updown-5m-1780267500
poly_sniper_v5_eth_5m_cloud_vwap_hurstmp_v7_vL,1780267800000000,1.940753521126761,1,0.71,eth-updown-5m-1780267500
poly_sniper_v5_eth_5m_v6c3_parent15mrang_v7_vL,1780267800000000,1.940753521126761,1,0.71,eth-updown-5m-1780267500
poly_sniper_v5_eth_5m_bb_mp_hurst_band_v6,1780267800000000,1.940753521126761,1,0.71,eth-updown-5m-1780267500
poly_sniper_v5_eth_5m_cloud_ribbon_mp_hurst_v6_vL,1780267800000000,1.940753521126761,1,0.71,eth-updown-5m-1780267500
poly_sniper_v5_eth_5m_ema50_hurst_parent15mrang_v7_vL,1780267800000000,1.940753521126761,1,0.71,eth-updown-5m-1780267500
poly_sniper_v5_eth_5m_cloud_ribbon_mp_hurst_v6,1780267800000000,1.940753521126761,1,0.71,eth-updown-5m-1780267500
poly_sniper_v5_eth_5m_ema50_hurst_parent15mrang_v7,1780267800000000,1.940753521126761,1,0.71,eth-updown-5m-1780267500
poly_sniper_v5_eth_5m_l_ema50_hurst_grandparent_v8,1780267800000000,1.940753521126761,1,0.71,eth-updown-5m-1780267500
poly_sniper_v5_eth_5m_cloud_ribbon_mp_hurst_v6,1780268100000000,-5.0,0,0.68,eth-updown-5m-1780267800
poly_sniper_v5_eth_5m_bb_mp_hurst_band_v6,1780268100000000,-5.0,0,0.68,eth-updown-5m-1780267800
poly_sniper_v5_eth_5m_v6c3_parent15mrang_v7_vL,1780268100000000,-5.0,0,0.68,eth-updown-5m-1780267800
poly_sniper_v5_eth_5m_cloud_vwap_hurstmp_v7,1780268100000000,-5.0,0,0.68,eth-updown-5m-1780267800
poly_sniper_v5_eth_5m_cloud_vwap_hurstmp_v7_vL,1780268100000000,-5.0,0,0.68,eth-updown-5m-1780267800
poly_sniper_v5_eth_5m_cloud_ribbon_mp_hurst_v6_vL,1780268100000000,-5.0,0,0.68,eth-updown-5m-1780267800
poly_sniper_v5_eth_5m_v6c3_parent15mrang_v7,1780268100000000,-5.0,0,0.68,eth-updown-5m-1780267800
poly_sniper_v5_eth_5m_ema50_hurst_parent15mrang_v7_vL,1780268100000000,-5.0,0,0.68,eth-updown-5m-1780267800
poly_sniper_v5_eth_5m_bb_mp_hurst_band_v6_vL,1780268100000000,-5.0,0,0.68,eth-updown-5m-1780267800
poly_sniper_v5_eth_5m_ema200_vwap_regimerang_xa3_v7,1780268100000000,3.193333333333334,1,0.6,eth-updown-5m-1780267800
poly_sniper_v5_eth_5m_ema50_hurst_parent15mrang_v7,1780268100000000,-5.0,0,0.68,eth-updown-5m-1780267800
poly_sniper_v5_eth_5m_cloud_vwap_hurstmp_v7_vL,1780268400000000,-5.0,0,0.65,eth-updown-5m-1780268100
poly_sniper_v5_eth_5m_bb_mp_hurst_band_v6_vL,1780268400000000,-5.0,0,0.65,eth-updown-5m-1780268100
poly_sniper_v5_eth_5m_ema50_hurst_parent15mrang_v7_vL,1780268400000000,-5.0,0,0.65,eth-updown-5m-1780268100
poly_sniper_v5_eth_5m_v6c3_parent15mrang_v7_vL,1780268400000000,-5.0,0,0.65,eth-updown-5m-1780268100
poly_sniper_v5_eth_5m_cloud_ribbon_mp_hurst_v6_vL,1780268400000000,-5.0,0,0.65,eth-updown-5m-1780268100
poly_sniper_v5_eth_5m_cloud_vwap_hurstmp_v7_vL,1780268700000000,1.5791666666666668,1,0.75,eth-updown-5m-1780268400
poly_sniper_v5_eth_5m_cloud_ribbon_mp_hurst_v6_vL,1780268700000000,1.5791666666666668,1,0.75,eth-updown-5m-1780268400
poly_sniper_v5_eth_5m_v6c3_parent15mrang_v7_vL,1780268700000000,1.5791666666666668,1,0.75,eth-updown-5m-1780268400
poly_sniper_v5_eth_5m_bb_mp_hurst_band_v6_vL,1780268700000000,1.5791666666666668,1,0.75,eth-updown-5m-1780268400
poly_sniper_v5_eth_5m_ema50_hurst_parent15mrang_v7_vL,1780268700000000,1.5791666666666668,1,0.75,eth-updown-5m-1780268400
poly_sniper_v5_eth_5m_cloud_ribbon_mp_hurst_v6,1780269000000000,2.2409411764705878,1,0.68,eth-updown-5m-1780268700
poly_sniper_v5_eth_5m_bb_mp_hurst_band_v6_vL,1780269000000000,2.2409411764705878,1,0.68,eth-updown-5m-1780268700
poly_sniper_v5_eth_5m_bb_mp_hurst_band_v6,1780269000000000,2.2409411764705878,1,0.68,eth-updown-5m-1780268700
poly_sniper_v5_eth_5m_cloud_ribbon_mp_hurst_v6_vL,1780269000000000,2.2409411764705878,1,0.68,eth-updown-5m-1780268700
poly_sniper_v5_eth_5m_cloud_vwap_hurstmp_v7,1780269000000000,2.2409411764705878,1,0.68,eth-updown-5m-1780268700
poly_sniper_v5_eth_5m_a2_hlcascade50k_v9,1780269000000000,3.3163680182043875,1,0.5910514805839587,eth-updown-5m-1780268700
poly_sniper_v5_eth_5m_up_a2_hlcascade25k_v9,1780269000000000,-5.0,0,0.42,eth-updown-5m-1780268700
poly_sniper_v5_eth_5m_cloud_vwap_hurstmp_v7_vL,1780269000000000,2.2409411764705878,1,0.68,eth-updown-5m-1780268700
poly_sniper_v5_eth_5m_a2_hlcascade50k_v9,1780269000000000,-5.0,0,0.42,eth-updown-5m-1780268700
poly_sniper_v5_eth_5m_cloud_vwap_hurstmp_v7_vL,1780270200000000,4.207673747201342,1,0.5335652036440528,eth-updown-5m-1780269900
poly_sniper_v5_eth_5m_bb_mp_hurst_band_v6_vL,1780270200000000,4.207673747201342,1,0.5335652036440528,eth-updown-5m-1780269900
poly_sniper_v5_eth_5m_cloud_vwap_hurstmp_v7,1780270200000000,4.207673747201342,1,0.5335652036440528,eth-updown-5m-1780269900
poly_sniper_v5_eth_5m_cloud_ribbon_mp_hurst_v6_vL,1780270200000000,4.207673747201342,1,0.5335652036440528,eth-updown-5m-1780269900
poly_sniper_v5_eth_5m_cloud_ribbon_mp_hurst_v6,1780270200000000,4.207673747201342,1,0.5335652036440528,eth-updown-5m-1780269900
poly_sniper_v5_eth_5m_bb_mp_hurst_band_v6,1780270200000000,4.207673747201342,1,0.5335652036440528,eth-updown-5m-1780269900
poly_sniper_v5_eth_5m_ema200_vwap_regimerang_xa3_v7,1780270200000000,3.440250389770287,1,0.5823134622976707,eth-updown-5m-1780269900
poly_sniper_v5_eth_5m_cloud_ribbon_mp_hurst_v6_vL,1780270500000000,0.7016264367816085,1,0.8700000000000001,eth-updown-5m-1780270200
poly_sniper_v5_eth_5m_bb_mp_hurst_band_v6,1780270800000000,2.2409411764705878,1,0.68,eth-updown-5m-1780270500
poly_sniper_v5_eth_5m_cloud_ribbon_mp_hurst_v6,1780270800000000,2.2409411764705878,1,0.68,eth-updown-5m-1780270500
poly_sniper_v5_eth_5m_cloud_ribbon_mp_hurst_v6_vL,1780270800000000,2.2409411764705878,1,0.68,eth-updown-5m-1780270500
poly_sniper_v5_eth_5m_bb_mp_hurst_band_v6_vL,1780270800000000,2.2409411764705878,1,0.68,eth-updown-5m-1780270500
poly_sniper_v5_eth_5m_cloud_vwap_hurstmp_v7,1780270800000000,2.2409411764705878,1,0.68,eth-updown-5m-1780270500
poly_sniper_v5_eth_5m_cloud_vwap_hurstmp_v7_vL,1780270800000000,2.2409411764705878,1,0.68,eth-updown-5m-1780270500
poly_sniper_v5_eth_5m_cloud_ribbon_mp_hurst_v6_vL,1780271100000000,-5.0,0,0.62,eth-updown-5m-1780270800
poly_sniper_v5_eth_5m_cloud_vwap_hurstmp_v7_vL,1780271100000000,-5.0,0,0.62,eth-updown-5m-1780270800
poly_sniper_v5_eth_5m_cloud_vwap_hurstmp_v7,1780271100000000,-5.0,0,0.62,eth-updown-5m-1780270800
poly_sniper_v5_eth_5m_bb_mp_hurst_band_v6,1780271100000000,-5.0,0,0.62,eth-updown-5m-1780270800
poly_sniper_v5_eth_5m_bb_mp_hurst_band_v6_vL,1780271100000000,-5.0,0,0.62,eth-updown-5m-1780270800
poly_sniper_v5_eth_5m_cloud_ribbon_mp_hurst_v6,1780271100000000,-5.0,0,0.62,eth-updown-5m-1780270800
poly_sniper_v5_eth_5m_l_ema50_hurst_grandparent_v8,1780271400000000,1.4130064935064934,1,0.77,eth-updown-5m-1780271100
poly_sniper_v5_eth_5m_cloud_ribbon_mp_hurst_v6,1780271400000000,1.4130064935064934,1,0.77,eth-updown-5m-1780271100
poly_sniper_v5_eth_5m_cloud_vwap_hurstmp_v7_vL,1780271400000000,1.4130064935064934,1,0.77,eth-updown-5m-1780271100
poly_sniper_v5_eth_5m_cloud_vwap_hurstmp_v7,1780271400000000,1.4130064935064934,1,0.77,eth-updown-5m-1780271100
poly_sniper_v5_eth_5m_cloud_ribbon_mp_hurst_v6_vL,1780271400000000,1.4130064935064934,1,0.77,eth-updown-5m-1780271100
poly_sniper_v5_eth_5m_bb_mp_hurst_band_v6,1780271400000000,1.4130064935064934,1,0.77,eth-updown-5m-1780271100
poly_sniper_v5_eth_5m_v5repl_off120_v6,1780271400000000,0.579477528089887,1,0.8900000000000001,eth-updown-5m-1780271100
poly_sniper_v5_eth_5m_bb_mp_hurst_band_v6_vL,1780271400000000,1.4130064935064934,1,0.77,eth-updown-5m-1780271100
poly_sniper_v5_eth_5m_tr200_mp_sms_active_off120,1780271400000000,0.579477528089887,1,0.8900000000000001,eth-updown-5m-1780271100
poly_sniper_v5_eth_5m_cloud_vwap_hurstmp_v7_vL,1780271700000000,-5.0,0,0.68,eth-updown-5m-1780271400
poly_sniper_v5_eth_5m_cloud_vwap_hurstmp_v7,1780271700000000,-5.0,0,0.68,eth-updown-5m-1780271400
poly_sniper_v5_eth_5m_bb_mp_hurst_band_v6,1780271700000000,-5.0,0,0.68,eth-updown-5m-1780271400
poly_sniper_v5_eth_5m_cloud_ribbon_mp_hurst_v6,1780271700000000,-5.0,0,0.68,eth-updown-5m-1780271400
poly_sniper_v5_eth_5m_l_ema50_hurst_grandparent_v8,1780271700000000,-5.0,0,0.68,eth-updown-5m-1780271400
poly_sniper_v5_eth_5m_bb_mp_hurst_band_v6_vL,1780271700000000,-5.0,0,0.68,eth-updown-5m-1780271400
poly_sniper_v5_eth_5m_cloud_ribbon_mp_hurst_v6_vL,1780271700000000,-5.0,0,0.68,eth-updown-5m-1780271400
poly_sniper_v5_eth_5m_cloud_ribbon_mp_hurst_v6,1780272000000000,1.0345609756097565,1,0.82,eth-updown-5m-1780271700
poly_sniper_v5_eth_5m_cloud_ribbon_mp_hurst_v6_vL,1780272000000000,1.0345609756097565,1,0.82,eth-updown-5m-1780271700
poly_sniper_v5_eth_5m_l_ema50_hurst_grandparent_v8,1780272000000000,1.0345609756097565,1,0.82,eth-updown-5m-1780271700
poly_sniper_v5_eth_5m_l_ema50_hurst_grandparent_v8,1780272300000000,5.025581632653061,1,0.49,eth-updown-5m-1780272000
poly_sniper_v5_eth_5m_a2_hlcascade50k_v9,1780272600000000,0.4630054945054944,1,0.91,eth-updown-5m-1780272300
poly_sniper_v5_eth_5m_a2_hlcascade50k_v9,1780272600000000,-5.0,0,0.10699556454750603,eth-updown-5m-1780272300
poly_sniper_v5_eth_5m_up_a2_hlcascade25k_v9,1780272600000000,-5.0,0,0.10699556454750603,eth-updown-5m-1780272300
poly_sniper_v5_eth_5m_ema50_hurst_parent15mrang_v7,1780272600000000,-5.0,0,0.0849056603773585,eth-updown-5m-1780272300
poly_sniper_v5_eth_5m_ema50_hurst_parent15mrang_v7_vL,1780272600000000,-5.0,0,0.0849056603773585,eth-updown-5m-1780272300
poly_sniper_v5_eth_5m_l_ema50_hurst_grandparent_v8,1780272600000000,-5.0,0,0.0849056603773585,eth-updown-5m-1780272300
poly_sniper_v5_eth_5m_ema50_hurst_parent15mrang_v7_vL,1780272900000000,2.456757575757575,1,0.66,eth-updown-5m-1780272600
poly_sniper_v5_eth_5m_bb_mp_hurst_band_v6_vL,1780272900000000,2.456757575757575,1,0.66,eth-updown-5m-1780272600
poly_sniper_v5_eth_5m_bb_mp_hurst_band_v6,1780272900000000,2.456757575757575,1,0.66,eth-updown-5m-1780272600
poly_sniper_v5_eth_5m_ema50_hurst_parent15mrang_v7,1780272900000000,2.456757575757575,1,0.66,eth-updown-5m-1780272600
poly_sniper_v5_eth_5m_l_ema50_hurst_grandparent_v8,1780272900000000,2.456757575757575,1,0.66,eth-updown-5m-1780272600
poly_sniper_v5_eth_5m_ema50_hurst_parent15mrang_v7_vL,1780273200000000,-5.0,0,0.65,eth-updown-5m-1780272900
poly_sniper_v5_eth_5m_bb_mp_hurst_band_v6,1780273500000000,2.3471865671641785,1,0.67,eth-updown-5m-1780273200
poly_sniper_v5_eth_5m_l_ema50_hurst_grandparent_v8,1780273500000000,2.3471865671641785,1,0.67,eth-updown-5m-1780273200
poly_sniper_v5_eth_5m_cloud_ribbon_mp_hurst_v6_vL,1780273500000000,2.3471865671641785,1,0.67,eth-updown-5m-1780273200
poly_sniper_v5_eth_5m_cloud_vwap_hurstmp_v7_vL,1780273500000000,2.3471865671641785,1,0.67,eth-updown-5m-1780273200
poly_sniper_v5_eth_5m_bb_mp_hurst_band_v6_vL,1780273500000000,2.3471865671641785,1,0.67,eth-updown-5m-1780273200
poly_sniper_v5_eth_5m_cloud_ribbon_mp_hurst_v6,1780273500000000,2.3471865671641785,1,0.67,eth-updown-5m-1780273200
poly_sniper_v5_eth_5m_cloud_vwap_hurstmp_v7,1780273500000000,2.3471865671641785,1,0.67,eth-updown-5m-1780273200
poly_sniper_v5_eth_5m_up_a2_hlcascade25k_v9,1780274100000000,-5.0,0,0.7,eth-updown-5m-1780273800
poly_sniper_v5_eth_5m_cloud_ribbon_mp_hurst_v6_vL,1780274100000000,4.269462264150942,1,0.53,eth-updown-5m-1780273800
poly_sniper_v5_eth_5m_a2_hlcascade50k_v9,1780274100000000,-5.0,0,0.7,eth-updown-5m-1780273800
poly_sniper_v5_eth_5m_bb_mp_hurst_band_v6_vL,1780274100000000,4.269462264150942,1,0.53,eth-updown-5m-1780273800
poly_sniper_v5_eth_5m_cloud_vwap_hurstmp_v7_vL,1780274100000000,4.269462264150942,1,0.53,eth-updown-5m-1780273800
poly_sniper_v5_eth_5m_bb_mp_hurst_band_v6_vL,1780274400000000,2.6865,1,0.64,eth-updown-5m-1780274100
poly_sniper_v5_eth_5m_cloud_vwap_hurstmp_v7,1780274400000000,2.6865,1,0.64,eth-updown-5m-1780274100
poly_sniper_v5_eth_5m_bb_mp_hurst_band_v6,1780274400000000,2.6865,1,0.64,eth-updown-5m-1780274100
poly_sniper_v5_eth_5m_cloud_vwap_hurstmp_v7_vL,1780274400000000,2.6865,1,0.64,eth-updown-5m-1780274100
poly_sniper_v5_eth_5m_ema200_vwap_regimerang_xa3_v7,1780274700000000,-5.0,0,0.559038453859362,eth-updown-5m-1780274400
poly_sniper_v5_eth_5m_l_ema50_hurst_grandparent_v8,1780274700000000,10.887532258064516,1,0.31,eth-updown-5m-1780274400
poly_sniper_v5_eth_5m_a2_hlcascade50k_v9,1780275000000000,-5.0,0,0.35,eth-updown-5m-1780274700
poly_sniper_v5_eth_5m_up_a2_hlcascade25k_v9,1780275000000000,2.456757575757575,1,0.66,eth-updown-5m-1780274700
poly_sniper_v5_eth_5m_a2_hlcascade50k_v9,1780275000000000,2.456757575757575,1,0.66,eth-updown-5m-1780274700
poly_sniper_v5_eth_5m_bb_mp_hurst_band_v6_vL,1780275300000000,2.8070079365079366,1,0.63,eth-updown-5m-1780275000
poly_sniper_v5_eth_5m_bb_mp_hurst_band_v6,1780275300000000,2.8070079365079366,1,0.63,eth-updown-5m-1780275000
poly_sniper_v5_eth_5m_bb_mp_hurst_band_v6_vL,1780275600000000,2.006676087026268,1,0.7031791621273645,eth-updown-5m-1780275300
poly_sniper_v5_eth_5m_bb_mp_hurst_band_v6,1780275600000000,2.006676087026268,1,0.7031791621273645,eth-updown-5m-1780275300
poly_sniper_v5_eth_5m_cloud_ribbon_mp_hurst_v6,1780275600000000,2.006676087026268,1,0.7031791621273645,eth-updown-5m-1780275300
poly_sniper_v5_eth_5m_cloud_vwap_hurstmp_v7,1780275600000000,2.006676087026268,1,0.7031791621273645,eth-updown-5m-1780275300
poly_sniper_v5_eth_5m_a2_hlcascade50k_v9,1780275600000000,3.473689655172415,1,0.58,eth-updown-5m-1780275300
poly_sniper_v5_eth_5m_cloud_vwap_hurstmp_v7_vL,1780275600000000,2.006676087026268,1,0.7031791621273645,eth-updown-5m-1780275300
poly_sniper_v5_eth_5m_cloud_ribbon_mp_hurst_v6_vL,1780275600000000,2.006676087026268,1,0.7031791621273645,eth-updown-5m-1780275300
poly_sniper_v5_eth_5m_ema200_vwap_regimerang_xa3_v7,1780276200000000,2.0378571428571433,1,0.7,eth-updown-5m-1780275900
poly_sniper_v5_eth_5m_l_ema50_hurst_grandparent_v8,1780280100000000,-5.000000000000001,0,0.54,eth-updown-5m-1780279800
poly_sniper_v5_eth_5m_bb_mp_hurst_band_v6_vL,1780280100000000,-5.000000000000001,0,0.54,eth-updown-5m-1780279800
poly_sniper_v5_eth_5m_bb_mp_hurst_band_v6,1780280100000000,-5.000000000000001,0,0.54,eth-updown-5m-1780279800
poly_sniper_v5_eth_5m_cloud_vwap_hurstmp_v7,1780280100000000,-5.000000000000001,0,0.54,eth-updown-5m-1780279800
poly_sniper_v5_eth_5m_cloud_vwap_hurstmp_v7_vL,1780280100000000,-5.000000000000001,0,0.54,eth-updown-5m-1780279800
poly_sniper_v5_eth_5m_v6c3_parent15mrang_v7_vL,1780280700000000,1.5791666666666668,1,0.75,eth-updown-5m-1780280400
poly_sniper_v5_eth_5m_cloud_ribbon_mp_hurst_v6_vL,1780280700000000,1.5791666666666668,1,0.75,eth-updown-5m-1780280400
poly_sniper_v5_eth_5m_ema50_hurst_parent15mrang_v7_vL,1780280700000000,1.5791666666666668,1,0.75,eth-updown-5m-1780280400
poly_sniper_v5_eth_5m_bb_mp_hurst_band_v6_vL,1780280700000000,1.5791666666666668,1,0.75,eth-updown-5m-1780280400
poly_sniper_v5_eth_5m_cloud_vwap_hurstmp_v7_vL,1780280700000000,1.5791666666666668,1,0.75,eth-updown-5m-1780280400
poly_sniper_v5_eth_5m_ema50_hurst_parent15mrang_v7,1780281000000000,3.621429824561404,1,0.57,eth-updown-5m-1780280700
poly_sniper_v5_eth_5m_cloud_vwap_hurstmp_v7_vL,1780281000000000,3.621429824561404,1,0.57,eth-updown-5m-1780280700
poly_sniper_v5_eth_5m_cloud_vwap_hurstmp_v7,1780281000000000,3.621429824561404,1,0.57,eth-updown-5m-1780280700
poly_sniper_v5_eth_5m_bb_mp_hurst_band_v6_vL,1780281000000000,3.621429824561404,1,0.57,eth-updown-5m-1780280700
poly_sniper_v5_eth_5m_bb_mp_hurst_band_v6,1780281000000000,3.621429824561404,1,0.57,eth-updown-5m-1780280700
poly_sniper_v5_eth_5m_ema50_hurst_parent15mrang_v7_vL,1780281000000000,3.621429824561404,1,0.57,eth-updown-5m-1780280700
poly_sniper_v5_eth_5m_v6c3_parent15mrang_v7,1780281300000000,0.579477528089887,1,0.8900000000000001,eth-updown-5m-1780281000
poly_sniper_v5_eth_5m_l_ema50_hurst_grandparent_v8,1780281300000000,0.579477528089887,1,0.8900000000000001,eth-updown-5m-1780281000
poly_sniper_v5_eth_5m_cloud_ribbon_mp_hurst_v6,1780281300000000,0.579477528089887,1,0.8900000000000001,eth-updown-5m-1780281000
poly_sniper_v5_eth_5m_v6c3_parent15mrang_v7_vL,1780281300000000,0.579477528089887,1,0.8900000000000001,eth-updown-5m-1780281000
poly_sniper_v5_eth_5m_cloud_ribbon_mp_hurst_v6_vL,1780281300000000,0.579477528089887,1,0.8900000000000001,eth-updown-5m-1780281000
poly_sniper_v5_eth_5m_ema50_hurst_parent15mrang_v7,1780281300000000,0.579477528089887,1,0.8900000000000001,eth-updown-5m-1780281000
poly_sniper_v5_eth_5m_ema50_hurst_parent15mrang_v7_vL,1780281300000000,0.579477528089887,1,0.8900000000000001,eth-updown-5m-1780281000
poly_sniper_v5_eth_5m_bb_mp_hurst_band_v6_vL,1780282200000000,3.0602213114754098,1,0.61,eth-updown-5m-1780281900
poly_sniper_v5_eth_5m_ema200_vwap_regimerang_xa3_v7,1780282200000000,2.0378571428571433,1,0.7,eth-updown-5m-1780281900
poly_sniper_v5_eth_5m_bb_mp_hurst_band_v6,1780282200000000,3.0602213114754098,1,0.61,eth-updown-5m-1780281900
poly_sniper_v5_eth_5m_bb_mp_hurst_band_v6,1780282500000000,4.269462264150942,1,0.53,eth-updown-5m-1780282200
poly_sniper_v5_eth_5m_cloud_vwap_hurstmp_v7_vL,1780282500000000,4.269462264150942,1,0.53,eth-updown-5m-1780282200
poly_sniper_v5_eth_5m_cloud_vwap_hurstmp_v7,1780282500000000,4.269462264150942,1,0.53,eth-updown-5m-1780282200
poly_sniper_v5_eth_5m_l_ema50_hurst_grandparent_v8,1780282500000000,4.269462264150942,1,0.53,eth-updown-5m-1780282200
poly_sniper_v5_eth_5m_bb_mp_hurst_band_v6_vL,1780282500000000,4.269462264150942,1,0.53,eth-updown-5m-1780282200
poly_sniper_v5_eth_5m_l_ema50_hurst_grandparent_v8,1780282800000000,2.700160024455979,1,0.6388500698742264,eth-updown-5m-1780282500
poly_sniper_v5_eth_5m_cloud_ribbon_mp_hurst_v6_vL,1780283100000000,1.8464444444444446,1,0.72,eth-updown-5m-1780282800
poly_sniper_v5_eth_5m_bb_mp_hurst_band_v6_vL,1780283100000000,1.8464444444444446,1,0.72,eth-updown-5m-1780282800
poly_sniper_v5_eth_5m_cloud_ribbon_mp_hurst_v6,1780283100000000,1.8464444444444446,1,0.72,eth-updown-5m-1780282800
poly_sniper_v5_eth_5m_cloud_vwap_hurstmp_v7,1780283100000000,1.8464444444444446,1,0.72,eth-updown-5m-1780282800
poly_sniper_v5_eth_5m_bb_mp_hurst_band_v6,1780283100000000,1.8464444444444446,1,0.72,eth-updown-5m-1780282800
poly_sniper_v5_eth_5m_cloud_vwap_hurstmp_v7_vL,1780283100000000,1.8464444444444446,1,0.72,eth-updown-5m-1780282800
poly_sniper_v5_eth_5m_cloud_vwap_hurstmp_v7,1780283400000000,-5.0,0,0.78,eth-updown-5m-1780283100
poly_sniper_v5_eth_5m_cloud_ribbon_mp_hurst_v6_vL,1780283400000000,-5.0,0,0.78,eth-updown-5m-1780283100
poly_sniper_v5_eth_5m_tr200_mp_sms_active_off120,1780283400000000,-5.0,0,0.83,eth-updown-5m-1780283100
poly_sniper_v5_eth_5m_bb_mp_hurst_band_v6_vL,1780283400000000,-5.0,0,0.78,eth-updown-5m-1780283100
poly_sniper_v5_eth_5m_cloud_vwap_hurstmp_v7_vL,1780283400000000,-5.0,0,0.78,eth-updown-5m-1780283100
poly_sniper_v5_eth_5m_bb_mp_hurst_band_v6,1780283400000000,-5.0,0,0.78,eth-updown-5m-1780283100
poly_sniper_v5_eth_5m_v5repl_off120_v6,1780283400000000,-5.0,0,0.83,eth-updown-5m-1780283100
poly_sniper_v5_eth_5m_cloud_mp_sms_active_off120,1780283400000000,-5.0,0,0.83,eth-updown-5m-1780283100
poly_sniper_v5_eth_5m_cloud_ribbon_mp_hurst_v6,1780283400000000,-5.0,0,0.78,eth-updown-5m-1780283100
poly_sniper_v5_eth_5m_cloud_ribbon_mp_hurst_v6_vL,1780283700000000,1.940753521126761,1,0.71,eth-updown-5m-1780283400
poly_sniper_v5_eth_5m_cloud_ribbon_mp_hurst_v6,1780283700000000,1.940753521126761,1,0.71,eth-updown-5m-1780283400
poly_sniper_v5_eth_5m_bb_mp_hurst_band_v6_vL,1780283700000000,1.940753521126761,1,0.71,eth-updown-5m-1780283400
poly_sniper_v5_eth_5m_bb_mp_hurst_band_v6,1780283700000000,1.940753521126761,1,0.71,eth-updown-5m-1780283400
poly_sniper_v5_eth_5m_cloud_vwap_hurstmp_v7_vL,1780283700000000,1.940753521126761,1,0.71,eth-updown-5m-1780283400
poly_sniper_v5_eth_5m_cloud_vwap_hurstmp_v7,1780283700000000,1.940753521126761,1,0.71,eth-updown-5m-1780283400
poly_sniper_v5_eth_5m_cloud_ribbon_mp_hurst_v6,1780284300000000,4.279738562091501,1,0.5294117647058825,eth-updown-5m-1780284000
poly_sniper_v5_eth_5m_ema50_hurst_parent15mrang_v7,1780284300000000,4.279738562091501,1,0.5294117647058825,eth-updown-5m-1780284000
poly_sniper_v5_eth_5m_ema50_hurst_parent15mrang_v7_vL,1780284300000000,4.279738562091501,1,0.5294117647058825,eth-updown-5m-1780284000
poly_sniper_v5_eth_5m_v6c3_parent15mrang_v7,1780284300000000,4.279738562091501,1,0.5294117647058825,eth-updown-5m-1780284000
poly_sniper_v5_eth_5m_l_ema50_hurst_grandparent_v8,1780284300000000,4.279738562091501,1,0.5294117647058825,eth-updown-5m-1780284000
poly_sniper_v5_eth_5m_bb_mp_hurst_band_v6_vL,1780284300000000,4.279738562091501,1,0.5294117647058825,eth-updown-5m-1780284000
poly_sniper_v5_eth_5m_cloud_ribbon_mp_hurst_v6_vL,1780284300000000,4.279738562091501,1,0.5294117647058825,eth-updown-5m-1780284000
poly_sniper_v5_eth_5m_v6c3_parent15mrang_v7_vL,1780284300000000,4.279738562091501,1,0.5294117647058825,eth-updown-5m-1780284000
poly_sniper_v5_eth_5m_bb_mp_hurst_band_v6,1780284300000000,4.279738562091501,1,0.5294117647058825,eth-updown-5m-1780284000
poly_sniper_v5_eth_5m_cloud_vwap_hurstmp_v7_vL,1780284300000000,4.279738562091501,1,0.5294117647058825,eth-updown-5m-1780284000
poly_sniper_v5_eth_5m_cloud_vwap_hurstmp_v7,1780284300000000,4.279738562091501,1,0.5294117647058825,eth-updown-5m-1780284000
poly_sniper_v5_eth_5m_cloud_ribbon_mp_hurst_v6_vL,1780284900000000,1.5791666666666668,1,0.75,eth-updown-5m-1780284600
poly_sniper_v5_eth_5m_cloud_vwap_hurstmp_v7,1780284900000000,1.5791666666666668,1,0.75,eth-updown-5m-1780284600
poly_sniper_v5_eth_5m_cloud_vwap_hurstmp_v7_vL,1780284900000000,1.5791666666666668,1,0.75,eth-updown-5m-1780284600
poly_sniper_v5_eth_5m_v6c3_parent15mrang_v7,1780284900000000,1.5791666666666668,1,0.75,eth-updown-5m-1780284600
poly_sniper_v5_eth_5m_v6c3_parent15mrang_v7_vL,1780284900000000,1.5791666666666668,1,0.75,eth-updown-5m-1780284600
poly_sniper_v5_eth_5m_cloud_ribbon_mp_hurst_v6,1780284900000000,1.5791666666666668,1,0.75,eth-updown-5m-1780284600
poly_sniper_v5_eth_5m_bb_mp_hurst_band_v6,1780284900000000,1.5791666666666668,1,0.75,eth-updown-5m-1780284600
poly_sniper_v5_eth_5m_l_ema50_hurst_grandparent_v8,1780284900000000,1.5791666666666668,1,0.75,eth-updown-5m-1780284600
poly_sniper_v5_eth_5m_bb_mp_hurst_band_v6_vL,1780284900000000,1.5791666666666668,1,0.75,eth-updown-5m-1780284600
poly_sniper_v5_eth_5m_ema50_hurst_parent15mrang_v7,1780284900000000,1.5791666666666668,1,0.75,eth-updown-5m-1780284600
poly_sniper_v5_eth_5m_ema50_hurst_parent15mrang_v7_vL,1780284900000000,1.5791666666666668,1,0.75,eth-updown-5m-1780284600
poly_sniper_v5_eth_5m_v6c3_parent15mrang_v7,1780285200000000,2.2409411764705878,1,0.68,eth-updown-5m-1780284900
poly_sniper_v5_eth_5m_bb_mp_hurst_band_v6_vL,1780285200000000,2.2409411764705878,1,0.68,eth-updown-5m-1780284900
poly_sniper_v5_eth_5m_ema50_hurst_parent15mrang_v7_vL,1780285200000000,2.2409411764705878,1,0.68,eth-updown-5m-1780284900
poly_sniper_v5_eth_5m_v6c3_parent15mrang_v7_vL,1780285200000000,2.2409411764705878,1,0.68,eth-updown-5m-1780284900
poly_sniper_v5_eth_5m_cloud_vwap_hurstmp_v7_vL,1780285200000000,2.2409411764705878,1,0.68,eth-updown-5m-1780284900
poly_sniper_v5_eth_5m_bb_mp_hurst_band_v6,1780285200000000,2.2409411764705878,1,0.68,eth-updown-5m-1780284900
poly_sniper_v5_eth_5m_ema50_hurst_parent15mrang_v7,1780285200000000,2.2409411764705878,1,0.68,eth-updown-5m-1780284900
poly_sniper_v5_eth_5m_cloud_vwap_hurstmp_v7,1780285200000000,2.2409411764705878,1,0.68,eth-updown-5m-1780284900
poly_sniper_v5_eth_5m_cloud_ribbon_mp_hurst_v6_vL,1780285200000000,2.2409411764705878,1,0.68,eth-updown-5m-1780284900
poly_sniper_v5_eth_5m_cloud_ribbon_mp_hurst_v6,1780285200000000,2.2409411764705878,1,0.68,eth-updown-5m-1780284900
poly_sniper_v5_eth_5m_bb_mp_hurst_band_v6_vL,1780285500000000,4.269462264150942,1,0.53,eth-updown-5m-1780285200
poly_sniper_v5_eth_5m_ema50_hurst_parent15mrang_v7_vL,1780285500000000,4.269462264150942,1,0.53,eth-updown-5m-1780285200
poly_sniper_v5_eth_5m_l_ema50_hurst_grandparent_v8,1780286400000000,3.473689655172415,1,0.58,eth-updown-5m-1780286100
poly_sniper_v5_eth_5m_ema50_hurst_parent15mrang_v7,1780286400000000,3.473689655172415,1,0.58,eth-updown-5m-1780286100
poly_sniper_v5_eth_5m_ema50_hurst_parent15mrang_v7_vL,1780286400000000,3.473689655172415,1,0.58,eth-updown-5m-1780286100
poly_sniper_v5_eth_5m_ema200_vwap_regimerang_xa3_v7,1780286400000000,-5.0,0,0.5519525320822409,eth-updown-5m-1780286100
poly_sniper_v5_eth_5m_bb_mp_hurst_band_v6_vL,1780286400000000,3.473689655172415,1,0.58,eth-updown-5m-1780286100
poly_sniper_v5_eth_5m_bb_mp_hurst_band_v6,1780286400000000,3.473689655172415,1,0.58,eth-updown-5m-1780286100
poly_sniper_v5_eth_5m_cloud_ribbon_mp_hurst_v6_vL,1780286700000000,-5.0,0,0.79,eth-updown-5m-1780286400
poly_sniper_v5_eth_5m_ema50_hurst_parent15mrang_v7_vL,1780286700000000,-5.0,0,0.79,eth-updown-5m-1780286400
poly_sniper_v5_eth_5m_cloud_vwap_hurstmp_v7_vL,1780286700000000,-5.0,0,0.79,eth-updown-5m-1780286400
poly_sniper_v5_eth_5m_bb_mp_hurst_band_v6_vL,1780286700000000,-5.0,0,0.79,eth-updown-5m-1780286400
poly_sniper_v5_eth_5m_v6c3_parent15mrang_v7_vL,1780286700000000,-5.0,0,0.79,eth-updown-5m-1780286400
poly_sniper_v5_eth_5m_cloud_ribbon_mp_hurst_v6_vL,1780287000000000,1.1799999999999997,1,0.8,eth-updown-5m-1780286700
poly_sniper_v5_eth_5m_cloud_ribbon_mp_hurst_v6,1780287000000000,1.1799999999999997,1,0.8,eth-updown-5m-1780286700
poly_sniper_v5_eth_5m_l_ema50_hurst_grandparent_v8,1780287000000000,1.1799999999999997,1,0.8,eth-updown-5m-1780286700
poly_sniper_v5_eth_5m_bb_mp_hurst_band_v6,1780287600000000,-5.0,0,0.7,eth-updown-5m-1780287300
poly_sniper_v5_eth_5m_bb_mp_hurst_band_v6_vL,1780287600000000,-5.0,0,0.7,eth-updown-5m-1780287300
poly_sniper_v5_eth_5m_cloud_vwap_hurstmp_v7,1780287900000000,-5.0,0,0.52,eth-updown-5m-1780287600
poly_sniper_v5_eth_5m_bb_mp_hurst_band_v6_vL,1780287900000000,-5.0,0,0.52,eth-updown-5m-1780287600
poly_sniper_v5_eth_5m_bb_mp_hurst_band_v6,1780287900000000,-5.0,0,0.52,eth-updown-5m-1780287600
poly_sniper_v5_eth_5m_cloud_vwap_hurstmp_v7_vL,1780287900000000,-5.0,0,0.52,eth-updown-5m-1780287600
poly_sniper_v5_eth_5m_bb_mp_hurst_band_v6,1780288200000000,-5.0,0,0.66,eth-updown-5m-1780287900
poly_sniper_v5_eth_5m_bb_mp_hurst_band_v6_vL,1780288200000000,-5.0,0,0.66,eth-updown-5m-1780287900
poly_sniper_v5_eth_5m_bb_mp_hurst_band_v6_vL,1780288500000000,1.940753521126761,1,0.71,eth-updown-5m-1780288200
poly_sniper_v5_eth_5m_bb_mp_hurst_band_v6,1780288500000000,1.940753521126761,1,0.71,eth-updown-5m-1780288200
poly_sniper_v5_eth_5m_cloud_ribbon_mp_hurst_v6_vL,1780289400000000,0.7649534883720924,1,0.8600000000000001,eth-updown-5m-1780289100
poly_sniper_v5_eth_5m_tr200_mp_sms_active_off120,1780289700000000,0.3518440860215051,1,0.93,eth-updown-5m-1780289400
poly_sniper_v5_eth_5m_cloud_mp_sms_active_off120,1780289700000000,0.3518440860215051,1,0.93,eth-updown-5m-1780289400
poly_sniper_v5_eth_5m_v5repl_off120_v6,1780289700000000,0.3518440860215051,1,0.93,eth-updown-5m-1780289400
poly_sniper_v5_eth_5m_ema50_hurst_parent15mrang_v7,1780290000000000,3.0602213114754098,1,0.61,eth-updown-5m-1780289700
poly_sniper_v5_eth_5m_ema200_vwap_regimerang_xa3_v7,1780290000000000,-5.0,0,0.67,eth-updown-5m-1780289700
poly_sniper_v5_eth_5m_l_ema50_hurst_grandparent_v8,1780290000000000,3.0602213114754098,1,0.61,eth-updown-5m-1780289700
poly_sniper_v5_eth_5m_ema50_hurst_parent15mrang_v7_vL,1780290000000000,3.0602213114754098,1,0.61,eth-updown-5m-1780289700
poly_sniper_v5_eth_5m_bb_mp_hurst_band_v6_vL,1780290300000000,-5.0,0,0.51,eth-updown-5m-1780290000
poly_sniper_v5_eth_5m_v6c3_parent15mrang_v7_vL,1780290300000000,-5.0,0,0.51,eth-updown-5m-1780290000
poly_sniper_v5_eth_5m_ema50_hurst_parent15mrang_v7_vL,1780290300000000,-5.0,0,0.51,eth-updown-5m-1780290000
poly_sniper_v5_eth_5m_cloud_vwap_hurstmp_v7_vL,1780290300000000,-5.0,0,0.51,eth-updown-5m-1780290000
poly_sniper_v5_eth_5m_ema200_vwap_regimerang_xa3_v7,1780290300000000,-5.0,0,0.69,eth-updown-5m-1780290000
poly_sniper_v5_eth_5m_cloud_ribbon_mp_hurst_v6_vL,1780290300000000,-5.0,0,0.51,eth-updown-5m-1780290000
poly_sniper_v5_eth_5m_cloud_vwap_hurstmp_v7_vL,1780290600000000,4.078325393502863,1,0.5411894359822097,eth-updown-5m-1780290300
poly_sniper_v5_eth_5m_l_ema50_hurst_grandparent_v8,1780290600000000,4.078325393502863,1,0.5411894359822097,eth-updown-5m-1780290300
poly_sniper_v5_eth_5m_bb_mp_hurst_band_v6_vL,1780290600000000,4.078325393502863,1,0.5411894359822097,eth-updown-5m-1780290300
poly_sniper_v5_eth_5m_bb_mp_hurst_band_v6,1780290600000000,4.078325393502863,1,0.5411894359822097,eth-updown-5m-1780290300
poly_sniper_v5_eth_5m_cloud_vwap_hurstmp_v7,1780290600000000,4.078325393502863,1,0.5411894359822097,eth-updown-5m-1780290300
poly_sniper_v5_eth_5m_cloud_ribbon_mp_hurst_v6_vL,1780290900000000,-5.0,0,0.72,eth-updown-5m-1780290600
poly_sniper_v5_eth_5m_cloud_vwap_hurstmp_v7_vL,1780290900000000,-5.0,0,0.72,eth-updown-5m-1780290600
poly_sniper_v5_eth_5m_bb_mp_hurst_band_v6_vL,1780290900000000,-5.0,0,0.72,eth-updown-5m-1780290600
poly_sniper_v5_eth_5m_ema200_vwap_regimerang_xa3_v7,1780290900000000,-5.0,0,0.72,eth-updown-5m-1780290600
poly_sniper_v5_eth_5m_bb_mp_hurst_band_v6_vL,1780291200000000,2.8070079365079366,1,0.63,eth-updown-5m-1780290900
poly_sniper_v5_eth_5m_bb_mp_hurst_band_v6,1780291200000000,2.8070079365079366,1,0.63,eth-updown-5m-1780290900
poly_sniper_v5_eth_5m_l_ema50_hurst_grandparent_v8,1780291200000000,2.8070079365079366,1,0.63,eth-updown-5m-1780290900
poly_sniper_v5_eth_5m_cloud_vwap_hurstmp_v7_vL,1780291200000000,2.8070079365079366,1,0.63,eth-updown-5m-1780290900
poly_sniper_v5_eth_5m_cloud_vwap_hurstmp_v7,1780291200000000,2.8070079365079366,1,0.63,eth-updown-5m-1780290900
poly_sniper_v5_eth_5m_v6c3_parent15mrang_v7,1780291500000000,1.4130064935064934,1,0.77,eth-updown-5m-1780291200
poly_sniper_v5_eth_5m_ema50_hurst_parent15mrang_v7,1780291500000000,1.4130064935064934,1,0.77,eth-updown-5m-1780291200
poly_sniper_v5_eth_5m_v6c3_parent15mrang_v7_vL,1780291500000000,1.4130064935064934,1,0.77,eth-updown-5m-1780291200
poly_sniper_v5_eth_5m_ema50_hurst_parent15mrang_v7_vL,1780291500000000,1.4130064935064934,1,0.77,eth-updown-5m-1780291200
poly_sniper_v5_eth_5m_cloud_vwap_hurstmp_v7_vL,1780291500000000,1.4130064935064934,1,0.77,eth-updown-5m-1780291200
poly_sniper_v5_eth_5m_cloud_ribbon_mp_hurst_v6_vL,1780291500000000,1.4130064935064934,1,0.77,eth-updown-5m-1780291200
poly_sniper_v5_eth_5m_cloud_ribbon_mp_hurst_v6,1780291500000000,1.4130064935064934,1,0.77,eth-updown-5m-1780291200
poly_sniper_v5_eth_5m_cloud_vwap_hurstmp_v7,1780291500000000,1.4130064935064934,1,0.77,eth-updown-5m-1780291200
poly_sniper_v5_eth_5m_bb_mp_hurst_band_v6_vL,1780291500000000,1.4130064935064934,1,0.77,eth-updown-5m-1780291200
poly_sniper_v5_eth_5m_bb_mp_hurst_band_v6,1780291500000000,1.4130064935064934,1,0.77,eth-updown-5m-1780291200
poly_sniper_v5_eth_5m_l_ema50_hurst_grandparent_v8,1780291800000000,0.24565789473684235,1,0.95,eth-updown-5m-1780291500
poly_sniper_v5_eth_5m_cloud_ribbon_mp_hurst_v6_vL,1780291800000000,0.24565789473684235,1,0.95,eth-updown-5m-1780291500
poly_sniper_v5_eth_5m_ema50_hurst_parent15mrang_v7_vL,1780291800000000,0.24565789473684235,1,0.95,eth-updown-5m-1780291500
poly_sniper_v5_eth_5m_v6c3_parent15mrang_v7_vL,1780291800000000,0.24565789473684235,1,0.95,eth-updown-5m-1780291500
poly_sniper_v5_eth_5m_v6c3_parent15mrang_v7,1780291800000000,0.24565789473684235,1,0.95,eth-updown-5m-1780291500
poly_sniper_v5_eth_5m_v5repl_off120_v6,1780291800000000,0.4630054945054944,1,0.91,eth-updown-5m-1780291500
poly_sniper_v5_eth_5m_cloud_ribbon_mp_hurst_v6,1780291800000000,0.24565789473684235,1,0.95,eth-updown-5m-1780291500
poly_sniper_v5_eth_5m_tr200_mp_sms_active_off120,1780291800000000,0.4630054945054944,1,0.91,eth-updown-5m-1780291500
poly_sniper_v5_eth_5m_ema50_hurst_parent15mrang_v7,1780291800000000,0.24565789473684235,1,0.95,eth-updown-5m-1780291500
poly_sniper_v5_eth_5m_cloud_vwap_hurstmp_v7,1780292100000000,2.1378768115942033,1,0.69,eth-updown-5m-1780291800
poly_sniper_v5_eth_5m_bb_mp_hurst_band_v6,1780292100000000,2.1378768115942033,1,0.69,eth-updown-5m-1780291800
poly_sniper_v5_eth_5m_cloud_vwap_hurstmp_v7_vL,1780292100000000,2.1378768115942033,1,0.69,eth-updown-5m-1780291800
poly_sniper_v5_eth_5m_ema50_hurst_parent15mrang_v7,1780292100000000,2.1378768115942033,1,0.69,eth-updown-5m-1780291800
poly_sniper_v5_eth_5m_bb_mp_hurst_band_v6_vL,1780292100000000,2.1378768115942033,1,0.69,eth-updown-5m-1780291800
poly_sniper_v5_eth_5m_ema50_hurst_parent15mrang_v7_vL,1780292100000000,2.1378768115942033,1,0.69,eth-updown-5m-1780291800
poly_sniper_v5_eth_5m_cloud_vwap_hurstmp_v7_vL,1780292400000000,4.098259259259258,1,0.54,eth-updown-5m-1780292100
poly_sniper_v5_eth_5m_lq_ema50_hurst_grandparent_prev15m_v8_vL,1780292400000000,4.098259259259258,1,0.54,eth-updown-5m-1780292100
poly_sniper_v5_eth_5m_bb_mp_hurst_band_v6_vL,1780292400000000,4.098259259259258,1,0.54,eth-updown-5m-1780292100
poly_sniper_v5_eth_5m_cloud_vwap_hurstmp_v7,1780292400000000,4.098259259259258,1,0.54,eth-updown-5m-1780292100
poly_sniper_v5_eth_5m_ema200_vwap_regimerang_xa3_v7,1780292400000000,-4.999999999999999,0,0.61,eth-updown-5m-1780292100
poly_sniper_v5_eth_5m_bb_mp_hurst_band_v6,1780292400000000,4.098259259259258,1,0.54,eth-updown-5m-1780292100
poly_sniper_v5_eth_5m_l_ema50_hurst_grandparent_v8,1780292400000000,4.098259259259258,1,0.54,eth-updown-5m-1780292100
poly_sniper_v5_eth_5m_lq_ema50_hurst_grandparent_prev15m_v8,1780292400000000,4.098259259259258,1,0.54,eth-updown-5m-1780292100
poly_sniper_v5_eth_5m_lq_ema50_hurst_grandparent_prev15m_v8_vL,1780293000000000,-5.0,0,0.63,eth-updown-5m-1780292700
poly_sniper_v5_eth_5m_bb_mp_hurst_band_v6_vL,1780293000000000,-5.0,0,0.63,eth-updown-5m-1780292700
poly_sniper_v5_eth_5m_cloud_vwap_hurstmp_v7_vL,1780293000000000,-5.0,0,0.63,eth-updown-5m-1780292700
poly_sniper_v5_eth_5m_ema50_hurst_parent15mrang_v7,1780293900000000,-5.0,0,0.74,eth-updown-5m-1780293600
poly_sniper_v5_eth_5m_cloud_ribbon_mp_hurst_v6_vL,1780293900000000,-5.0,0,0.74,eth-updown-5m-1780293600
poly_sniper_v5_eth_5m_v6c3_parent15mrang_v7_vL,1780293900000000,-5.0,0,0.74,eth-updown-5m-1780293600
poly_sniper_v5_eth_5m_bb_mp_hurst_band_v6_vL,1780293900000000,-5.0,0,0.74,eth-updown-5m-1780293600
poly_sniper_v5_eth_5m_ema200_vwap_regimerang_xa3_v7,1780293900000000,1.4949473684210524,1,0.76,eth-updown-5m-1780293600
poly_sniper_v5_eth_5m_ema50_hurst_parent15mrang_v7_vL,1780293900000000,-5.0,0,0.74,eth-updown-5m-1780293600
poly_sniper_v5_eth_5m_cloud_vwap_hurstmp_v7_vL,1780293900000000,-5.0,0,0.74,eth-updown-5m-1780293600
poly_sniper_v5_eth_5m_v6c3_parent15mrang_v7,1780293900000000,-5.0,0,0.74,eth-updown-5m-1780293600
poly_sniper_v5_eth_5m_bb_mp_hurst_band_v6,1780293900000000,-5.0,0,0.74,eth-updown-5m-1780293600
poly_sniper_v5_eth_5m_cloud_ribbon_mp_hurst_v6,1780293900000000,-5.0,0,0.74,eth-updown-5m-1780293600
poly_sniper_v5_eth_5m_cloud_vwap_hurstmp_v7,1780293900000000,-5.0,0,0.74,eth-updown-5m-1780293600
poly_sniper_v5_eth_5m_ema50_hurst_parent15mrang_v7_vL,1780294200000000,-5.0,0,0.39,eth-updown-5m-1780293900
poly_sniper_v5_eth_5m_ema50_hurst_parent15mrang_v7,1780294200000000,-5.0,0,0.39,eth-updown-5m-1780293900
poly_sniper_v5_eth_5m_bb_mp_hurst_band_v6_vL,1780294500000000,2.2409411764705878,1,0.68,eth-updown-5m-1780294200
poly_sniper_v5_eth_5m_cloud_vwap_hurstmp_v7,1780294500000000,2.2409411764705878,1,0.68,eth-updown-5m-1780294200
poly_sniper_v5_eth_5m_bb_mp_hurst_band_v6,1780294500000000,2.2409411764705878,1,0.68,eth-updown-5m-1780294200
poly_sniper_v5_eth_5m_cloud_vwap_hurstmp_v7_vL,1780294500000000,2.2409411764705878,1,0.68,eth-updown-5m-1780294200
poly_sniper_v5_eth_5m_ema50_hurst_parent15mrang_v7_vL,1780294500000000,2.2409411764705878,1,0.68,eth-updown-5m-1780294200
poly_sniper_v5_eth_5m_ema200_vwap_regimerang_xa3_v7,1780294500000000,1.1799999999999997,1,0.8,eth-updown-5m-1780294200
poly_sniper_v5_eth_5m_ema50_hurst_parent15mrang_v7,1780294500000000,2.2409411764705878,1,0.68,eth-updown-5m-1780294200
poly_sniper_v5_eth_5m_l_ema50_hurst_grandparent_v8,1780294800000000,7.9648075551499025,1,0.37930363742462553,eth-updown-5m-1780294500
poly_sniper_v5_eth_5m_ema200_vwap_regimerang_xa3_v7,1780294800000000,-5.0,0,0.7,eth-updown-5m-1780294500
poly_sniper_v5_eth_5m_ema50_hurst_parent15mrang_v7_vL,1780294800000000,7.9648075551499025,1,0.37930363742462553,eth-updown-5m-1780294500
poly_sniper_v5_eth_5m_ema50_hurst_parent15mrang_v7,1780294800000000,7.9648075551499025,1,0.37930363742462553,eth-updown-5m-1780294500
poly_sniper_v5_eth_5m_bb_mp_hurst_band_v6,1780295400000000,2.0378571428571433,1,0.7,eth-updown-5m-1780295100
poly_sniper_v5_eth_5m_lq_ema50_hurst_grandparent_prev15m_v8,1780295400000000,2.0378571428571433,1,0.7,eth-updown-5m-1780295100
poly_sniper_v5_eth_5m_lq_ema50_hurst_grandparent_prev15m_v8_vL,1780295400000000,2.0378571428571433,1,0.7,eth-updown-5m-1780295100
poly_sniper_v5_eth_5m_l_ema50_hurst_grandparent_v8,1780295400000000,2.0378571428571433,1,0.7,eth-updown-5m-1780295100
poly_sniper_v5_eth_5m_bb_mp_hurst_band_v6_vL,1780295400000000,2.0378571428571433,1,0.7,eth-updown-5m-1780295100
poly_sniper_v5_eth_5m_bb_mp_hurst_band_v6_vL,1780295700000000,3.473689655172415,1,0.58,eth-updown-5m-1780295400
poly_sniper_v5_eth_5m_bb_mp_hurst_band_v6,1780295700000000,3.473689655172415,1,0.58,eth-updown-5m-1780295400
poly_sniper_v5_eth_5m_ema200_vwap_regimerang_xa3_v7,1780295700000000,-5.0,0,0.56,eth-updown-5m-1780295400
poly_sniper_v5_eth_5m_cloud_ribbon_mp_hurst_v6_vL,1780296000000000,1.1799999999999997,1,0.8,eth-updown-5m-1780295700
poly_sniper_v5_eth_5m_bb_mp_hurst_band_v6_vL,1780296000000000,1.1799999999999997,1,0.8,eth-updown-5m-1780295700
poly_sniper_v5_eth_5m_lq_ema50_hurst_grandparent_prev15m_v8_vL,1780296000000000,1.1799999999999997,1,0.8,eth-updown-5m-1780295700
poly_sniper_v5_eth_5m_cloud_vwap_hurstmp_v7_vL,1780296000000000,1.1799999999999997,1,0.8,eth-updown-5m-1780295700
poly_sniper_v5_eth_5m_l_ema50_hurst_grandparent_v8,1780296300000000,4.632421568627452,1,0.51,eth-updown-5m-1780296000
poly_sniper_v5_eth_5m_lq_ema50_hurst_grandparent_prev15m_v8,1780296300000000,4.632421568627452,1,0.51,eth-updown-5m-1780296000
poly_sniper_v5_eth_5m_ema200_vwap_regimerang_xa3_v7,1780296300000000,-5.0,0,0.57,eth-updown-5m-1780296000
poly_sniper_v5_eth_5m_lq_ema50_hurst_grandparent_prev15m_v8_vL,1780296300000000,4.632421568627452,1,0.51,eth-updown-5m-1780296000
poly_sniper_v5_eth_5m_cloud_vwap_hurstmp_v7,1780296600000000,1.8464444444444446,1,0.72,eth-updown-5m-1780296300
poly_sniper_v5_eth_5m_cloud_vwap_hurstmp_v7_vL,1780296600000000,1.8464444444444446,1,0.72,eth-updown-5m-1780296300
poly_sniper_v5_eth_5m_cloud_ribbon_mp_hurst_v6,1780296600000000,1.8464444444444446,1,0.72,eth-updown-5m-1780296300
poly_sniper_v5_eth_5m_bb_mp_hurst_band_v6,1780296600000000,1.8464444444444446,1,0.72,eth-updown-5m-1780296300
poly_sniper_v5_eth_5m_bb_mp_hurst_band_v6_vL,1780296600000000,1.8464444444444446,1,0.72,eth-updown-5m-1780296300
poly_sniper_v5_eth_5m_cloud_ribbon_mp_hurst_v6_vL,1780296600000000,1.8464444444444446,1,0.72,eth-updown-5m-1780296300
poly_sniper_v5_eth_5m_bb_mp_hurst_band_v6_vL,1780297200000000,3.976837889282121,1,0.5473290343125548,eth-updown-5m-1780296900
poly_sniper_v5_eth_5m_bb_mp_hurst_band_v6,1780297200000000,3.976837889282121,1,0.5473290343125548,eth-updown-5m-1780296900
poly_sniper_v5_eth_5m_cloud_ribbon_mp_hurst_v6_vL,1780297200000000,3.976837889282121,1,0.5473290343125548,eth-updown-5m-1780296900
poly_sniper_v5_eth_5m_cloud_ribbon_mp_hurst_v6,1780297200000000,3.976837889282121,1,0.5473290343125548,eth-updown-5m-1780296900
poly_sniper_v5_eth_5m_cloud_vwap_hurstmp_v7_vL,1780297200000000,3.976837889282121,1,0.5473290343125548,eth-updown-5m-1780296900
poly_sniper_v5_eth_5m_cloud_vwap_hurstmp_v7,1780297200000000,3.976837889282121,1,0.5473290343125548,eth-updown-5m-1780296900
poly_sniper_v5_eth_5m_cloud_vwap_hurstmp_v7_vL,1780297800000000,1.2556139240506328,1,0.79,eth-updown-5m-1780297500
poly_sniper_v5_eth_5m_ema50_hurst_parent15mrang_v7_vL,1780297800000000,1.2556139240506328,1,0.79,eth-updown-5m-1780297500
poly_sniper_v5_eth_5m_bb_mp_hurst_band_v6_vL,1780297800000000,1.2556139240506328,1,0.79,eth-updown-5m-1780297500
poly_sniper_v5_eth_5m_cloud_vwap_hurstmp_v7,1780298100000000,-5.0,0,0.57,eth-updown-5m-1780297800
poly_sniper_v5_eth_5m_cloud_ribbon_mp_hurst_v6,1780298100000000,-5.0,0,0.57,eth-updown-5m-1780297800
poly_sniper_v5_eth_5m_ema50_hurst_parent15mrang_v7,1780298100000000,-5.0,0,0.57,eth-updown-5m-1780297800
poly_sniper_v5_eth_5m_v6c3_parent15mrang_v7,1780298100000000,-5.0,0,0.57,eth-updown-5m-1780297800
poly_sniper_v5_eth_5m_v6c3_parent15mrang_v7_vL,1780298100000000,-5.0,0,0.57,eth-updown-5m-1780297800
poly_sniper_v5_eth_5m_cloud_ribbon_mp_hurst_v6_vL,1780298100000000,-5.0,0,0.57,eth-updown-5m-1780297800
poly_sniper_v5_eth_5m_ema200_vwap_regimerang_xa3_v7,1780298100000000,2.456757575757575,1,0.66,eth-updown-5m-1780297800
poly_sniper_v5_eth_5m_ema50_hurst_parent15mrang_v7_vL,1780298100000000,-5.0,0,0.57,eth-updown-5m-1780297800
poly_sniper_v5_eth_5m_cloud_vwap_hurstmp_v7_vL,1780298100000000,-5.0,0,0.57,eth-updown-5m-1780297800
poly_sniper_v5_eth_5m_bb_mp_hurst_band_v6,1780298100000000,-5.0,0,0.57,eth-updown-5m-1780297800
poly_sniper_v5_eth_5m_bb_mp_hurst_band_v6_vL,1780298100000000,-5.0,0,0.57,eth-updown-5m-1780297800
poly_sniper_v5_eth_5m_cloud_vwap_hurstmp_v7,1780298400000000,-5.0,0,0.64,eth-updown-5m-1780298100
poly_sniper_v5_eth_5m_ema50_hurst_parent15mrang_v7_vL,1780298400000000,-5.0,0,0.64,eth-updown-5m-1780298100
poly_sniper_v5_eth_5m_cloud_vwap_hurstmp_v7_vL,1780298400000000,-5.0,0,0.64,eth-updown-5m-1780298100
poly_sniper_v5_eth_5m_l_ema50_hurst_grandparent_v8,1780298400000000,-5.0,0,0.64,eth-updown-5m-1780298100
poly_sniper_v5_eth_5m_bb_mp_hurst_band_v6_vL,1780298400000000,-5.0,0,0.64,eth-updown-5m-1780298100
poly_sniper_v5_eth_5m_bb_mp_hurst_band_v6,1780298400000000,-5.0,0,0.64,eth-updown-5m-1780298100
poly_sniper_v5_eth_5m_ema50_hurst_parent15mrang_v7,1780298400000000,-5.0,0,0.64,eth-updown-5m-1780298100
poly_sniper_v5_eth_5m_bb_mp_hurst_band_v6,1780298700000000,1.2556139240506328,1,0.79,eth-updown-5m-1780298400
poly_sniper_v5_eth_5m_cloud_vwap_hurstmp_v7_vL,1780298700000000,1.2556139240506328,1,0.79,eth-updown-5m-1780298400
poly_sniper_v5_eth_5m_l_ema50_hurst_grandparent_v8,1780298700000000,1.2556139240506328,1,0.79,eth-updown-5m-1780298400
poly_sniper_v5_eth_5m_cloud_ribbon_mp_hurst_v6_vL,1780298700000000,1.2556139240506328,1,0.79,eth-updown-5m-1780298400
poly_sniper_v5_eth_5m_cloud_ribbon_mp_hurst_v6,1780298700000000,1.2556139240506328,1,0.79,eth-updown-5m-1780298400
poly_sniper_v5_eth_5m_cloud_vwap_hurstmp_v7,1780298700000000,1.2556139240506328,1,0.79,eth-updown-5m-1780298400
poly_sniper_v5_eth_5m_bb_mp_hurst_band_v6_vL,1780298700000000,1.2556139240506328,1,0.79,eth-updown-5m-1780298400
poly_sniper_v5_eth_5m_bb_mp_hurst_band_v6,1780299000000000,-5.0,0,0.64,eth-updown-5m-1780298700
poly_sniper_v5_eth_5m_bb_mp_hurst_band_v6_vL,1780299000000000,-5.0,0,0.64,eth-updown-5m-1780298700
poly_sniper_v5_eth_5m_cloud_vwap_hurstmp_v7,1780299000000000,-5.0,0,0.64,eth-updown-5m-1780298700
poly_sniper_v5_eth_5m_cloud_vwap_hurstmp_v7_vL,1780299000000000,-5.0,0,0.64,eth-updown-5m-1780298700
poly_sniper_v5_eth_5m_cloud_vwap_hurstmp_v7_vL,1780299300000000,1.5791666666666668,1,0.75,eth-updown-5m-1780299000
poly_sniper_v5_eth_5m_bb_mp_hurst_band_v6_vL,1780299300000000,1.5791666666666668,1,0.75,eth-updown-5m-1780299000
poly_sniper_v5_eth_5m_v6c3_parent15mrang_v7_vL,1780299600000000,2.456757575757575,1,0.66,eth-updown-5m-1780299300
poly_sniper_v5_eth_5m_ema50_hurst_parent15mrang_v7_vL,1780299600000000,2.456757575757575,1,0.66,eth-updown-5m-1780299300
poly_sniper_v5_eth_5m_v6c3_parent15mrang_v7,1780299600000000,2.456757575757575,1,0.66,eth-updown-5m-1780299300
poly_sniper_v5_eth_5m_ema50_hurst_parent15mrang_v7,1780299600000000,2.456757575757575,1,0.66,eth-updown-5m-1780299300
poly_sniper_v5_eth_5m_bb_mp_hurst_band_v6,1780299600000000,2.456757575757575,1,0.66,eth-updown-5m-1780299300
poly_sniper_v5_eth_5m_cloud_vwap_hurstmp_v7_vL,1780299600000000,2.456757575757575,1,0.66,eth-updown-5m-1780299300
poly_sniper_v5_eth_5m_bb_mp_hurst_band_v6_vL,1780299600000000,2.456757575757575,1,0.66,eth-updown-5m-1780299300
poly_sniper_v5_eth_5m_cloud_ribbon_mp_hurst_v6_vL,1780299600000000,2.456757575757575,1,0.66,eth-updown-5m-1780299300
poly_sniper_v5_eth_5m_cloud_ribbon_mp_hurst_v6,1780299600000000,2.456757575757575,1,0.66,eth-updown-5m-1780299300
poly_sniper_v5_eth_5m_cloud_vwap_hurstmp_v7,1780299600000000,2.456757575757575,1,0.66,eth-updown-5m-1780299300
poly_sniper_v5_eth_5m_tr200_mp_sms_active_off120,1780303200000000,3.0602213114754098,1,0.61,eth-updown-5m-1780302900
poly_sniper_v5_eth_5m_v5repl_off120_v6,1780303200000000,3.0602213114754098,1,0.61,eth-updown-5m-1780302900
poly_sniper_v5_eth_5m_cloud_vwap_hurstmp_v7_vL,1780306200000000,-5.0,0,0.7,eth-updown-5m-1780305900
poly_sniper_v5_eth_5m_bb_mp_hurst_band_v6,1780306200000000,-5.0,0,0.7,eth-updown-5m-1780305900
poly_sniper_v5_eth_5m_cloud_vwap_hurstmp_v7,1780306200000000,-5.0,0,0.7,eth-updown-5m-1780305900
poly_sniper_v5_eth_5m_cloud_ribbon_mp_hurst_v6,1780306200000000,-5.0,0,0.7,eth-updown-5m-1780305900
poly_sniper_v5_eth_5m_ema200_vwap_regimerang_xa3_v7,1780306200000000,-5.0,0,0.77,eth-updown-5m-1780305900
poly_sniper_v5_eth_5m_cloud_ribbon_mp_hurst_v6_vL,1780306200000000,-5.0,0,0.7,eth-updown-5m-1780305900
poly_sniper_v5_eth_5m_bb_mp_hurst_band_v6_vL,1780306200000000,-5.0,0,0.7,eth-updown-5m-1780305900
poly_sniper_v5_eth_5m_ema200_vwap_regimerang_xa3_v7,1780306500000000,-5.0,0,0.62,eth-updown-5m-1780306200
poly_sniper_v5_eth_5m_bb_mp_hurst_band_v6_vL,1780306500000000,-5.0,0,0.5325338750714976,eth-updown-5m-1780306200
poly_sniper_v5_eth_5m_bb_mp_hurst_band_v6,1780306500000000,-5.0,0,0.5325338750714976,eth-updown-5m-1780306200
poly_sniper_v5_eth_5m_ema50_hurst_parent15mrang_v7,1780306800000000,-5.0,0,0.74,eth-updown-5m-1780306500
poly_sniper_v5_eth_5m_ema50_hurst_parent15mrang_v7_vL,1780306800000000,-5.0,0,0.74,eth-updown-5m-1780306500
poly_sniper_v5_eth_5m_v6c3_parent15mrang_v7_vL,1780306800000000,-5.0,0,0.74,eth-updown-5m-1780306500
poly_sniper_v5_eth_5m_l_ema50_hurst_grandparent_v8,1780306800000000,-5.0,0,0.74,eth-updown-5m-1780306500
poly_sniper_v5_eth_5m_bb_mp_hurst_band_v6,1780306800000000,-5.0,0,0.74,eth-updown-5m-1780306500
poly_sniper_v5_eth_5m_cloud_ribbon_mp_hurst_v6,1780306800000000,-5.0,0,0.74,eth-updown-5m-1780306500
poly_sniper_v5_eth_5m_cloud_vwap_hurstmp_v7,1780306800000000,-5.0,0,0.74,eth-updown-5m-1780306500
poly_sniper_v5_eth_5m_v6c3_parent15mrang_v7,1780306800000000,-5.0,0,0.74,eth-updown-5m-1780306500
poly_sniper_v5_eth_5m_cloud_ribbon_mp_hurst_v6_vL,1780306800000000,-5.0,0,0.74,eth-updown-5m-1780306500
poly_sniper_v5_eth_5m_bb_mp_hurst_band_v6_vL,1780306800000000,-5.0,0,0.74,eth-updown-5m-1780306500
poly_sniper_v5_eth_5m_cloud_vwap_hurstmp_v7_vL,1780306800000000,-5.0,0,0.74,eth-updown-5m-1780306500
poly_sniper_v5_eth_5m_cloud_vwap_hurstmp_v7_vL,1780307100000000,3.7745714285714276,1,0.56,eth-updown-5m-1780306800
poly_sniper_v5_eth_5m_ema50_hurst_parent15mrang_v7_vL,1780307100000000,3.7745714285714276,1,0.56,eth-updown-5m-1780306800
poly_sniper_v5_eth_5m_bb_mp_hurst_band_v6_vL,1780307100000000,3.7745714285714276,1,0.56,eth-updown-5m-1780306800
poly_sniper_v5_eth_5m_cloud_ribbon_mp_hurst_v6_vL,1780307700000000,2.6865,1,0.64,eth-updown-5m-1780307400
poly_sniper_v5_eth_5m_cloud_vwap_hurstmp_v7,1780307700000000,2.6865,1,0.64,eth-updown-5m-1780307400
poly_sniper_v5_eth_5m_bb_mp_hurst_band_v6,1780307700000000,2.6865,1,0.64,eth-updown-5m-1780307400
poly_sniper_v5_eth_5m_bb_mp_hurst_band_v6_vL,1780307700000000,2.6865,1,0.64,eth-updown-5m-1780307400
poly_sniper_v5_eth_5m_cloud_vwap_hurstmp_v7_vL,1780307700000000,2.6865,1,0.64,eth-updown-5m-1780307400
poly_sniper_v5_eth_5m_ema50_hurst_parent15mrang_v7_vL,1780307700000000,2.6865,1,0.64,eth-updown-5m-1780307400
poly_sniper_v5_eth_5m_v6c3_parent15mrang_v7_vL,1780307700000000,2.6865,1,0.64,eth-updown-5m-1780307400
poly_sniper_v5_eth_5m_ema50_hurst_parent15mrang_v7,1780307700000000,2.6865,1,0.64,eth-updown-5m-1780307400
poly_sniper_v5_eth_5m_cloud_ribbon_mp_hurst_v6,1780307700000000,2.6865,1,0.64,eth-updown-5m-1780307400
poly_sniper_v5_eth_5m_v6c3_parent15mrang_v7,1780307700000000,2.6865,1,0.64,eth-updown-5m-1780307400
poly_sniper_v5_eth_5m_l_ema50_hurst_grandparent_v8,1780307700000000,2.6865,1,0.64,eth-updown-5m-1780307400
poly_sniper_v5_eth_5m_l_ema50_hurst_grandparent_v8,1780308000000000,2.3471865671641785,1,0.67,eth-updown-5m-1780307700
poly_sniper_v5_eth_5m_ema50_hurst_parent15mrang_v7,1780308000000000,2.3471865671641785,1,0.67,eth-updown-5m-1780307700
poly_sniper_v5_eth_5m_bb_mp_hurst_band_v6_vL,1780308000000000,2.3471865671641785,1,0.67,eth-updown-5m-1780307700
poly_sniper_v5_eth_5m_cloud_ribbon_mp_hurst_v6,1780308000000000,2.3471865671641785,1,0.67,eth-updown-5m-1780307700
poly_sniper_v5_eth_5m_ema50_hurst_parent15mrang_v7_vL,1780308000000000,2.3471865671641785,1,0.67,eth-updown-5m-1780307700
poly_sniper_v5_eth_5m_bb_mp_hurst_band_v6,1780308000000000,2.3471865671641785,1,0.67,eth-updown-5m-1780307700
poly_sniper_v5_eth_5m_cloud_ribbon_mp_hurst_v6_vL,1780308000000000,2.3471865671641785,1,0.67,eth-updown-5m-1780307700
poly_sniper_v5_eth_5m_v6c3_parent15mrang_v7,1780308000000000,2.3471865671641785,1,0.67,eth-updown-5m-1780307700
poly_sniper_v5_eth_5m_cloud_vwap_hurstmp_v7,1780308000000000,2.3471865671641785,1,0.67,eth-updown-5m-1780307700
poly_sniper_v5_eth_5m_cloud_vwap_hurstmp_v7_vL,1780308000000000,2.3471865671641785,1,0.67,eth-updown-5m-1780307700
poly_sniper_v5_eth_5m_v6c3_parent15mrang_v7_vL,1780308000000000,2.3471865671641785,1,0.67,eth-updown-5m-1780307700
poly_sniper_v5_eth_5m_ema50_hurst_parent15mrang_v7_vL,1780308600000000,5.120304343325538,1,0.4854176573149469,eth-updown-5m-1780308300
poly_sniper_v5_eth_5m_tr200_mp_sms_active_off120,1780308600000000,1.0345609756097565,1,0.82,eth-updown-5m-1780308300
poly_sniper_v5_eth_5m_bb_mp_hurst_band_v6,1780308600000000,-5.0,0,0.53,eth-updown-5m-1780308300
poly_sniper_v5_eth_5m_bb_mp_hurst_band_v6_vL,1780308600000000,-5.0,0,0.53,eth-updown-5m-1780308300
poly_sniper_v5_eth_5m_ema50_hurst_parent15mrang_v7,1780308600000000,5.120304343325538,1,0.4854176573149469,eth-updown-5m-1780308300
poly_sniper_v5_eth_5m_cloud_mp_sms_active_off120,1780308600000000,1.0345609756097565,1,0.82,eth-updown-5m-1780308300
poly_sniper_v5_eth_5m_ema200_vwap_regimerang_xa3_v7,1780308600000000,2.2409411764705878,1,0.68,eth-updown-5m-1780308300
poly_sniper_v5_eth_5m_v5repl_off120_v6,1780308600000000,1.0345609756097565,1,0.82,eth-updown-5m-1780308300
poly_sniper_v5_eth_5m_bb_mp_hurst_band_v6_vL,1780308900000000,-5.0,0,0.52,eth-updown-5m-1780308600
poly_sniper_v5_eth_5m_l_ema50_hurst_grandparent_v8,1780308900000000,4.805735968257637,1,0.5009823182711198,eth-updown-5m-1780308600
poly_sniper_v5_eth_5m_bb_mp_hurst_band_v6,1780308900000000,-5.0,0,0.52,eth-updown-5m-1780308600
poly_sniper_v5_eth_5m_ema50_hurst_parent15mrang_v7_vL,1780308900000000,4.805735968257637,1,0.5009823182711198,eth-updown-5m-1780308600
poly_sniper_v5_eth_5m_ema50_hurst_parent15mrang_v7,1780308900000000,4.805735968257637,1,0.5009823182711198,eth-updown-5m-1780308600
poly_sniper_v5_eth_5m_ema200_vwap_regimerang_xa3_v7,1780308900000000,-5.0,0,0.7,eth-updown-5m-1780308600
poly_sniper_v5_eth_5m_ema50_hurst_parent15mrang_v7_vL,1780309500000000,9.058214285714287,1,0.35,eth-updown-5m-1780309200
poly_sniper_v5_eth_5m_l_ema50_hurst_grandparent_v8,1780309500000000,9.058214285714287,1,0.35,eth-updown-5m-1780309200
poly_sniper_v5_eth_5m_ema50_hurst_parent15mrang_v7,1780309500000000,9.058214285714287,1,0.35,eth-updown-5m-1780309200
poly_sniper_v5_eth_5m_cloud_ribbon_mp_hurst_v6_vL,1780309800000000,-5.0,0,0.59,eth-updown-5m-1780309500
poly_sniper_v5_eth_5m_bb_mp_hurst_band_v6_vL,1780309800000000,-5.0,0,0.59,eth-updown-5m-1780309500
poly_sniper_v5_eth_5m_v6c3_parent15mrang_v7_vL,1780309800000000,-5.0,0,0.59,eth-updown-5m-1780309500
poly_sniper_v5_eth_5m_v6c3_parent15mrang_v7,1780309800000000,-5.0,0,0.59,eth-updown-5m-1780309500
poly_sniper_v5_eth_5m_cloud_vwap_hurstmp_v7,1780309800000000,-5.0,0,0.59,eth-updown-5m-1780309500
poly_sniper_v5_eth_5m_l_ema50_hurst_grandparent_v8,1780309800000000,-5.0,0,0.59,eth-updown-5m-1780309500
poly_sniper_v5_eth_5m_bb_mp_hurst_band_v6,1780309800000000,-5.0,0,0.59,eth-updown-5m-1780309500
poly_sniper_v5_eth_5m_ema50_hurst_parent15mrang_v7,1780309800000000,-5.0,0,0.59,eth-updown-5m-1780309500
poly_sniper_v5_eth_5m_cloud_ribbon_mp_hurst_v6,1780309800000000,-5.0,0,0.59,eth-updown-5m-1780309500
poly_sniper_v5_eth_5m_ema50_hurst_parent15mrang_v7_vL,1780309800000000,-5.0,0,0.59,eth-updown-5m-1780309500
poly_sniper_v5_eth_5m_cloud_vwap_hurstmp_v7_vL,1780309800000000,-5.0,0,0.59,eth-updown-5m-1780309500
poly_sniper_v5_eth_5m_ema50_hurst_parent15mrang_v7_vL,1780310100000000,-5.0,0,0.93,eth-updown-5m-1780309800
poly_sniper_v5_eth_5m_ema200_vwap_regimerang_xa3_v7,1780310400000000,-5.0,0,0.57,eth-updown-5m-1780310100
poly_sniper_v5_eth_5m_l_ema50_hurst_grandparent_v8,1780310700000000,-5.0,0,0.4705882352941176,eth-updown-5m-1780310400
poly_sniper_v5_eth_5m_ema200_vwap_regimerang_xa3_v7,1780311300000000,5.680565217391305,1,0.45999999999999996,eth-updown-5m-1780311000
poly_sniper_v5_eth_5m_v6c3_parent15mrang_v7_vL,1780311600000000,1.0345609756097565,1,0.82,eth-updown-5m-1780311300
poly_sniper_v5_eth_5m_ema50_hurst_parent15mrang_v7,1780311600000000,1.0345609756097565,1,0.82,eth-updown-5m-1780311300
poly_sniper_v5_eth_5m_l_ema50_hurst_grandparent_v8,1780311600000000,1.0345609756097565,1,0.82,eth-updown-5m-1780311300
poly_sniper_v5_eth_5m_ema50_hurst_parent15mrang_v7_vL,1780311600000000,1.0345609756097565,1,0.82,eth-updown-5m-1780311300
poly_sniper_v5_eth_5m_cloud_ribbon_mp_hurst_v6,1780311600000000,1.0345609756097565,1,0.82,eth-updown-5m-1780311300
poly_sniper_v5_eth_5m_cloud_ribbon_mp_hurst_v6_vL,1780311600000000,1.0345609756097565,1,0.82,eth-updown-5m-1780311300
poly_sniper_v5_eth_5m_v6c3_parent15mrang_v7,1780311600000000,1.0345609756097565,1,0.82,eth-updown-5m-1780311300
poly_sniper_v5_eth_5m_ema50_hurst_parent15mrang_v7_vL,1780311900000000,2.3471865671641785,1,0.67,eth-updown-5m-1780311600
poly_sniper_v5_eth_5m_l_ema50_hurst_grandparent_v8,1780311900000000,2.3471865671641785,1,0.67,eth-updown-5m-1780311600
poly_sniper_v5_eth_5m_bb_mp_hurst_band_v6,1780311900000000,2.3471865671641785,1,0.67,eth-updown-5m-1780311600
poly_sniper_v5_eth_5m_ema50_hurst_parent15mrang_v7,1780311900000000,2.3471865671641785,1,0.67,eth-updown-5m-1780311600
poly_sniper_v5_eth_5m_ema200_vwap_regimerang_xa3_v7,1780311900000000,1.8653191361471761,1,0.7179753096268523,eth-updown-5m-1780311600
poly_sniper_v5_eth_5m_bb_mp_hurst_band_v6_vL,1780311900000000,2.3471865671641785,1,0.67,eth-updown-5m-1780311600
poly_sniper_v5_eth_5m_ema50_hurst_parent15mrang_v7_vL,1780312200000000,-5.0,0,0.57,eth-updown-5m-1780311900
poly_sniper_v5_eth_5m_cloud_vwap_hurstmp_v7_vL,1780312200000000,-5.0,0,0.57,eth-updown-5m-1780311900
poly_sniper_v5_eth_5m_ema50_hurst_parent15mrang_v7,1780312200000000,-5.0,0,0.57,eth-updown-5m-1780311900
poly_sniper_v5_eth_5m_l_ema50_hurst_grandparent_v8,1780312200000000,-5.0,0,0.57,eth-updown-5m-1780311900
poly_sniper_v5_eth_5m_cloud_vwap_hurstmp_v7,1780312200000000,-5.0,0,0.57,eth-updown-5m-1780311900
poly_sniper_v5_eth_5m_bb_mp_hurst_band_v6,1780312500000000,2.6865,1,0.64,eth-updown-5m-1780312200
poly_sniper_v5_eth_5m_l_ema50_hurst_grandparent_v8,1780312500000000,2.6865,1,0.64,eth-updown-5m-1780312200
poly_sniper_v5_eth_5m_bb_mp_hurst_band_v6_vL,1780312500000000,2.6865,1,0.64,eth-updown-5m-1780312200
poly_sniper_v5_eth_5m_ema50_hurst_parent15mrang_v7_vL,1780312500000000,2.6865,1,0.64,eth-updown-5m-1780312200
poly_sniper_v5_eth_5m_ema50_hurst_parent15mrang_v7,1780312500000000,2.6865,1,0.64,eth-updown-5m-1780312200
poly_sniper_v5_eth_5m_ema200_vwap_regimerang_xa3_v7,1780314000000000,1.2556139240506328,1,0.79,eth-updown-5m-1780313700
poly_sniper_v5_eth_5m_v5repl_off120_v6,1780314900000000,2.7971872628328964,1,0.6308028938082754,eth-updown-5m-1780314600
poly_sniper_v5_eth_5m_tr200_mp_sms_active_off120,1780314900000000,2.7971872628328964,1,0.6308028938082754,eth-updown-5m-1780314600
poly_sniper_v5_eth_5m_bb_mp_hurst_band_v6,1780315200000000,-5.0,0,0.68,eth-updown-5m-1780314900
poly_sniper_v5_eth_5m_cloud_ribbon_mp_hurst_v6_vL,1780315200000000,-5.0,0,0.68,eth-updown-5m-1780314900
poly_sniper_v5_eth_5m_cloud_ribbon_mp_hurst_v6,1780315200000000,-5.0,0,0.68,eth-updown-5m-1780314900
poly_sniper_v5_eth_5m_cloud_vwap_hurstmp_v7,1780315200000000,-5.0,0,0.68,eth-updown-5m-1780314900
poly_sniper_v5_eth_5m_v6c3_parent15mrang_v7,1780315200000000,-5.0,0,0.68,eth-updown-5m-1780314900
poly_sniper_v5_eth_5m_ema50_hurst_parent15mrang_v7,1780315200000000,-5.0,0,0.68,eth-updown-5m-1780314900
poly_sniper_v5_eth_5m_bb_mp_hurst_band_v6_vL,1780315200000000,-5.0,0,0.68,eth-updown-5m-1780314900
poly_sniper_v5_eth_5m_ema50_hurst_parent15mrang_v7_vL,1780315200000000,-5.0,0,0.68,eth-updown-5m-1780314900
poly_sniper_v5_eth_5m_v6c3_parent15mrang_v7_vL,1780315200000000,-5.0,0,0.68,eth-updown-5m-1780314900
poly_sniper_v5_eth_5m_cloud_vwap_hurstmp_v7_vL,1780315200000000,-5.0,0,0.68,eth-updown-5m-1780314900
poly_sniper_v5_eth_5m_a2_hlcascade50k_v9,1780315800000000,3.7745714285714276,1,0.56,eth-updown-5m-1780315500
poly_sniper_v5_eth_5m_cloud_vwap_hurstmp_v7,1780315800000000,-5.0,0,0.51,eth-updown-5m-1780315500
poly_sniper_v5_eth_5m_bb_mp_hurst_band_v6_vL,1780315800000000,-5.0,0,0.51,eth-updown-5m-1780315500
poly_sniper_v5_eth_5m_cloud_vwap_hurstmp_v7_vL,1780315800000000,-5.0,0,0.51,eth-updown-5m-1780315500
poly_sniper_v5_eth_5m_bb_mp_hurst_band_V10,1780315800000000,-5.0,0,0.51,eth-updown-5m-1780315500
poly_sniper_v5_eth_5m_v6c3_parent15mrang_v7_vL,1780315800000000,-5.0,0,0.51,eth-updown-5m-1780315500
poly_sniper_v5_eth_5m_up_a2_hlcascade25k_v9,1780315800000000,-5.0,0,0.45515712815641574,eth-updown-5m-1780315500
poly_sniper_v5_eth_5m_cloud_ribbon_mp_hurst_v6_vL,1780315800000000,-5.0,0,0.51,eth-updown-5m-1780315500
poly_sniper_v5_eth_5m_cloud_ribbon_mp_hurst_v6,1780315800000000,-5.0,0,0.51,eth-updown-5m-1780315500
poly_sniper_v5_eth_5m_ema50_hurst_parent15mrang_v7_vL,1780315800000000,-5.0,0,0.51,eth-updown-5m-1780315500
poly_sniper_v5_eth_5m_v6c3_parent15mrang_v7,1780315800000000,-5.0,0,0.51,eth-updown-5m-1780315500
poly_sniper_v5_eth_5m_ema50_hurst_parent15mrang_v7,1780315800000000,-5.0,0,0.51,eth-updown-5m-1780315500
poly_sniper_v5_eth_5m_bb_mp_hurst_band_v6,1780315800000000,-5.0,0,0.51,eth-updown-5m-1780315500
poly_sniper_v5_eth_5m_a2_hlcascade50k_v9,1780315800000000,-5.0,0,0.45515712815641574,eth-updown-5m-1780315500
poly_sniper_v5_eth_5m_l_ema50_hurst_grandparent_v8,1780316100000000,-5.0,0,0.52,eth-updown-5m-1780315800
poly_sniper_v5_eth_5m_ema50_hurst_parent15mrang_v7_vL,1780316100000000,-5.0,0,0.52,eth-updown-5m-1780315800
poly_sniper_v5_eth_5m_cloud_vwap_hurstmp_v7_vL,1780316100000000,-5.0,0,0.52,eth-updown-5m-1780315800
poly_sniper_v5_eth_5m_bb_mp_hurst_band_V10,1780316100000000,-5.0,0,0.52,eth-updown-5m-1780315800
poly_sniper_v5_eth_5m_cloud_ribbon_mp_hurst_v6,1780316100000000,-5.0,0,0.52,eth-updown-5m-1780315800
poly_sniper_v5_eth_5m_cloud_ribbon_mp_hurst_v6_vL,1780316100000000,-5.0,0,0.52,eth-updown-5m-1780315800
poly_sniper_v5_eth_5m_bb_mp_hurst_band_v6,1780316100000000,-5.0,0,0.52,eth-updown-5m-1780315800
poly_sniper_v5_eth_5m_v6c3_parent15mrang_v7,1780316100000000,-5.0,0,0.52,eth-updown-5m-1780315800
poly_sniper_v5_eth_5m_ema50_hurst_parent15mrang_v7,1780316100000000,-5.0,0,0.52,eth-updown-5m-1780315800
poly_sniper_v5_eth_5m_v6c3_parent15mrang_v7_vL,1780316100000000,-5.0,0,0.52,eth-updown-5m-1780315800
poly_sniper_v5_eth_5m_bb_mp_hurst_band_v6_vL,1780316100000000,-5.0,0,0.52,eth-updown-5m-1780315800
poly_sniper_v5_eth_5m_cloud_vwap_hurstmp_v7,1780316100000000,-5.0,0,0.52,eth-updown-5m-1780315800
poly_sniper_v5_eth_5m_ema50_hurst_parent15mrang_v7_vL,1780316400000000,-5.0,0,0.27334140341286267,eth-updown-5m-1780316100
poly_sniper_v5_eth_5m_ema50_hurst_parent15mrang_v7,1780316400000000,-5.0,0,0.27334140341286267,eth-updown-5m-1780316100
poly_sniper_v5_eth_5m_lq_ema50_hurst_grandparent_prev15m_v8,1780316400000000,-5.0,0,0.27334140341286267,eth-updown-5m-1780316100
poly_sniper_v5_eth_5m_v5repl_off120_v6,1780316400000000,1.33325641025641,1,0.78,eth-updown-5m-1780316100
poly_sniper_v5_eth_5m_tr200_mp_sms_active_off120,1780316400000000,1.33325641025641,1,0.78,eth-updown-5m-1780316100
poly_sniper_v5_eth_5m_k_hurst_ts_cci_tod_euus_v8,1780316400000000,-5.0,0,0.23032629558541268,eth-updown-5m-1780316100
poly_sniper_v5_eth_5m_lq_ema50_hurst_grandparent_prev15m_v8_vL,1780316400000000,-5.0,0,0.27334140341286267,eth-updown-5m-1780316100
poly_sniper_v5_eth_5m_l_ema50_hurst_grandparent_v8,1780316400000000,-5.0,0,0.27334140341286267,eth-updown-5m-1780316100
poly_sniper_v5_eth_5m_k_hurst_ts_cci_tod_euus_v8_vL,1780316400000000,-5.0,0,0.23032629558541268,eth-updown-5m-1780316100
poly_sniper_v5_eth_5m_cloud_ribbon_mp_hurst_v6_vL,1780316700000000,3.193333333333334,1,0.6,eth-updown-5m-1780316400
poly_sniper_v5_eth_5m_cloud_vwap_hurstmp_v7,1780316700000000,3.193333333333334,1,0.6,eth-updown-5m-1780316400
poly_sniper_v5_eth_5m_bb_mp_hurst_band_v6,1780316700000000,3.193333333333334,1,0.6,eth-updown-5m-1780316400
poly_sniper_v5_eth_5m_bb_mp_hurst_band_v6_vL,1780316700000000,3.193333333333334,1,0.6,eth-updown-5m-1780316400
poly_sniper_v5_eth_5m_cloud_ribbon_mp_hurst_v6,1780316700000000,3.193333333333334,1,0.6,eth-updown-5m-1780316400
poly_sniper_v5_eth_5m_cloud_vwap_hurstmp_v7_vL,1780316700000000,3.193333333333334,1,0.6,eth-updown-5m-1780316400
poly_sniper_v5_eth_5m_cloud_ribbon_mp_hurst_v6,1780317000000000,1.940753521126761,1,0.71,eth-updown-5m-1780316700
poly_sniper_v5_eth_5m_cloud_vwap_hurstmp_v7,1780317000000000,1.940753521126761,1,0.71,eth-updown-5m-1780316700
poly_sniper_v5_eth_5m_bb_mp_hurst_band_v6,1780317000000000,1.940753521126761,1,0.71,eth-updown-5m-1780316700
poly_sniper_v5_eth_5m_cloud_vwap_hurstmp_v7_vL,1780317000000000,1.940753521126761,1,0.71,eth-updown-5m-1780316700
poly_sniper_v5_eth_5m_bb_mp_hurst_band_v6_vL,1780317000000000,1.940753521126761,1,0.71,eth-updown-5m-1780316700
poly_sniper_v5_eth_5m_cloud_ribbon_mp_hurst_v6_vL,1780317000000000,1.940753521126761,1,0.71,eth-updown-5m-1780316700
poly_sniper_v5_eth_5m_tr200_mp_sms_active_off120,1780318500000000,2.2409411764705878,1,0.68,eth-updown-5m-1780318200
poly_sniper_v5_eth_5m_v5repl_off120_v6,1780318500000000,2.2409411764705878,1,0.68,eth-updown-5m-1780318200
poly_sniper_v5_eth_5m_cloud_vwap_hurstmp_v7_vL,1780318800000000,2.569807692307692,1,0.65,eth-updown-5m-1780318500
poly_sniper_v5_eth_5m_cloud_ribbon_mp_hurst_v6_vL,1780318800000000,2.569807692307692,1,0.65,eth-updown-5m-1780318500
poly_sniper_v5_eth_5m_cloud_ribbon_mp_hurst_v6,1780318800000000,2.569807692307692,1,0.65,eth-updown-5m-1780318500
poly_sniper_v5_eth_5m_cloud_vwap_hurstmp_v7,1780318800000000,2.569807692307692,1,0.65,eth-updown-5m-1780318500
poly_sniper_v5_eth_5m_bb_mp_hurst_band_v6_vL,1780318800000000,2.569807692307692,1,0.65,eth-updown-5m-1780318500
poly_sniper_v5_eth_5m_bb_mp_hurst_band_v6,1780318800000000,2.569807692307692,1,0.65,eth-updown-5m-1780318500
poly_sniper_v5_eth_5m_cloud_vwap_hurstmp_v7,1780319100000000,-5.0,0,0.5420748654668743,eth-updown-5m-1780318800
poly_sniper_v5_eth_5m_bb_mp_hurst_band_V10,1780319100000000,-5.0,0,0.5420748654668743,eth-updown-5m-1780318800
poly_sniper_v5_eth_5m_bb_mp_hurst_band_v6,1780319100000000,-5.0,0,0.5420748654668743,eth-updown-5m-1780318800
poly_sniper_v5_eth_5m_bb_mp_hurst_band_v6_vL,1780319100000000,-5.0,0,0.5420748654668743,eth-updown-5m-1780318800
poly_sniper_v5_eth_5m_cloud_vwap_hurstmp_v7_vL,1780319100000000,-5.0,0,0.5420748654668743,eth-updown-5m-1780318800
poly_sniper_v5_eth_5m_cloud_ribbon_mp_hurst_v6_vL,1780319400000000,3.93340909090909,1,0.55,eth-updown-5m-1780319100
poly_sniper_v5_eth_5m_ema50_hurst_parent15mrang_v7_vL,1780319400000000,3.93340909090909,1,0.55,eth-updown-5m-1780319100
poly_sniper_v5_eth_5m_cloud_vwap_hurstmp_v7_vL,1780319400000000,3.93340909090909,1,0.55,eth-updown-5m-1780319100
poly_sniper_v5_eth_5m_v6c3_parent15mrang_v7_vL,1780319400000000,3.93340909090909,1,0.55,eth-updown-5m-1780319100
poly_sniper_v5_eth_5m_bb_mp_hurst_band_v6_vL,1780319400000000,3.93340909090909,1,0.55,eth-updown-5m-1780319100
poly_sniper_v5_eth_5m_cloud_vwap_hurstmp_v7_vL,1780320900000000,-5.0,0,0.65,eth-updown-5m-1780320600
poly_sniper_v5_eth_5m_cloud_ribbon_mp_hurst_v6_vL,1780320900000000,-5.0,0,0.65,eth-updown-5m-1780320600
poly_sniper_v5_eth_5m_bb_mp_hurst_band_v6_vL,1780320900000000,-5.0,0,0.65,eth-updown-5m-1780320600
poly_sniper_v5_eth_5m_tr200_mp_sms_active_off120,1780322700000000,1.33325641025641,1,0.78,eth-updown-5m-1780322400
poly_sniper_v5_eth_5m_v5repl_off120_v6,1780322700000000,1.33325641025641,1,0.78,eth-updown-5m-1780322400
poly_sniper_v5_eth_5m_cloud_vwap_hurstmp_v7,1780328700000000,2.6865,1,0.64,eth-updown-5m-1780328400
poly_sniper_v5_eth_5m_v5repl_off120_v6,1780328700000000,2.644478293983243,1,0.6435643564356437,eth-updown-5m-1780328400
poly_sniper_v5_eth_5m_cloud_vwap_hurstmp_v7_vL,1780328700000000,2.6865,1,0.64,eth-updown-5m-1780328400
poly_sniper_v5_eth_5m_up_a2_hlcascade25k_v9,1780328700000000,-5.0,0,0.58,eth-updown-5m-1780328400
poly_sniper_v5_eth_5m_cloud_ribbon_mp_hurst_v6_vL,1780328700000000,2.6865,1,0.64,eth-updown-5m-1780328400
poly_sniper_v5_eth_5m_cloud_ribbon_mp_hurst_v6,1780328700000000,2.6865,1,0.64,eth-updown-5m-1780328400
poly_sniper_v5_eth_5m_bb_mp_hurst_band_v6,1780328700000000,2.6865,1,0.64,eth-updown-5m-1780328400
poly_sniper_v5_eth_5m_bb_mp_hurst_band_v6_vL,1780328700000000,2.6865,1,0.64,eth-updown-5m-1780328400
poly_sniper_v5_eth_5m_tr200_mp_sms_active_off120,1780328700000000,2.644478293983243,1,0.6435643564356437,eth-updown-5m-1780328400
poly_sniper_v5_eth_5m_l_ema50_hurst_grandparent_v8,1780328700000000,2.6865,1,0.64,eth-updown-5m-1780328400
poly_sniper_v5_eth_5m_cloud_mp_sms_active_off120,1780328700000000,2.644478293983243,1,0.6435643564356437,eth-updown-5m-1780328400
poly_sniper_v5_eth_5m_ema200_vwap_regimerang_xa3_v7,1780332300000000,-5.0,0,0.43000000000000005,eth-updown-5m-1780332000
poly_fast_taker_b2_nomerge_eth_5m,1780333800000000,-2.0,0,0.58,eth-updown-5m-1780333500
poly_sniper_v5_eth_5m_a2_hlcascade50k_v9,1780334100000000,-5.0,0,0.29,eth-updown-5m-1780333800
poly_sniper_v5_eth_5m_a2_hlcascade50k_v9,1780334100000000,1.8464444444444446,1,0.72,eth-updown-5m-1780333800
poly_sniper_v5_eth_5m_up_a2_hlcascade25k_v9,1780334100000000,1.8464444444444446,1,0.72,eth-updown-5m-1780333800
poly_fast_taker_lagv2_eth_5m,1780334100000000,12.849038461538461,1,0.65,eth-updown-5m-1780333800
poly_fast_taker_b2_nomerge_eth_5m,1780334100000000,1.151111111111111,1,0.63,eth-updown-5m-1780333800
poly_fast_taker_lagv2_eth_5m,1780334400000000,-8.950333333333335,0,0.75,eth-updown-5m-1780334100
poly_fast_taker_b2_nomerge_eth_5m,1780334400000000,1.4193103448275863,1,0.58,eth-updown-5m-1780334100
poly_sniper_v5_eth_5m_k_hurst_ts_cci_tod_euus_v8_vL,1780334400000000,2.1378768115942033,1,0.69,eth-updown-5m-1780334100
poly_sniper_v5_eth_5m_k_hurst_ts_cci_tod_euus_v8,1780334400000000,2.1378768115942033,1,0.69,eth-updown-5m-1780334100
poly_sniper_v5_eth_5m_up_a2_hlcascade25k_v9,1780334400000000,0.5205555555555553,1,0.9,eth-updown-5m-1780334100
poly_sniper_v5_eth_5m_l_ema50_hurst_grandparent_v8,1780334400000000,-5.000000000000001,0,0.27,eth-updown-5m-1780334100
poly_sniper_v5_eth_5m_cloud_vwap_hurstmp_v7,1780334700000000,3.7745714285714276,1,0.56,eth-updown-5m-1780334400
poly_sniper_v5_eth_5m_bb_mp_hurst_band_v6,1780334700000000,3.7745714285714276,1,0.56,eth-updown-5m-1780334400
poly_sniper_v5_eth_5m_cloud_ribbon_mp_hurst_v6_vL,1780334700000000,3.7745714285714276,1,0.56,eth-updown-5m-1780334400
poly_sniper_v5_eth_5m_cloud_vwap_hurstmp_v7_vL,1780334700000000,3.7745714285714276,1,0.56,eth-updown-5m-1780334400
poly_sniper_v5_eth_5m_cloud_ribbon_mp_hurst_v6,1780334700000000,3.7745714285714276,1,0.56,eth-updown-5m-1780334400
poly_sniper_v5_eth_5m_bb_mp_hurst_band_v6_vL,1780334700000000,3.7745714285714276,1,0.56,eth-updown-5m-1780334400
poly_fast_taker_lagv2_eth_5m,1780335000000000,-15.553294915254236,0,0.59,eth-updown-5m-1780334700
poly_fast_taker_b2_nomerge_eth_5m,1780335000000000,-2.0,0,0.62,eth-updown-5m-1780334700
poly_fast_taker_b2_nomerge_eth_5m,1780335300000000,1.5399999999999998,1,0.56,eth-updown-5m-1780335000
poly_sniper_v5_eth_5m_bb_mp_hurst_band_v6_vL,1780335600000000,2.931516129032258,1,0.62,eth-updown-5m-1780335300
poly_sniper_v5_eth_5m_cloud_vwap_hurstmp_v7_vL,1780335600000000,2.931516129032258,1,0.62,eth-updown-5m-1780335300
poly_sniper_v5_eth_5m_cloud_vwap_hurstmp_v7,1780335600000000,2.931516129032258,1,0.62,eth-updown-5m-1780335300
poly_sniper_v5_eth_5m_bb_mp_hurst_band_v6,1780335600000000,2.931516129032258,1,0.62,eth-updown-5m-1780335300
poly_sniper_v5_eth_5m_cloud_ribbon_mp_hurst_v6_vL,1780335600000000,2.931516129032258,1,0.62,eth-updown-5m-1780335300
poly_sniper_v5_eth_5m_cloud_ribbon_mp_hurst_v6,1780335600000000,2.931516129032258,1,0.62,eth-updown-5m-1780335300
poly_sniper_v5_eth_5m_cloud_ribbon_mp_hurst_v6_vL,1780335900000000,1.940753521126761,1,0.71,eth-updown-5m-1780335600
poly_sniper_v5_eth_5m_bb_mp_hurst_band_v6_vL,1780335900000000,1.940753521126761,1,0.71,eth-updown-5m-1780335600
poly_sniper_v5_eth_5m_cloud_vwap_hurstmp_v7,1780335900000000,1.940753521126761,1,0.71,eth-updown-5m-1780335600
poly_sniper_v5_eth_5m_cloud_vwap_hurstmp_v7_vL,1780335900000000,1.940753521126761,1,0.71,eth-updown-5m-1780335600
poly_sniper_v5_eth_5m_cloud_ribbon_mp_hurst_v6,1780335900000000,1.940753521126761,1,0.71,eth-updown-5m-1780335600
poly_sniper_v5_eth_5m_bb_mp_hurst_band_v6,1780335900000000,1.940753521126761,1,0.71,eth-updown-5m-1780335600
poly_sniper_v5_eth_5m_cloud_vwap_hurstmp_v7,1780336200000000,-5.0,0,0.64,eth-updown-5m-1780335900
poly_sniper_v5_eth_5m_cloud_ribbon_mp_hurst_v6,1780336200000000,-5.0,0,0.64,eth-updown-5m-1780335900
poly_sniper_v5_eth_5m_l_ema50_hurst_grandparent_v8,1780336200000000,-5.0,0,0.64,eth-updown-5m-1780335900
poly_sniper_v5_eth_5m_bb_mp_hurst_band_v6_vL,1780336200000000,-5.0,0,0.64,eth-updown-5m-1780335900
poly_sniper_v5_eth_5m_cloud_ribbon_mp_hurst_v6_vL,1780336200000000,-5.0,0,0.64,eth-updown-5m-1780335900
poly_fast_taker_b2_nomerge_eth_5m,1780336200000000,1.4785964912280705,1,0.57,eth-updown-5m-1780335900
poly_sniper_v5_eth_5m_bb_mp_hurst_band_v6,1780336200000000,-5.0,0,0.64,eth-updown-5m-1780335900
poly_sniper_v5_eth_5m_cloud_vwap_hurstmp_v7_vL,1780336200000000,-5.0,0,0.64,eth-updown-5m-1780335900
poly_fast_taker_b2_nomerge_eth_5m,1780337100000000,-2.0,0,0.61,eth-updown-5m-1780336800
poly_sniper_v5_eth_5m_bb_mp_hurst_band_v6_vL,1780337400000000,1.940753521126761,1,0.71,eth-updown-5m-1780337100
poly_sniper_v5_eth_5m_ema200_vwap_regimerang_xa3_v7,1780337400000000,1.7943871020452622,1,0.7256461232604374,eth-updown-5m-1780337100
poly_sniper_v5_eth_5m_ema50_hurst_parent15mrang_v7_vL,1780337400000000,1.940753521126761,1,0.71,eth-updown-5m-1780337100
poly_sniper_v5_eth_5m_ema50_hurst_parent15mrang_v7,1780337700000000,3.056031466743893,1,0.6103203197290966,eth-updown-5m-1780337400
poly_sniper_v5_eth_5m_cloud_vwap_hurstmp_v7,1780337700000000,3.056031466743893,1,0.6103203197290966,eth-updown-5m-1780337400
poly_sniper_v5_eth_5m_cloud_ribbon_mp_hurst_v6,1780337700000000,3.056031466743893,1,0.6103203197290966,eth-updown-5m-1780337400
poly_sniper_v5_eth_5m_v6c3_parent15mrang_v7_vL,1780337700000000,3.056031466743893,1,0.6103203197290966,eth-updown-5m-1780337400
poly_sniper_v5_eth_5m_v6c3_parent15mrang_v7,1780337700000000,3.056031466743893,1,0.6103203197290966,eth-updown-5m-1780337400
poly_sniper_v5_eth_5m_bb_mp_hurst_band_v6_vL,1780337700000000,3.056031466743893,1,0.6103203197290966,eth-updown-5m-1780337400
poly_sniper_v5_eth_5m_cloud_ribbon_mp_hurst_v6_vL,1780337700000000,3.056031466743893,1,0.6103203197290966,eth-updown-5m-1780337400
poly_sniper_v5_eth_5m_ema50_hurst_parent15mrang_v7_vL,1780337700000000,3.056031466743893,1,0.6103203197290966,eth-updown-5m-1780337400
poly_sniper_v5_eth_5m_cloud_vwap_hurstmp_v7_vL,1780337700000000,3.056031466743893,1,0.6103203197290966,eth-updown-5m-1780337400
poly_sniper_v5_eth_5m_bb_mp_hurst_band_v6,1780337700000000,3.056031466743893,1,0.6103203197290966,eth-updown-5m-1780337400
poly_sniper_v5_eth_5m_ema50_hurst_parent15mrang_v7,1780338000000000,-5.0,0,0.49,eth-updown-5m-1780337700
poly_sniper_v5_eth_5m_ema200_vwap_regimerang_xa3_v7,1780338000000000,-5.0,0,0.4799999999999999,eth-updown-5m-1780337700
poly_sniper_v5_eth_5m_ema50_hurst_parent15mrang_v7_vL,1780338000000000,-5.0,0,0.49,eth-updown-5m-1780337700
poly_sniper_v5_eth_5m_ema200_vwap_regimerang_xa3_v7,1780338300000000,2.211314169532287,1,0.6828437970073629,eth-updown-5m-1780338000
poly_sniper_v5_eth_5m_l_ema50_hurst_grandparent_v8,1780338300000000,4.825,1,0.5,eth-updown-5m-1780338000
poly_sniper_v5_eth_5m_cloud_ribbon_mp_hurst_v6_vL,1780338600000000,1.722306675169271,1,0.7336175275106572,eth-updown-5m-1780338300
poly_sniper_v5_eth_5m_cloud_vwap_hurstmp_v7,1780338600000000,1.722306675169271,1,0.7336175275106572,eth-updown-5m-1780338300
poly_sniper_v5_eth_5m_l_ema50_hurst_grandparent_v8,1780338600000000,1.722306675169271,1,0.7336175275106572,eth-updown-5m-1780338300
poly_sniper_v5_eth_5m_bb_mp_hurst_band_v6_vL,1780338600000000,1.722306675169271,1,0.7336175275106572,eth-updown-5m-1780338300
poly_sniper_v5_eth_5m_cloud_ribbon_mp_hurst_v6,1780338600000000,1.722306675169271,1,0.7336175275106572,eth-updown-5m-1780338300
poly_sniper_v5_eth_5m_bb_mp_hurst_band_v6,1780338600000000,1.722306675169271,1,0.7336175275106572,eth-updown-5m-1780338300
poly_sniper_v5_eth_5m_cloud_vwap_hurstmp_v7_vL,1780338600000000,1.722306675169271,1,0.7336175275106572,eth-updown-5m-1780338300
poly_sniper_v5_eth_5m_bb_mp_hurst_band_v6_vL,1780338900000000,-5.0,0,0.74,eth-updown-5m-1780338600
poly_sniper_v5_eth_5m_cloud_ribbon_mp_hurst_v6_vL,1780338900000000,-5.0,0,0.74,eth-updown-5m-1780338600
poly_sniper_v5_eth_5m_cloud_vwap_hurstmp_v7,1780338900000000,-5.0,0,0.74,eth-updown-5m-1780338600
poly_fast_taker_b2_nomerge_eth_5m,1780338900000000,1.4785964912280705,1,0.57,eth-updown-5m-1780338600
poly_sniper_v5_eth_5m_cloud_ribbon_mp_hurst_v6,1780338900000000,-5.0,0,0.74,eth-updown-5m-1780338600
poly_sniper_v5_eth_5m_cloud_vwap_hurstmp_v7_vL,1780338900000000,-5.0,0,0.74,eth-updown-5m-1780338600
poly_sniper_v5_eth_5m_bb_mp_hurst_band_v6,1780338900000000,-5.0,0,0.74,eth-updown-5m-1780338600
poly_sniper_v5_eth_5m_v6c3_parent15mrang_v7_vL,1780339200000000,3.621429824561404,1,0.57,eth-updown-5m-1780338900
poly_sniper_v5_eth_5m_cloud_ribbon_mp_hurst_v6_vL,1780339200000000,3.621429824561404,1,0.57,eth-updown-5m-1780338900
poly_sniper_v5_eth_5m_ema50_hurst_parent15mrang_v7_vL,1780339200000000,3.621429824561404,1,0.57,eth-updown-5m-1780338900
poly_sniper_v5_eth_5m_cloud_vwap_hurstmp_v7_vL,1780339200000000,3.621429824561404,1,0.57,eth-updown-5m-1780338900
poly_sniper_v5_eth_5m_cloud_ribbon_mp_hurst_v6,1780339200000000,3.621429824561404,1,0.57,eth-updown-5m-1780338900
poly_sniper_v5_eth_5m_bb_mp_hurst_band_v6_vL,1780339200000000,3.621429824561404,1,0.57,eth-updown-5m-1780338900
poly_sniper_v5_eth_5m_ema50_hurst_parent15mrang_v7,1780339200000000,3.621429824561404,1,0.57,eth-updown-5m-1780338900
poly_sniper_v5_eth_5m_cloud_vwap_hurstmp_v7,1780339200000000,3.621429824561404,1,0.57,eth-updown-5m-1780338900
poly_sniper_v5_eth_5m_v6c3_parent15mrang_v7,1780339200000000,3.621429824561404,1,0.57,eth-updown-5m-1780338900
poly_sniper_v5_eth_5m_bb_mp_hurst_band_v6,1780339200000000,3.621429824561404,1,0.57,eth-updown-5m-1780338900
poly_sniper_v5_eth_5m_ema50_hurst_parent15mrang_v7,1780339500000000,6.428406976744185,1,0.43000000000000005,eth-updown-5m-1780339200
poly_fast_taker_b2_nomerge_eth_5m,1780339500000000,-2.0,0,0.63,eth-updown-5m-1780339200
poly_sniper_v5_eth_5m_ema50_hurst_parent15mrang_v7_vL,1780339500000000,6.428406976744185,1,0.43000000000000005,eth-updown-5m-1780339200
poly_sniper_v5_eth_5m_ema200_vwap_regimerang_xa3_v7,1780339500000000,-5.0,0,0.69,eth-updown-5m-1780339200
poly_sniper_v5_eth_5m_cloud_vwap_hurstmp_v7_vL,1780339800000000,1.4949473684210524,1,0.76,eth-updown-5m-1780339500
poly_sniper_v5_eth_5m_cloud_ribbon_mp_hurst_v6_vL,1780339800000000,1.4949473684210524,1,0.76,eth-updown-5m-1780339500
poly_sniper_v5_eth_5m_v6c3_parent15mrang_v7_vL,1780339800000000,1.4949473684210524,1,0.76,eth-updown-5m-1780339500
poly_sniper_v5_eth_5m_ema50_hurst_parent15mrang_v7_vL,1780339800000000,1.4949473684210524,1,0.76,eth-updown-5m-1780339500
poly_sniper_v5_eth_5m_bb_mp_hurst_band_v6_vL,1780339800000000,1.4949473684210524,1,0.76,eth-updown-5m-1780339500
poly_sniper_v5_eth_5m_ema200_vwap_regimerang_xa3_v7,1780340100000000,-5.0,0,0.41,eth-updown-5m-1780339800
poly_sniper_v5_eth_5m_v5repl_off120_v6,1780340400000000,1.940753521126761,1,0.71,eth-updown-5m-1780340100
poly_sniper_v5_eth_5m_bb_mp_hurst_band_v6,1780340400000000,1.8464444444444446,1,0.72,eth-updown-5m-1780340100
poly_sniper_v5_eth_5m_tr200_mp_sms_active_off120,1780340400000000,1.940753521126761,1,0.71,eth-updown-5m-1780340100
poly_sniper_v5_eth_5m_bb_mp_hurst_band_v6_vL,1780340400000000,1.8464444444444446,1,0.72,eth-updown-5m-1780340100
poly_sniper_v5_eth_5m_ema200_vwap_regimerang_xa3_v7,1780340400000000,-5.0,0,0.35,eth-updown-5m-1780340100
poly_sniper_v5_eth_5m_cloud_mp_sms_active_off120,1780340400000000,1.940753521126761,1,0.71,eth-updown-5m-1780340100
poly_sniper_v5_eth_5m_up_a2_hlcascade25k_v9,1780340400000000,-5.0,0,0.41,eth-updown-5m-1780340100
poly_sniper_v5_eth_5m_ema50_hurst_parent15mrang_v7_vL,1780341300000000,4.632421568627452,1,0.51,eth-updown-5m-1780341000
poly_sniper_v5_eth_5m_cloud_vwap_hurstmp_v7_vL,1780341300000000,4.632421568627452,1,0.51,eth-updown-5m-1780341000
poly_sniper_v5_eth_5m_ema200_vwap_regimerang_xa3_v7,1780341900000000,1.5791666666666668,1,0.75,eth-updown-5m-1780341600
poly_sniper_v5_eth_5m_up_a2_hlcascade25k_v9,1780342500000000,3.049905286346412,1,0.6107892973952792,eth-updown-5m-1780342200
poly_sniper_v5_eth_5m_a2_hlcascade50k_v9,1780342500000000,-5.0,0,0.40549094073898245,eth-updown-5m-1780342200
poly_sniper_v5_eth_5m_a2_hlcascade50k_v9,1780342500000000,3.049905286346412,1,0.6107892973952792,eth-updown-5m-1780342200
poly_sniper_v5_eth_5m_up_a2_hlcascade25k_v9,1780343100000000,-5.0,0,0.22923435724679572,eth-updown-5m-1780342800
poly_sniper_v5_eth_5m_a2_hlcascade50k_v9,1780343100000000,-5.0,0,0.22923435724679572,eth-updown-5m-1780342800
poly_fast_taker_b2_nomerge_eth_5m,1780343100000000,0.8805797101449279,1,0.69,eth-updown-5m-1780342800
poly_sniper_v5_eth_5m_a2_hlcascade50k_v9,1780343100000000,1.2556139240506328,1,0.79,eth-updown-5m-1780342800
poly_sniper_v5_eth_5m_ema200_vwap_regimerang_xa3_v7,1780344300000000,1.33325641025641,1,0.78,eth-updown-5m-1780344000
poly_sniper_v5_eth_5m_ema200_vwap_regimerang_xa3_v7,1780345200000000,-5.0,0,0.68,eth-updown-5m-1780344900
poly_sniper_v5_eth_5m_ema200_vwap_regimerang_xa3_v7,1780345500000000,3.7745714285714276,1,0.56,eth-updown-5m-1780345200
poly_sniper_v5_eth_5m_v5repl_off120_v6,1780345800000000,-5.0,0,0.8700000000000001,eth-updown-5m-1780345500
poly_sniper_v5_eth_5m_tr200_mp_sms_active_off120,1780345800000000,-5.0,0,0.8700000000000001,eth-updown-5m-1780345500
poly_sniper_v5_eth_5m_cloud_mp_sms_active_off120,1780345800000000,-5.0,0,0.8700000000000001,eth-updown-5m-1780345500
poly_sniper_v5_eth_5m_ema200_vwap_regimerang_xa3_v7,1780346100000000,4.274271514661434,1,0.5297245432375164,eth-updown-5m-1780345800
poly_fast_taker_b2_nomerge_eth_5m,1780346700000000,-2.0,0,0.69,eth-updown-5m-1780346400
poly_sniper_v5_eth_5m_cloud_ribbon_mp_hurst_v6_vL,1780347000000000,-5.000000000000001,0,0.54,eth-updown-5m-1780346700
poly_sniper_v5_eth_5m_cloud_vwap_hurstmp_v7_vL,1780347000000000,-5.000000000000001,0,0.54,eth-updown-5m-1780346700
poly_sniper_v5_eth_5m_bb_mp_hurst_band_v6_vL,1780347000000000,-5.000000000000001,0,0.54,eth-updown-5m-1780346700
poly_sniper_v5_eth_5m_ema50_hurst_parent15mrang_v7_vL,1780347000000000,-5.000000000000001,0,0.54,eth-updown-5m-1780346700
poly_sniper_v5_eth_5m_v6c3_parent15mrang_v7_vL,1780347000000000,-5.000000000000001,0,0.54,eth-updown-5m-1780346700
poly_sniper_v5_eth_5m_cloud_vwap_hurstmp_v7,1780347300000000,1.4130064935064934,1,0.77,eth-updown-5m-1780347000
poly_sniper_v5_eth_5m_v6c3_parent15mrang_v7_vL,1780347300000000,1.4130064935064934,1,0.77,eth-updown-5m-1780347000
poly_sniper_v5_eth_5m_cloud_ribbon_mp_hurst_v6_vL,1780347300000000,1.4130064935064934,1,0.77,eth-updown-5m-1780347000
poly_sniper_v5_eth_5m_ema50_hurst_parent15mrang_v7_vL,1780347300000000,1.4130064935064934,1,0.77,eth-updown-5m-1780347000
poly_sniper_v5_eth_5m_cloud_ribbon_mp_hurst_v6,1780347300000000,1.4130064935064934,1,0.77,eth-updown-5m-1780347000
poly_sniper_v5_eth_5m_v6c3_parent15mrang_v7,1780347300000000,1.4130064935064934,1,0.77,eth-updown-5m-1780347000
poly_sniper_v5_eth_5m_ema50_hurst_parent15mrang_v7,1780347300000000,1.4130064935064934,1,0.77,eth-updown-5m-1780347000
poly_sniper_v5_eth_5m_cloud_vwap_hurstmp_v7_vL,1780347300000000,1.4130064935064934,1,0.77,eth-updown-5m-1780347000
poly_sniper_v5_eth_5m_bb_mp_hurst_band_v6,1780347300000000,1.4130064935064934,1,0.77,eth-updown-5m-1780347000
poly_sniper_v5_eth_5m_bb_mp_hurst_band_v6_vL,1780347300000000,1.4130064935064934,1,0.77,eth-updown-5m-1780347000
poly_sniper_v5_eth_5m_cloud_vwap_hurstmp_v7_vL,1780347600000000,-5.0,0,0.52,eth-updown-5m-1780347300
poly_sniper_v5_eth_5m_ema50_hurst_parent15mrang_v7_vL,1780347600000000,4.825,1,0.5,eth-updown-5m-1780347300
poly_sniper_v5_eth_5m_ema50_hurst_parent15mrang_v7,1780348200000000,0.4630054945054944,1,0.91,eth-updown-5m-1780347900
poly_sniper_v5_eth_5m_ema50_hurst_parent15mrang_v7_vL,1780348200000000,0.4630054945054944,1,0.91,eth-updown-5m-1780347900
poly_sniper_v5_eth_5m_bb_mp_hurst_band_v6,1780348500000000,2.8070079365079366,1,0.63,eth-updown-5m-1780348200
poly_sniper_v5_eth_5m_ema50_hurst_parent15mrang_v7,1780348500000000,2.8070079365079366,1,0.63,eth-updown-5m-1780348200
poly_sniper_v5_eth_5m_bb_mp_hurst_band_v6_vL,1780348500000000,2.8070079365079366,1,0.63,eth-updown-5m-1780348200
poly_sniper_v5_eth_5m_cloud_vwap_hurstmp_v7_vL,1780348500000000,2.8070079365079366,1,0.63,eth-updown-5m-1780348200
poly_sniper_v5_eth_5m_l_ema50_hurst_grandparent_v8,1780348500000000,2.8070079365079366,1,0.63,eth-updown-5m-1780348200
poly_sniper_v5_eth_5m_ema50_hurst_parent15mrang_v7_vL,1780348500000000,2.8070079365079366,1,0.63,eth-updown-5m-1780348200
poly_sniper_v5_eth_5m_cloud_vwap_hurstmp_v7,1780348500000000,2.8070079365079366,1,0.63,eth-updown-5m-1780348200
poly_sniper_v5_eth_5m_v6c3_parent15mrang_v7_vL,1780348800000000,3.621429824561404,1,0.57,eth-updown-5m-1780348500
poly_sniper_v5_eth_5m_bb_mp_hurst_band_v6,1780348800000000,3.621429824561404,1,0.57,eth-updown-5m-1780348500
poly_sniper_v5_eth_5m_bb_mp_hurst_band_v6_vL,1780348800000000,3.621429824561404,1,0.57,eth-updown-5m-1780348500
poly_sniper_v5_eth_5m_cloud_ribbon_mp_hurst_v6_vL,1780348800000000,3.621429824561404,1,0.57,eth-updown-5m-1780348500
poly_sniper_v5_eth_5m_cloud_vwap_hurstmp_v7,1780348800000000,3.621429824561404,1,0.57,eth-updown-5m-1780348500
poly_sniper_v5_eth_5m_ema50_hurst_parent15mrang_v7,1780348800000000,3.621429824561404,1,0.57,eth-updown-5m-1780348500
poly_sniper_v5_eth_5m_cloud_ribbon_mp_hurst_v6,1780348800000000,3.621429824561404,1,0.57,eth-updown-5m-1780348500
poly_sniper_v5_eth_5m_cloud_vwap_hurstmp_v7_vL,1780348800000000,3.621429824561404,1,0.57,eth-updown-5m-1780348500
poly_sniper_v5_eth_5m_v6c3_parent15mrang_v7,1780348800000000,3.621429824561404,1,0.57,eth-updown-5m-1780348500
poly_sniper_v5_eth_5m_ema50_hurst_parent15mrang_v7_vL,1780348800000000,3.621429824561404,1,0.57,eth-updown-5m-1780348500
poly_sniper_v5_eth_5m_cloud_ribbon_mp_hurst_v6,1780349100000000,0.8963809523809526,1,0.84,eth-updown-5m-1780348800
poly_sniper_v5_eth_5m_cloud_ribbon_mp_hurst_v6_vL,1780349100000000,0.8963809523809526,1,0.84,eth-updown-5m-1780348800
poly_sniper_v5_eth_5m_l_ema50_hurst_grandparent_v8,1780349100000000,0.8963809523809526,1,0.84,eth-updown-5m-1780348800
poly_sniper_v5_eth_5m_ema200_vwap_regimerang_xa3_v7,1780349400000000,1.8464444444444446,1,0.72,eth-updown-5m-1780349100
poly_sniper_v5_eth_5m_l_ema50_hurst_grandparent_v8,1780349700000000,-4.999999999999999,0,0.61,eth-updown-5m-1780349400
poly_sniper_v5_eth_5m_bb_mp_hurst_band_v6_vL,1780349700000000,-4.999999999999999,0,0.61,eth-updown-5m-1780349400
poly_sniper_v5_eth_5m_bb_mp_hurst_band_v6,1780349700000000,-4.999999999999999,0,0.61,eth-updown-5m-1780349400
poly_sniper_v5_eth_5m_l_ema50_hurst_grandparent_v8,1780350000000000,-5.0,0,0.45,eth-updown-5m-1780349700
poly_sniper_v5_eth_5m_cloud_vwap_hurstmp_v7,1780350000000000,3.7745714285714276,1,0.56,eth-updown-5m-1780349700
poly_sniper_v5_eth_5m_cloud_vwap_hurstmp_v7_vL,1780350000000000,3.7745714285714276,1,0.56,eth-updown-5m-1780349700
poly_sniper_v5_eth_5m_bb_mp_hurst_band_v6_vL,1780350000000000,3.7745714285714276,1,0.56,eth-updown-5m-1780349700
poly_sniper_v5_eth_5m_bb_mp_hurst_band_v6,1780350000000000,3.7745714285714276,1,0.56,eth-updown-5m-1780349700
poly_sniper_v5_eth_5m_ema200_vwap_regimerang_xa3_v7,1780350000000000,1.5791666666666668,1,0.75,eth-updown-5m-1780349700
poly_sniper_v5_eth_5m_bb_mp_hurst_band_v6_vL,1780350300000000,-5.0,0,0.72,eth-updown-5m-1780350000
poly_sniper_v5_eth_5m_l_ema50_hurst_grandparent_v8,1780350300000000,-5.0,0,0.72,eth-updown-5m-1780350000
poly_sniper_v5_eth_5m_bb_mp_hurst_band_v6,1780350300000000,-5.0,0,0.72,eth-updown-5m-1780350000
poly_sniper_v5_eth_5m_cloud_vwap_hurstmp_v7_vL,1780350600000000,1.7548150684931507,1,0.73,eth-updown-5m-1780350300
poly_sniper_v5_eth_5m_bb_mp_hurst_band_v6_vL,1780350600000000,1.7548150684931507,1,0.73,eth-updown-5m-1780350300
poly_sniper_v5_eth_5m_bb_mp_hurst_band_v6,1780350600000000,1.7548150684931507,1,0.73,eth-updown-5m-1780350300
poly_sniper_v5_eth_5m_l_ema50_hurst_grandparent_v8,1780350600000000,1.7548150684931507,1,0.73,eth-updown-5m-1780350300
poly_sniper_v5_eth_5m_cloud_ribbon_mp_hurst_v6,1780350600000000,1.7548150684931507,1,0.73,eth-updown-5m-1780350300
poly_sniper_v5_eth_5m_cloud_vwap_hurstmp_v7,1780350600000000,1.7548150684931507,1,0.73,eth-updown-5m-1780350300
poly_sniper_v5_eth_5m_cloud_ribbon_mp_hurst_v6_vL,1780350600000000,1.7548150684931507,1,0.73,eth-updown-5m-1780350300
poly_sniper_v5_eth_5m_ema50_hurst_parent15mrang_v7_vL,1780350900000000,-5.0,0,0.5,eth-updown-5m-1780350600
poly_sniper_v5_eth_5m_l_ema50_hurst_grandparent_v8,1780350900000000,-5.0,0,0.5,eth-updown-5m-1780350600
poly_sniper_v5_eth_5m_ema50_hurst_parent15mrang_v7,1780350900000000,-5.0,0,0.5,eth-updown-5m-1780350600
poly_sniper_v5_eth_5m_ema200_vwap_regimerang_xa3_v7,1780350900000000,-5.0,0,0.55,eth-updown-5m-1780350600
poly_sniper_v5_eth_5m_ema50_hurst_parent15mrang_v7,1780351200000000,1.940753521126761,1,0.71,eth-updown-5m-1780350900
poly_sniper_v5_eth_5m_bb_mp_hurst_band_v6,1780351200000000,1.940753521126761,1,0.71,eth-updown-5m-1780350900
poly_sniper_v5_eth_5m_ema50_hurst_parent15mrang_v7_vL,1780351200000000,1.940753521126761,1,0.71,eth-updown-5m-1780350900
poly_sniper_v5_eth_5m_bb_mp_hurst_band_v6_vL,1780351200000000,1.940753521126761,1,0.71,eth-updown-5m-1780350900
poly_sniper_v5_eth_5m_ema50_hurst_parent15mrang_v7,1780351500000000,0.3518440860215051,1,0.93,eth-updown-5m-1780351200
poly_sniper_v5_eth_5m_v6c3_parent15mrang_v7,1780351500000000,0.3518440860215051,1,0.93,eth-updown-5m-1780351200
poly_sniper_v5_eth_5m_v6c3_parent15mrang_v7_vL,1780351500000000,0.3518440860215051,1,0.93,eth-updown-5m-1780351200
poly_sniper_v5_eth_5m_ema50_hurst_parent15mrang_v7_vL,1780351500000000,0.3518440860215051,1,0.93,eth-updown-5m-1780351200
poly_sniper_v5_eth_5m_cloud_ribbon_mp_hurst_v6_vL,1780351500000000,0.3518440860215051,1,0.93,eth-updown-5m-1780351200
poly_sniper_v5_eth_5m_cloud_ribbon_mp_hurst_v6,1780351500000000,0.3518440860215051,1,0.93,eth-updown-5m-1780351200
poly_sniper_v5_eth_5m_ema200_vwap_regimerang_xa3_v7,1780351800000000,3.621429824561404,1,0.57,eth-updown-5m-1780351500
poly_fast_taker_b2_nomerge_eth_5m,1780351800000000,1.4785964912280705,1,0.57,eth-updown-5m-1780351500
poly_fast_taker_b2_nomerge_eth_5m,1780352100000000,1.201290322580645,1,0.62,eth-updown-5m-1780351800
poly_sniper_v5_eth_5m_ema50_hurst_parent15mrang_v7_vL,1780352700000000,-5.0,0,0.47000000000000003,eth-updown-5m-1780352400
poly_sniper_v5_eth_5m_ema50_hurst_parent15mrang_v7,1780352700000000,-5.0,0,0.47000000000000003,eth-updown-5m-1780352400
poly_sniper_v5_eth_5m_l_ema50_hurst_grandparent_v8,1780353000000000,0.24565789473684235,1,0.95,eth-updown-5m-1780352700
poly_sniper_v5_eth_5m_ema50_hurst_parent15mrang_v7_vL,1780353000000000,0.24565789473684235,1,0.95,eth-updown-5m-1780352700
poly_sniper_v5_eth_5m_v6c3_parent15mrang_v7_vL,1780353000000000,0.24565789473684235,1,0.95,eth-updown-5m-1780352700
poly_sniper_v5_eth_5m_cloud_ribbon_mp_hurst_v6,1780353000000000,0.24565789473684235,1,0.95,eth-updown-5m-1780352700
poly_sniper_v5_eth_5m_up_a2_hlcascade25k_v9,1780353000000000,0.24565789473684235,1,0.95,eth-updown-5m-1780352700
poly_sniper_v5_eth_5m_ema50_hurst_parent15mrang_v7,1780353000000000,0.24565789473684235,1,0.95,eth-updown-5m-1780352700
poly_sniper_v5_eth_5m_v6c3_parent15mrang_v7,1780353000000000,0.24565789473684235,1,0.95,eth-updown-5m-1780352700
poly_sniper_v5_eth_5m_cloud_ribbon_mp_hurst_v6_vL,1780353000000000,0.24565789473684235,1,0.95,eth-updown-5m-1780352700
poly_fast_taker_b2_nomerge_eth_5m,1780353000000000,0.8503600000000007,1,0.6974195476736075,eth-updown-5m-1780352700
poly_sniper_v5_eth_5m_bb_mp_hurst_band_V10,1780353300000000,-5.0,0,0.53626757765949,eth-updown-5m-1780353000
poly_sniper_v5_eth_5m_ema50_hurst_parent15mrang_v7,1780353300000000,-5.0,0,0.53626757765949,eth-updown-5m-1780353000
poly_sniper_v5_eth_5m_l_ema50_hurst_grandparent_v8,1780353300000000,-5.0,0,0.53626757765949,eth-updown-5m-1780353000
poly_sniper_v5_eth_5m_bb_mp_hurst_band_v6,1780353300000000,-5.0,0,0.53626757765949,eth-updown-5m-1780353000
poly_sniper_v5_eth_5m_ema50_hurst_parent15mrang_v7_vL,1780353300000000,-5.0,0,0.53626757765949,eth-updown-5m-1780353000
poly_sniper_v5_eth_5m_bb_mp_hurst_band_v6_vL,1780353300000000,-5.0,0,0.53626757765949,eth-updown-5m-1780353000
poly_sniper_v5_eth_5m_bb_mp_hurst_band_v6,1780353600000000,-5.0,0,0.65,eth-updown-5m-1780353300
poly_sniper_v5_eth_5m_bb_mp_hurst_band_v6_vL,1780353600000000,-5.0,0,0.65,eth-updown-5m-1780353300
poly_sniper_v5_eth_5m_l_ema50_hurst_grandparent_v8,1780353600000000,-5.0,0,0.65,eth-updown-5m-1780353300
poly_sniper_v5_eth_5m_cloud_ribbon_mp_hurst_v6,1780353600000000,-5.0,0,0.65,eth-updown-5m-1780353300
poly_sniper_v5_eth_5m_cloud_vwap_hurstmp_v7_vL,1780353600000000,-5.0,0,0.65,eth-updown-5m-1780353300
poly_sniper_v5_eth_5m_ema200_vwap_regimerang_xa3_v7,1780353600000000,5.234666666666668,1,0.4799999999999999,eth-updown-5m-1780353300
poly_sniper_v5_eth_5m_cloud_ribbon_mp_hurst_v6_vL,1780353600000000,-5.0,0,0.65,eth-updown-5m-1780353300
poly_sniper_v5_eth_5m_cloud_vwap_hurstmp_v7,1780353600000000,-5.0,0,0.65,eth-updown-5m-1780353300
poly_sniper_v5_eth_5m_cloud_vwap_hurstmp_v7,1780354800000000,-5.0,0,0.5533596837944664,eth-updown-5m-1780354500
poly_sniper_v5_eth_5m_cloud_ribbon_mp_hurst_v6_vL,1780354800000000,-5.0,0,0.5533596837944664,eth-updown-5m-1780354500
poly_sniper_v5_eth_5m_bb_mp_hurst_band_v6,1780354800000000,-5.0,0,0.5533596837944664,eth-updown-5m-1780354500
poly_fast_taker_b2_nomerge_eth_5m,1780354800000000,1.362033898305085,1,0.59,eth-updown-5m-1780354500
poly_sniper_v5_eth_5m_cloud_ribbon_mp_hurst_v6,1780354800000000,-5.0,0,0.5533596837944664,eth-updown-5m-1780354500
poly_sniper_v5_eth_5m_cloud_vwap_hurstmp_v7_vL,1780354800000000,-5.0,0,0.5533596837944664,eth-updown-5m-1780354500
poly_sniper_v5_eth_5m_bb_mp_hurst_band_v6_vL,1780354800000000,-5.0,0,0.5533596837944664,eth-updown-5m-1780354500
poly_sniper_v5_eth_5m_cloud_mp_sms_active_off120,1780355100000000,3.473689655172415,1,0.58,eth-updown-5m-1780354800
poly_sniper_v5_eth_5m_tr200_mp_sms_active_off120,1780355100000000,3.473689655172415,1,0.58,eth-updown-5m-1780354800
poly_sniper_v5_eth_5m_v5repl_off120_v6,1780355100000000,3.473689655172415,1,0.58,eth-updown-5m-1780354800
poly_sniper_v5_eth_5m_bb_mp_hurst_band_v6_vL,1780355400000000,3.3310762711864412,1,0.59,eth-updown-5m-1780355100
poly_sniper_v5_eth_5m_bb_mp_hurst_band_v6,1780355400000000,3.3310762711864412,1,0.59,eth-updown-5m-1780355100
poly_sniper_v5_eth_5m_cloud_ribbon_mp_hurst_v6,1780356000000000,0.579477528089887,1,0.8900000000000001,eth-updown-5m-1780355700
poly_sniper_v5_eth_5m_l_ema50_hurst_grandparent_v8,1780356000000000,0.579477528089887,1,0.8900000000000001,eth-updown-5m-1780355700
poly_sniper_v5_eth_5m_cloud_ribbon_mp_hurst_v6_vL,1780356000000000,0.579477528089887,1,0.8900000000000001,eth-updown-5m-1780355700
poly_sniper_v5_eth_5m_cloud_vwap_hurstmp_v7,1780356300000000,1.6657567567567568,1,0.74,eth-updown-5m-1780356000
poly_sniper_v5_eth_5m_cloud_ribbon_mp_hurst_v6_vL,1780356300000000,1.6657567567567568,1,0.74,eth-updown-5m-1780356000
poly_sniper_v5_eth_5m_cloud_vwap_hurstmp_v7_vL,1780356300000000,1.6657567567567568,1,0.74,eth-updown-5m-1780356000
poly_sniper_v5_eth_5m_bb_mp_hurst_band_v6,1780356300000000,1.6657567567567568,1,0.74,eth-updown-5m-1780356000
poly_sniper_v5_eth_5m_bb_mp_hurst_band_v6_vL,1780356300000000,1.6657567567567568,1,0.74,eth-updown-5m-1780356000
poly_sniper_v5_eth_5m_cloud_ribbon_mp_hurst_v6,1780356300000000,1.6657567567567568,1,0.74,eth-updown-5m-1780356000
poly_sniper_v5_eth_5m_bb_mp_hurst_band_v6_vL,1780356600000000,2.456757575757575,1,0.66,eth-updown-5m-1780356300
poly_sniper_v5_eth_5m_bb_mp_hurst_band_v6,1780356600000000,2.456757575757575,1,0.66,eth-updown-5m-1780356300
poly_sniper_v5_eth_5m_cloud_ribbon_mp_hurst_v6,1780356600000000,2.456757575757575,1,0.66,eth-updown-5m-1780356300
poly_sniper_v5_eth_5m_cloud_ribbon_mp_hurst_v6_vL,1780356600000000,2.456757575757575,1,0.66,eth-updown-5m-1780356300
poly_sniper_v5_eth_5m_cloud_vwap_hurstmp_v7_vL,1780356600000000,2.456757575757575,1,0.66,eth-updown-5m-1780356300
poly_sniper_v5_eth_5m_cloud_vwap_hurstmp_v7,1780356600000000,2.456757575757575,1,0.66,eth-updown-5m-1780356300
poly_sniper_v5_eth_5m_cloud_ribbon_mp_hurst_v6,1780356900000000,2.456757575757575,1,0.66,eth-updown-5m-1780356600
poly_sniper_v5_eth_5m_bb_mp_hurst_band_v6_vL,1780356900000000,2.456757575757575,1,0.66,eth-updown-5m-1780356600
poly_sniper_v5_eth_5m_cloud_ribbon_mp_hurst_v6_vL,1780356900000000,2.456757575757575,1,0.66,eth-updown-5m-1780356600
poly_sniper_v5_eth_5m_cloud_vwap_hurstmp_v7_vL,1780356900000000,2.456757575757575,1,0.66,eth-updown-5m-1780356600
poly_sniper_v5_eth_5m_l_ema50_hurst_grandparent_v8,1780356900000000,2.456757575757575,1,0.66,eth-updown-5m-1780356600
poly_sniper_v5_eth_5m_cloud_vwap_hurstmp_v7,1780356900000000,2.456757575757575,1,0.66,eth-updown-5m-1780356600
poly_sniper_v5_eth_5m_bb_mp_hurst_band_v6,1780356900000000,2.456757575757575,1,0.66,eth-updown-5m-1780356600
poly_sniper_v5_eth_5m_ema200_vwap_regimerang_xa3_v7,1780356900000000,-5.0,0,0.36495630388037326,eth-updown-5m-1780356600
poly_sniper_v5_eth_5m_bb_mp_hurst_band_v6_vL,1780357500000000,-5.0,0,0.63,eth-updown-5m-1780357200
poly_sniper_v5_eth_5m_cloud_mp_sms_active_off120,1780357500000000,4.447384615384615,1,0.52,eth-updown-5m-1780357200
poly_sniper_v5_eth_5m_v5repl_off120_v6,1780357500000000,4.447384615384615,1,0.52,eth-updown-5m-1780357200
poly_sniper_v5_eth_5m_bb_mp_hurst_band_v6,1780357500000000,-5.0,0,0.63,eth-updown-5m-1780357200
poly_sniper_v5_eth_5m_cloud_vwap_hurstmp_v7_vL,1780357500000000,-5.0,0,0.63,eth-updown-5m-1780357200
poly_sniper_v5_eth_5m_cloud_ribbon_mp_hurst_v6,1780357500000000,-5.0,0,0.63,eth-updown-5m-1780357200
poly_sniper_v5_eth_5m_cloud_vwap_hurstmp_v7,1780357500000000,-5.0,0,0.63,eth-updown-5m-1780357200
poly_sniper_v5_eth_5m_cloud_ribbon_mp_hurst_v6_vL,1780357500000000,-5.0,0,0.63,eth-updown-5m-1780357200
poly_sniper_v5_eth_5m_l_ema50_hurst_grandparent_v8,1780357500000000,-5.0,0,0.63,eth-updown-5m-1780357200
poly_sniper_v5_eth_5m_tr200_mp_sms_active_off120,1780357500000000,4.447384615384615,1,0.52,eth-updown-5m-1780357200
poly_sniper_v5_eth_5m_cloud_ribbon_mp_hurst_v6,1780357800000000,-5.0,0,0.59,eth-updown-5m-1780357500
poly_sniper_v5_eth_5m_cloud_vwap_hurstmp_v7_vL,1780357800000000,-5.0,0,0.59,eth-updown-5m-1780357500
poly_sniper_v5_eth_5m_bb_mp_hurst_band_v6_vL,1780357800000000,-5.0,0,0.59,eth-updown-5m-1780357500
poly_sniper_v5_eth_5m_bb_mp_hurst_band_v6,1780357800000000,-5.0,0,0.59,eth-updown-5m-1780357500
poly_fast_taker_b2_nomerge_eth_5m,1780357800000000,0.45975308641975293,1,0.81,eth-updown-5m-1780357500
poly_sniper_v5_eth_5m_cloud_vwap_hurstmp_v7,1780357800000000,-5.0,0,0.59,eth-updown-5m-1780357500
poly_sniper_v5_eth_5m_cloud_ribbon_mp_hurst_v6_vL,1780357800000000,-5.0,0,0.59,eth-updown-5m-1780357500
poly_sniper_v5_eth_5m_ema50_hurst_parent15mrang_v7_vL,1780358100000000,-5.0,0,0.63,eth-updown-5m-1780357800
poly_sniper_v5_eth_5m_cloud_vwap_hurstmp_v7_vL,1780358100000000,-5.0,0,0.63,eth-updown-5m-1780357800
poly_sniper_v5_eth_5m_bb_mp_hurst_band_v6_vL,1780358100000000,-5.0,0,0.63,eth-updown-5m-1780357800
poly_sniper_v5_eth_5m_bb_mp_hurst_band_v6,1780358400000000,-5.0,0,0.6296977450823604,eth-updown-5m-1780358100
poly_sniper_v5_eth_5m_bb_mp_hurst_band_v6_vL,1780358400000000,-5.0,0,0.6296977450823604,eth-updown-5m-1780358100
poly_sniper_v5_eth_5m_cloud_ribbon_mp_hurst_v6_vL,1780358400000000,-5.0,0,0.6296977450823604,eth-updown-5m-1780358100
poly_sniper_v5_eth_5m_cloud_vwap_hurstmp_v7,1780358400000000,-5.0,0,0.6296977450823604,eth-updown-5m-1780358100
poly_sniper_v5_eth_5m_v6c3_parent15mrang_v7,1780358400000000,-5.0,0,0.6296977450823604,eth-updown-5m-1780358100
poly_sniper_v5_eth_5m_ema50_hurst_parent15mrang_v7_vL,1780358400000000,-5.0,0,0.6296977450823604,eth-updown-5m-1780358100
poly_sniper_v5_eth_5m_ema50_hurst_parent15mrang_v7,1780358400000000,-5.0,0,0.6296977450823604,eth-updown-5m-1780358100
poly_sniper_v5_eth_5m_v6c3_parent15mrang_v7_vL,1780358400000000,-5.0,0,0.6296977450823604,eth-updown-5m-1780358100
poly_sniper_v5_eth_5m_ema200_vwap_regimerang_xa3_v7,1780358400000000,-5.0,0,0.66,eth-updown-5m-1780358100
poly_sniper_v5_eth_5m_cloud_vwap_hurstmp_v7_vL,1780358400000000,-5.0,0,0.6296977450823604,eth-updown-5m-1780358100
poly_sniper_v5_eth_5m_cloud_ribbon_mp_hurst_v6,1780358400000000,-5.0,0,0.6296977450823604,eth-updown-5m-1780358100
poly_sniper_v5_eth_5m_cloud_vwap_hurstmp_v7_vL,1780358700000000,1.33325641025641,1,0.78,eth-updown-5m-1780358400
poly_sniper_v5_eth_5m_v6c3_parent15mrang_v7,1780358700000000,1.33325641025641,1,0.78,eth-updown-5m-1780358400
poly_sniper_v5_eth_5m_cloud_vwap_hurstmp_v7,1780358700000000,1.33325641025641,1,0.78,eth-updown-5m-1780358400
poly_sniper_v5_eth_5m_v6c3_parent15mrang_v7_vL,1780358700000000,1.33325641025641,1,0.78,eth-updown-5m-1780358400
poly_sniper_v5_eth_5m_ema50_hurst_parent15mrang_v7,1780358700000000,1.33325641025641,1,0.78,eth-updown-5m-1780358400
poly_sniper_v5_eth_5m_cloud_ribbon_mp_hurst_v6,1780358700000000,1.33325641025641,1,0.78,eth-updown-5m-1780358400
poly_sniper_v5_eth_5m_bb_mp_hurst_band_v6_vL,1780358700000000,1.33325641025641,1,0.78,eth-updown-5m-1780358400
poly_sniper_v5_eth_5m_ema50_hurst_parent15mrang_v7_vL,1780358700000000,1.33325641025641,1,0.78,eth-updown-5m-1780358400
poly_sniper_v5_eth_5m_cloud_ribbon_mp_hurst_v6_vL,1780358700000000,1.33325641025641,1,0.78,eth-updown-5m-1780358400
poly_sniper_v5_eth_5m_bb_mp_hurst_band_v6,1780358700000000,1.33325641025641,1,0.78,eth-updown-5m-1780358400
poly_sniper_v5_eth_5m_cloud_vwap_hurstmp_v7_vL,1780359000000000,-5.0,0,0.59,eth-updown-5m-1780358700
poly_sniper_v5_eth_5m_bb_mp_hurst_band_v6_vL,1780359000000000,-5.0,0,0.59,eth-updown-5m-1780358700
poly_sniper_v5_eth_5m_bb_mp_hurst_band_v6,1780359300000000,-5.0,0,0.51,eth-updown-5m-1780359000
poly_sniper_v5_eth_5m_bb_mp_hurst_band_V10,1780359300000000,-5.0,0,0.51,eth-updown-5m-1780359000
poly_sniper_v5_eth_5m_bb_mp_hurst_band_v6_vL,1780359300000000,-5.0,0,0.51,eth-updown-5m-1780359000
poly_sniper_v5_eth_5m_cloud_vwap_hurstmp_v7,1780359600000000,4.472667389856722,1,0.5186101248653608,eth-updown-5m-1780359300
poly_sniper_v5_eth_5m_cloud_ribbon_mp_hurst_v6_vL,1780359600000000,4.472667389856722,1,0.5186101248653608,eth-updown-5m-1780359300
poly_sniper_v5_eth_5m_bb_mp_hurst_band_v6,1780359600000000,4.472667389856722,1,0.5186101248653608,eth-updown-5m-1780359300
poly_sniper_v5_eth_5m_cloud_vwap_hurstmp_v7_vL,1780359600000000,4.472667389856722,1,0.5186101248653608,eth-updown-5m-1780359300
poly_sniper_v5_eth_5m_bb_mp_hurst_band_V10,1780359600000000,4.472667389856722,1,0.5186101248653608,eth-updown-5m-1780359300
poly_sniper_v5_eth_5m_bb_mp_hurst_band_v6_vL,1780359600000000,4.472667389856722,1,0.5186101248653608,eth-updown-5m-1780359300
poly_sniper_v5_eth_5m_cloud_ribbon_mp_hurst_v6,1780359600000000,4.472667389856722,1,0.5186101248653608,eth-updown-5m-1780359300
poly_sniper_v5_eth_5m_bb_mp_hurst_band_v6,1780359900000000,1.8464444444444446,1,0.72,eth-updown-5m-1780359600
poly_sniper_v5_eth_5m_ema50_hurst_parent15mrang_v7_vL,1780359900000000,1.8464444444444446,1,0.72,eth-updown-5m-1780359600
poly_sniper_v5_eth_5m_bb_mp_hurst_band_v6_vL,1780359900000000,1.8464444444444446,1,0.72,eth-updown-5m-1780359600
poly_sniper_v5_eth_5m_ema50_hurst_parent15mrang_v7,1780359900000000,1.8464444444444446,1,0.72,eth-updown-5m-1780359600
poly_fast_taker_b2_nomerge_eth_5m,1780359900000000,1.1025,1,0.64,eth-updown-5m-1780359600
poly_sniper_v5_eth_5m_bb_mp_hurst_band_v6,1780360200000000,-5.0,0,0.7,eth-updown-5m-1780359900
poly_sniper_v5_eth_5m_ema50_hurst_parent15mrang_v7_vL,1780360200000000,-5.0,0,0.7,eth-updown-5m-1780359900
poly_sniper_v5_eth_5m_ema50_hurst_parent15mrang_v7,1780360200000000,-5.0,0,0.7,eth-updown-5m-1780359900
poly_sniper_v5_eth_5m_bb_mp_hurst_band_v6_vL,1780360200000000,-5.0,0,0.7,eth-updown-5m-1780359900
poly_fast_taker_lagv2_eth_5m,1780360500000000,-19.927536231884055,0,0.69,eth-updown-5m-1780360200
poly_sniper_v5_eth_5m_tr200_mp_sms_active_off120,1780360500000000,2.0378571428571433,1,0.7,eth-updown-5m-1780360200
poly_fast_taker_b2_nomerge_eth_5m,1780360500000000,0.8805797101449279,1,0.69,eth-updown-5m-1780360200
poly_sniper_v5_eth_5m_v5repl_off120_v6,1780360500000000,2.0378571428571433,1,0.7,eth-updown-5m-1780360200
poly_sniper_v5_eth_5m_ema200_vwap_regimerang_xa3_v7,1780361400000000,-5.0,0,0.55,eth-updown-5m-1780361100
poly_sniper_v5_eth_5m_ema200_vwap_regimerang_xa3_v7,1780361700000000,2.1378768115942033,1,0.69,eth-updown-5m-1780361400
poly_fast_taker_lagv2_eth_5m,1780362600000000,-24.0625,0,0.8,eth-updown-5m-1780362300
poly_fast_taker_b2_nomerge_eth_5m,1780362600000000,-2.0,0,0.6,eth-updown-5m-1780362300
poly_fast_taker_lagv2_eth_5m,1780362900000000,9.232222222222223,1,0.72,eth-updown-5m-1780362600
poly_fast_taker_b2_nomerge_eth_5m,1780362900000000,0.965373134328358,1,0.67,eth-updown-5m-1780362600
poly_fast_taker_lagv2_eth_5m,1780363200000000,13.432500000000001,1,0.64,eth-updown-5m-1780362900
poly_fast_taker_b2_nomerge_eth_5m,1780364100000000,-2.0,0,0.6332871561448644,eth-updown-5m-1780363800
poly_fast_taker_lagv2_eth_5m,1780364400000000,-13.644971428571427,0,0.7,eth-updown-5m-1780364100
poly_sniper_v5_eth_5m_ema50_hurst_parent15mrang_v7,1780364700000000,4.324959675906824,1,0.5268389662027833,eth-updown-5m-1780364400
poly_sniper_v5_eth_5m_ema50_hurst_parent15mrang_v7_vL,1780364700000000,4.324959675906824,1,0.5268389662027833,eth-updown-5m-1780364400
poly_sniper_v5_eth_5m_bb_mp_hurst_band_v6,1780364700000000,4.324959675906824,1,0.5268389662027833,eth-updown-5m-1780364400
poly_sniper_v5_eth_5m_bb_mp_hurst_band_V10,1780364700000000,4.324959675906824,1,0.5268389662027833,eth-updown-5m-1780364400
poly_sniper_v5_eth_5m_cloud_vwap_hurstmp_v7,1780364700000000,4.324959675906824,1,0.5268389662027833,eth-updown-5m-1780364400
poly_sniper_v5_eth_5m_cloud_vwap_hurstmp_v7_vL,1780364700000000,4.324959675906824,1,0.5268389662027833,eth-updown-5m-1780364400
poly_sniper_v5_eth_5m_bb_mp_hurst_band_v6_vL,1780364700000000,4.324959675906824,1,0.5268389662027833,eth-updown-5m-1780364400
poly_sniper_v5_eth_5m_l_ema50_hurst_grandparent_v8,1780364700000000,4.324959675906824,1,0.5268389662027833,eth-updown-5m-1780364400
poly_fast_taker_lagv2_eth_5m,1780364700000000,19.667045454545455,1,0.55,eth-updown-5m-1780364400
poly_sniper_v5_eth_5m_cloud_vwap_hurstmp_v7_vL,1780365000000000,2.6865,1,0.64,eth-updown-5m-1780364700
poly_sniper_v5_eth_5m_ema50_hurst_parent15mrang_v7_vL,1780365000000000,2.6865,1,0.64,eth-updown-5m-1780364700
poly_sniper_v5_eth_5m_ema50_hurst_parent15mrang_v7,1780365000000000,2.6865,1,0.64,eth-updown-5m-1780364700
poly_sniper_v5_eth_5m_v6c3_parent15mrang_v7,1780365000000000,2.6865,1,0.64,eth-updown-5m-1780364700
poly_sniper_v5_eth_5m_cloud_ribbon_mp_hurst_v6,1780365000000000,2.6865,1,0.64,eth-updown-5m-1780364700
poly_sniper_v5_eth_5m_cloud_ribbon_mp_hurst_v6_vL,1780365000000000,2.6865,1,0.64,eth-updown-5m-1780364700
poly_sniper_v5_eth_5m_v6c3_parent15mrang_v7_vL,1780365000000000,2.6865,1,0.64,eth-updown-5m-1780364700
poly_sniper_v5_eth_5m_bb_mp_hurst_band_v6_vL,1780365000000000,2.6865,1,0.64,eth-updown-5m-1780364700
poly_sniper_v5_eth_5m_cloud_vwap_hurstmp_v7,1780365000000000,2.6865,1,0.64,eth-updown-5m-1780364700
poly_sniper_v5_eth_5m_cloud_ribbon_mp_hurst_V10,1780365000000000,2.6865,1,0.64,eth-updown-5m-1780364700
poly_sniper_v5_eth_5m_bb_mp_hurst_band_v6,1780365000000000,2.6865,1,0.64,eth-updown-5m-1780364700
poly_fast_taker_lagv2_eth_5m,1780365300000000,-12.889998630136985,0,0.73,eth-updown-5m-1780365000
poly_fast_taker_lagv2_eth_5m,1780365600000000,-14.423076923076923,0,0.78,eth-updown-5m-1780365300
poly_fast_taker_lagv2_eth_5m,1780365900000000,-10.173315384615385,0,0.65,eth-updown-5m-1780365600
poly_fast_taker_b2_nomerge_eth_5m,1780365600000000,-2.0,0,0.75,eth-updown-5m-1780365300
poly_sniper_v5_eth_5m_cloud_ribbon_mp_hurst_V10,1780366200000000,0.9760647379938915,1,0.8283433133732535,eth-updown-5m-1780365900
poly_sniper_v5_eth_5m_l_ema50_hurst_grandparent_v8,1780366200000000,0.9760647379938915,1,0.8283433133732535,eth-updown-5m-1780365900
poly_sniper_v5_eth_5m_cloud_ribbon_mp_hurst_v6,1780366200000000,0.9760647379938915,1,0.8283433133732535,eth-updown-5m-1780365900
poly_sniper_v5_eth_5m_cloud_ribbon_mp_hurst_v6_vL,1780366200000000,0.9760647379938915,1,0.8283433133732535,eth-updown-5m-1780365900
poly_fast_taker_b2_nomerge_eth_5m,1780366200000000,1.0553846153846151,1,0.65,eth-updown-5m-1780365900
poly_sniper_v5_eth_5m_l_ema50_hurst_grandparent_v8,1780366500000000,-5.0,0,0.4799999999999999,eth-updown-5m-1780366200
poly_sniper_v5_eth_5m_bb_mp_hurst_band_v6_vL,1780366800000000,1.8464444444444446,1,0.72,eth-updown-5m-1780366500
poly_sniper_v5_eth_5m_cloud_ribbon_mp_hurst_v6,1780366800000000,1.8464444444444446,1,0.72,eth-updown-5m-1780366500
poly_sniper_v5_eth_5m_cloud_vwap_hurstmp_v7,1780366800000000,1.8464444444444446,1,0.72,eth-updown-5m-1780366500
poly_sniper_v5_eth_5m_bb_mp_hurst_band_v6,1780366800000000,1.8464444444444446,1,0.72,eth-updown-5m-1780366500
poly_sniper_v5_eth_5m_cloud_vwap_hurstmp_v7_vL,1780366800000000,1.8464444444444446,1,0.72,eth-updown-5m-1780366500
poly_sniper_v5_eth_5m_cloud_ribbon_mp_hurst_V10,1780366800000000,1.8464444444444446,1,0.72,eth-updown-5m-1780366500
poly_sniper_v5_eth_5m_cloud_ribbon_mp_hurst_v6_vL,1780366800000000,1.8464444444444446,1,0.72,eth-updown-5m-1780366500
poly_fast_taker_lagv2_eth_5m,1780366800000000,15.908074319523568,1,0.6008668242710796,eth-updown-5m-1780366500
poly_fast_taker_b2_nomerge_eth_5m,1780366800000000,1.4785964912280705,1,0.57,eth-updown-5m-1780366500
poly_sniper_v5_eth_5m_l_ema50_hurst_grandparent_v8,1780366800000000,1.8464444444444446,1,0.72,eth-updown-5m-1780366500
poly_sniper_v5_eth_5m_cloud_ribbon_mp_hurst_v6,1780367100000000,0.6398181818181817,1,0.88,eth-updown-5m-1780366800
poly_fast_taker_lagv2_eth_5m,1780367100000000,6.638999530657849,1,0.780694126017867,eth-updown-5m-1780366800
poly_sniper_v5_eth_5m_cloud_ribbon_mp_hurst_v6_vL,1780367100000000,0.6398181818181817,1,0.88,eth-updown-5m-1780366800
poly_sniper_v5_eth_5m_a2_hlcascade50k_v9,1780367400000000,-5.0,0,0.32,eth-updown-5m-1780367100
poly_sniper_v5_eth_5m_up_a2_hlcascade25k_v9,1780367400000000,2.1378768115942033,1,0.69,eth-updown-5m-1780367100
poly_fast_taker_b2_nomerge_eth_5m,1780367400000000,2.1233333333333335,1,0.48,eth-updown-5m-1780367100
poly_sniper_v5_eth_5m_a2_hlcascade50k_v9,1780367400000000,2.1378768115942033,1,0.69,eth-updown-5m-1780367100
poly_fast_taker_lagv2_eth_5m,1780367700000000,-21.043764406779662,0,0.5800235941801022,eth-updown-5m-1780367400
poly_fast_taker_b2_nomerge_eth_5m,1780367700000000,-2.0,0,0.6,eth-updown-5m-1780367400
poly_sniper_v5_eth_5m_cloud_ribbon_mp_hurst_v6_vL,1780368300000000,1.4949473684210524,1,0.76,eth-updown-5m-1780368000
poly_sniper_v5_eth_5m_cloud_vwap_hurstmp_v7_vL,1780368300000000,1.4949473684210524,1,0.76,eth-updown-5m-1780368000
poly_sniper_v5_eth_5m_bb_mp_hurst_band_v6_vL,1780368300000000,1.4949473684210524,1,0.76,eth-updown-5m-1780368000
poly_sniper_v5_eth_5m_cloud_ribbon_mp_hurst_v6,1780368600000000,1.2005401020489512,1,0.7972574344255761,eth-updown-5m-1780368300
poly_fast_taker_lagv2_eth_5m,1780368600000000,12.849038461538461,1,0.65,eth-updown-5m-1780368300
poly_sniper_v5_eth_5m_cloud_ribbon_mp_hurst_v6_vL,1780368600000000,1.2005401020489512,1,0.7972574344255761,eth-updown-5m-1780368300
poly_fast_taker_b2_nomerge_eth_5m,1780368600000000,-2.0,0,0.62,eth-updown-5m-1780368300
poly_sniper_v5_eth_5m_cloud_ribbon_mp_hurst_v6_vL,1780368900000000,0.8298529411764708,1,0.85,eth-updown-5m-1780368600
poly_sniper_v5_eth_5m_bb_mp_hurst_band_v6_vL,1780369200000000,-5.0,0,0.55,eth-updown-5m-1780368900
poly_sniper_v5_eth_5m_bb_mp_hurst_band_v6,1780369200000000,-5.0,0,0.55,eth-updown-5m-1780368900
poly_fast_taker_lagv2_eth_5m,1780369500000000,-9.28042222222222,0,0.72,eth-updown-5m-1780369200
poly_sniper_v5_eth_5m_a2_hlcascade50k_v9,1780369500000000,-5.0,0,0.67,eth-updown-5m-1780369200
poly_sniper_v5_eth_5m_a2_hlcascade50k_v9,1780369500000000,9.474882352941174,1,0.34,eth-updown-5m-1780369200
poly_sniper_v5_eth_5m_up_a2_hlcascade25k_v9,1780369500000000,9.474882352941174,1,0.34,eth-updown-5m-1780369200
poly_sniper_v5_eth_5m_up_a2_hlcascade25k_v9,1780369800000000,1.7686632045307589,1,0.7284702125536374,eth-updown-5m-1780369500
poly_fast_taker_lagv2_eth_5m,1780369800000000,13.432500000000001,1,0.64,eth-updown-5m-1780369500
poly_sniper_v5_eth_5m_a2_hlcascade50k_v9,1780369800000000,-5.0,0,0.29,eth-updown-5m-1780369500
poly_fast_taker_b2_nomerge_eth_5m,1780369800000000,1.6036363636363635,1,0.55,eth-updown-5m-1780369500
poly_sniper_v5_eth_5m_a2_hlcascade50k_v9,1780369800000000,1.7686632045307589,1,0.7284702125536374,eth-updown-5m-1780369500
poly_sniper_v5_eth_5m_l_ema50_hurst_grandparent_v8,1780370100000000,4.825,1,0.5,eth-updown-5m-1780369800
poly_sniper_v5_eth_5m_bb_mp_hurst_band_v6_vL,1780370400000000,-5.0,0,0.7509881422924901,eth-updown-5m-1780370100
poly_sniper_v5_eth_5m_cloud_vwap_hurstmp_v7_vL,1780370400000000,-5.0,0,0.7509881422924901,eth-updown-5m-1780370100
poly_sniper_v5_eth_5m_cloud_ribbon_mp_hurst_v6_vL,1780370400000000,-5.0,0,0.7509881422924901,eth-updown-5m-1780370100
poly_sniper_v5_eth_5m_cloud_ribbon_mp_hurst_v6,1780370400000000,-5.0,0,0.7509881422924901,eth-updown-5m-1780370100
poly_sniper_v5_eth_5m_cloud_vwap_hurstmp_v7,1780370400000000,-5.0,0,0.7509881422924901,eth-updown-5m-1780370100
poly_sniper_v5_eth_5m_bb_mp_hurst_band_v6,1780370400000000,-5.0,0,0.7509881422924901,eth-updown-5m-1780370100
poly_sniper_v5_eth_5m_cloud_ribbon_mp_hurst_V10,1780370400000000,-5.0,0,0.7509881422924901,eth-updown-5m-1780370100
poly_fast_taker_lagv2_eth_5m,1780370400000000,-25.0,0,0.7,eth-updown-5m-1780370100
poly_fast_taker_lagv2_eth_5m,1780370700000000,-23.20916315789474,0,0.7519987334758174,eth-updown-5m-1780370400
poly_sniper_v5_eth_5m_cloud_ribbon_mp_hurst_v6_vL,1780370700000000,-5.0,0,0.79,eth-updown-5m-1780370400
poly_sniper_v5_eth_5m_cloud_vwap_hurstmp_v7,1780370700000000,-5.0,0,0.79,eth-updown-5m-1780370400
poly_sniper_v5_eth_5m_bb_mp_hurst_band_v6_vL,1780370700000000,-5.0,0,0.79,eth-updown-5m-1780370400
poly_sniper_v5_eth_5m_cloud_vwap_hurstmp_v7_vL,1780370700000000,-5.0,0,0.79,eth-updown-5m-1780370400
poly_sniper_v5_eth_5m_cloud_ribbon_mp_hurst_v6,1780370700000000,-5.0,0,0.79,eth-updown-5m-1780370400
poly_sniper_v5_eth_5m_l_ema50_hurst_grandparent_v8,1780370700000000,-5.0,0,0.79,eth-updown-5m-1780370400
poly_sniper_v5_eth_5m_cloud_ribbon_mp_hurst_V10,1780370700000000,-5.0,0,0.79,eth-updown-5m-1780370400
poly_sniper_v5_eth_5m_bb_mp_hurst_band_v6,1780370700000000,-5.0,0,0.79,eth-updown-5m-1780370400
poly_sniper_v5_eth_5m_cloud_ribbon_mp_hurst_v6_vL,1780371000000000,2.3471865671641785,1,0.67,eth-updown-5m-1780370700
poly_sniper_v5_eth_5m_cloud_vwap_hurstmp_v7,1780371000000000,2.3471865671641785,1,0.67,eth-updown-5m-1780370700
poly_sniper_v5_eth_5m_bb_mp_hurst_band_v6,1780371000000000,2.3471865671641785,1,0.67,eth-updown-5m-1780370700
poly_sniper_v5_eth_5m_cloud_vwap_hurstmp_v7_vL,1780371000000000,2.3471865671641785,1,0.67,eth-updown-5m-1780370700
poly_sniper_v5_eth_5m_cloud_ribbon_mp_hurst_v6,1780371000000000,2.3471865671641785,1,0.67,eth-updown-5m-1780370700
poly_sniper_v5_eth_5m_bb_mp_hurst_band_v6_vL,1780371000000000,2.3471865671641785,1,0.67,eth-updown-5m-1780370700
poly_sniper_v5_eth_5m_cloud_ribbon_mp_hurst_V10,1780371000000000,2.3471865671641785,1,0.67,eth-updown-5m-1780370700
poly_sniper_v5_eth_5m_cloud_ribbon_mp_hurst_v6,1780371300000000,-5.0,0,0.79,eth-updown-5m-1780371000
poly_sniper_v5_eth_5m_cloud_vwap_hurstmp_v7_vL,1780371300000000,-5.0,0,0.79,eth-updown-5m-1780371000
poly_sniper_v5_eth_5m_cloud_vwap_hurstmp_v7,1780371300000000,-5.0,0,0.79,eth-updown-5m-1780371000
poly_sniper_v5_eth_5m_l_ema50_hurst_grandparent_v8,1780371300000000,-5.0,0,0.79,eth-updown-5m-1780371000
poly_sniper_v5_eth_5m_bb_mp_hurst_band_v6,1780371300000000,-5.0,0,0.79,eth-updown-5m-1780371000
poly_sniper_v5_eth_5m_cloud_ribbon_mp_hurst_v6_vL,1780371300000000,-5.0,0,0.79,eth-updown-5m-1780371000
poly_sniper_v5_eth_5m_bb_mp_hurst_band_v6_vL,1780371300000000,-5.0,0,0.79,eth-updown-5m-1780371000
poly_sniper_v5_eth_5m_ema50_hurst_parent15mrang_v7,1780371600000000,-5.0,0,0.39,eth-updown-5m-1780371300
poly_sniper_v5_eth_5m_ema50_hurst_parent15mrang_v7_vL,1780371600000000,-5.0,0,0.39,eth-updown-5m-1780371300
poly_sniper_v5_eth_5m_l_ema50_hurst_grandparent_v8,1780371600000000,-5.0,0,0.39,eth-updown-5m-1780371300
poly_sniper_v5_eth_5m_ema50_hurst_parent15mrang_v7_vL,1780371900000000,0.8963809523809526,1,0.84,eth-updown-5m-1780371600
poly_sniper_v5_eth_5m_cloud_ribbon_mp_hurst_v6,1780371900000000,0.8963809523809526,1,0.84,eth-updown-5m-1780371600
poly_sniper_v5_eth_5m_v6c3_parent15mrang_v7_vL,1780371900000000,0.8963809523809526,1,0.84,eth-updown-5m-1780371600
poly_sniper_v5_eth_5m_v6c3_parent15mrang_v7,1780371900000000,0.8963809523809526,1,0.84,eth-updown-5m-1780371600
poly_sniper_v5_eth_5m_ema50_hurst_parent15mrang_v7,1780371900000000,0.8963809523809526,1,0.84,eth-updown-5m-1780371600
poly_sniper_v5_eth_5m_cloud_ribbon_mp_hurst_v6_vL,1780371900000000,0.8963809523809526,1,0.84,eth-updown-5m-1780371600
poly_sniper_v5_eth_5m_cloud_ribbon_mp_hurst_V10,1780371900000000,0.8963809523809526,1,0.84,eth-updown-5m-1780371600
poly_sniper_v5_eth_5m_ema50_hurst_parent15mrang_v7_vL,1780372200000000,-5.0,0,0.4799999999999999,eth-updown-5m-1780371900
poly_sniper_v5_eth_5m_a2_hlcascade50k_v9,1780372200000000,4.269462264150942,1,0.53,eth-updown-5m-1780371900
poly_sniper_v5_eth_5m_ema50_hurst_parent15mrang_v7,1780372200000000,-5.0,0,0.4799999999999999,eth-updown-5m-1780371900
poly_sniper_v5_eth_5m_up_a2_hlcascade25k_v9,1780372200000000,-5.0,0,0.4799999999999999,eth-updown-5m-1780371900
poly_sniper_v5_eth_5m_a2_hlcascade50k_v9,1780372200000000,-5.0,0,0.4799999999999999,eth-updown-5m-1780371900
poly_sniper_v5_eth_5m_cloud_vwap_hurstmp_v7_vL,1780372200000000,4.269462264150942,1,0.53,eth-updown-5m-1780371900
poly_sniper_v5_eth_5m_cloud_vwap_hurstmp_v7,1780372200000000,4.269462264150942,1,0.53,eth-updown-5m-1780371900
poly_sniper_v5_eth_5m_ema200_vwap_regimerang_xa3_v7,1780372200000000,1.2556139240506328,1,0.79,eth-updown-5m-1780371900
poly_fast_taker_lagv2_eth_5m,1780372500000000,10.523800110352388,1,0.6932781314689684,eth-updown-5m-1780372200
poly_sniper_v5_eth_5m_bb_mp_hurst_band_v6_vL,1780372800000000,1.6657567567567568,1,0.74,eth-updown-5m-1780372500
poly_sniper_v5_eth_5m_cloud_vwap_hurstmp_v7,1780372800000000,1.6657567567567568,1,0.74,eth-updown-5m-1780372500
poly_sniper_v5_eth_5m_bb_mp_hurst_band_v6,1780372800000000,1.6657567567567568,1,0.74,eth-updown-5m-1780372500
poly_sniper_v5_eth_5m_cloud_vwap_hurstmp_v7_vL,1780372800000000,1.6657567567567568,1,0.74,eth-updown-5m-1780372500
poly_fast_taker_lagv2_eth_5m,1780372800000000,9.703767605633805,1,0.71,eth-updown-5m-1780372500
poly_sniper_v5_eth_5m_l_ema50_hurst_grandparent_v8,1780372800000000,1.6657567567567568,1,0.74,eth-updown-5m-1780372500
poly_sniper_v5_eth_5m_cloud_ribbon_mp_hurst_v6,1780373400000000,-5.0,0,0.71,eth-updown-5m-1780373100
poly_sniper_v5_eth_5m_lq_ema50_hurst_grandparent_prev15m_v8_vL,1780373400000000,-5.0,0,0.71,eth-updown-5m-1780373100
poly_sniper_v5_eth_5m_bb_mp_hurst_band_v6_vL,1780373400000000,-5.0,0,0.71,eth-updown-5m-1780373100
poly_sniper_v5_eth_5m_lq_ema50_hurst_grandparent_prev15m_v8,1780373400000000,-5.0,0,0.71,eth-updown-5m-1780373100
poly_sniper_v5_eth_5m_v6c3_parent15mrang_v7,1780373400000000,-5.0,0,0.71,eth-updown-5m-1780373100
poly_sniper_v5_eth_5m_cloud_vwap_hurstmp_v7,1780373400000000,-5.0,0,0.71,eth-updown-5m-1780373100
poly_sniper_v5_eth_5m_v6c3_parent15mrang_v7_vL,1780373400000000,-5.0,0,0.71,eth-updown-5m-1780373100
poly_sniper_v5_eth_5m_cloud_vwap_hurstmp_v7_vL,1780373400000000,-5.0,0,0.71,eth-updown-5m-1780373100
poly_sniper_v5_eth_5m_cloud_ribbon_mp_hurst_V10,1780373400000000,-5.0,0,0.71,eth-updown-5m-1780373100
poly_sniper_v5_eth_5m_bb_mp_hurst_band_v6,1780373400000000,-5.0,0,0.71,eth-updown-5m-1780373100
poly_sniper_v5_eth_5m_ema50_hurst_parent15mrang_v7_vL,1780373400000000,-5.0,0,0.71,eth-updown-5m-1780373100
poly_sniper_v5_eth_5m_cloud_ribbon_mp_hurst_v6_vL,1780373400000000,-5.0,0,0.71,eth-updown-5m-1780373100
poly_sniper_v5_eth_5m_ema50_hurst_parent15mrang_v7,1780373400000000,-5.0,0,0.71,eth-updown-5m-1780373100
poly_sniper_v5_eth_5m_l_ema50_hurst_grandparent_v8,1780373400000000,-5.0,0,0.71,eth-updown-5m-1780373100
poly_sniper_v5_eth_5m_cloud_ribbon_mp_hurst_v6_vL,1780373700000000,2.2409411764705878,1,0.68,eth-updown-5m-1780373400
poly_sniper_v5_eth_5m_bb_mp_hurst_band_v6_vL,1780373700000000,2.2409411764705878,1,0.68,eth-updown-5m-1780373400
poly_sniper_v5_eth_5m_ema50_hurst_parent15mrang_v7_vL,1780373700000000,2.2409411764705878,1,0.68,eth-updown-5m-1780373400
poly_sniper_v5_eth_5m_v6c3_parent15mrang_v7_vL,1780373700000000,2.2409411764705878,1,0.68,eth-updown-5m-1780373400
poly_sniper_v5_eth_5m_cloud_vwap_hurstmp_v7_vL,1780373700000000,2.2409411764705878,1,0.68,eth-updown-5m-1780373400
poly_sniper_v5_eth_5m_v6c3_parent15mrang_v7_vL,1780374000000000,0.8963809523809526,1,0.84,eth-updown-5m-1780373700
poly_sniper_v5_eth_5m_ema50_hurst_parent15mrang_v7,1780374000000000,0.8963809523809526,1,0.84,eth-updown-5m-1780373700
poly_sniper_v5_eth_5m_ema50_hurst_parent15mrang_v7_vL,1780374000000000,0.8963809523809526,1,0.84,eth-updown-5m-1780373700
poly_sniper_v5_eth_5m_v6c3_parent15mrang_v7,1780374000000000,0.8963809523809526,1,0.84,eth-updown-5m-1780373700
poly_sniper_v5_eth_5m_cloud_ribbon_mp_hurst_v6_vL,1780374000000000,0.8963809523809526,1,0.84,eth-updown-5m-1780373700
poly_fast_taker_lagv2_eth_5m,1780374000000000,8.774075342465753,1,0.73,eth-updown-5m-1780373700
poly_sniper_v5_eth_5m_cloud_ribbon_mp_hurst_v6,1780374000000000,0.8963809523809526,1,0.84,eth-updown-5m-1780373700
poly_sniper_v5_eth_5m_cloud_ribbon_mp_hurst_V10,1780374000000000,0.8963809523809526,1,0.84,eth-updown-5m-1780373700
poly_sniper_v5_eth_5m_l_ema50_hurst_grandparent_v8,1780374000000000,0.8963809523809526,1,0.84,eth-updown-5m-1780373700
poly_sniper_v5_eth_5m_bb_mp_hurst_band_v6,1780374300000000,1.6657567567567568,1,0.74,eth-updown-5m-1780374000
poly_sniper_v5_eth_5m_cloud_vwap_hurstmp_v7_vL,1780374300000000,1.6657567567567568,1,0.74,eth-updown-5m-1780374000
poly_sniper_v5_eth_5m_cloud_vwap_hurstmp_v7,1780374300000000,1.6657567567567568,1,0.74,eth-updown-5m-1780374000
poly_sniper_v5_eth_5m_cloud_ribbon_mp_hurst_v6,1780374300000000,1.6657567567567568,1,0.74,eth-updown-5m-1780374000
poly_sniper_v5_eth_5m_bb_mp_hurst_band_v6_vL,1780374300000000,1.6657567567567568,1,0.74,eth-updown-5m-1780374000
poly_sniper_v5_eth_5m_cloud_ribbon_mp_hurst_v6_vL,1780374300000000,1.6657567567567568,1,0.74,eth-updown-5m-1780374000
poly_sniper_v5_eth_5m_l_ema50_hurst_grandparent_v8,1780374300000000,1.6657567567567568,1,0.74,eth-updown-5m-1780374000
poly_sniper_v5_eth_5m_cloud_ribbon_mp_hurst_V10,1780374300000000,1.6657567567567568,1,0.74,eth-updown-5m-1780374000
poly_sniper_v5_eth_5m_cloud_vwap_hurstmp_v7_vL,1780374600000000,3.7745714285714276,1,0.56,eth-updown-5m-1780374300
poly_sniper_v5_eth_5m_l_ema50_hurst_grandparent_v8,1780374600000000,3.7745714285714276,1,0.56,eth-updown-5m-1780374300
poly_sniper_v5_eth_5m_bb_mp_hurst_band_v6,1780374600000000,3.7745714285714276,1,0.56,eth-updown-5m-1780374300
poly_sniper_v5_eth_5m_ema200_vwap_regimerang_xa3_v7,1780374600000000,1.4130064935064934,1,0.77,eth-updown-5m-1780374300
poly_sniper_v5_eth_5m_bb_mp_hurst_band_v6_vL,1780374600000000,3.7745714285714276,1,0.56,eth-updown-5m-1780374300
poly_sniper_v5_eth_5m_cloud_vwap_hurstmp_v7,1780374600000000,3.7745714285714276,1,0.56,eth-updown-5m-1780374300
poly_fast_taker_lagv2_eth_5m,1780374900000000,-18.674698795180724,0,0.83,eth-updown-5m-1780374600
poly_sniper_v5_eth_5m_tr200_mp_sms_active_off120,1780374900000000,-5.0,0,0.9,eth-updown-5m-1780374600
poly_sniper_v5_eth_5m_v5repl_off120_v6,1780374900000000,-5.0,0,0.9,eth-updown-5m-1780374600
poly_fast_taker_b2_nomerge_eth_5m,1780374900000000,-2.0,0,0.7,eth-updown-5m-1780374600
poly_sniper_v5_eth_5m_bb_mp_hurst_band_v6_vL,1780375500000000,2.456757575757575,1,0.66,eth-updown-5m-1780375200
poly_sniper_v5_eth_5m_bb_mp_hurst_band_v6,1780375500000000,2.456757575757575,1,0.66,eth-updown-5m-1780375200
poly_sniper_v5_eth_5m_ema50_hurst_parent15mrang_v7_vL,1780375500000000,2.456757575757575,1,0.66,eth-updown-5m-1780375200
poly_sniper_v5_eth_5m_ema50_hurst_parent15mrang_v7,1780375500000000,2.456757575757575,1,0.66,eth-updown-5m-1780375200
poly_sniper_v5_eth_5m_lq_ema50_hurst_grandparent_prev15m_v8,1780375800000000,-5.0,0,0.25,eth-updown-5m-1780375500
poly_sniper_v5_eth_5m_ema50_hurst_parent15mrang_v7_vL,1780375800000000,-5.0,0,0.25,eth-updown-5m-1780375500
poly_sniper_v5_eth_5m_l_ema50_hurst_grandparent_v8,1780375800000000,-5.0,0,0.25,eth-updown-5m-1780375500
poly_sniper_v5_eth_5m_lq_ema50_hurst_grandparent_prev15m_v8_vL,1780375800000000,-5.0,0,0.25,eth-updown-5m-1780375500
poly_sniper_v5_eth_5m_ema50_hurst_parent15mrang_v7,1780375800000000,-5.0,0,0.25,eth-updown-5m-1780375500
poly_fast_taker_lagv2_eth_5m,1780375800000000,4.149264705882354,1,0.85,eth-updown-5m-1780375500
poly_fast_taker_b2_nomerge_eth_5m,1780375800000000,0.8005633802816903,1,0.71,eth-updown-5m-1780375500
poly_sniper_v5_eth_5m_bb_mp_hurst_band_v6,1780376100000000,2.6865,1,0.64,eth-updown-5m-1780375800
poly_sniper_v5_eth_5m_cloud_vwap_hurstmp_v7,1780376100000000,2.6865,1,0.64,eth-updown-5m-1780375800
poly_sniper_v5_eth_5m_v6c3_parent15mrang_v7,1780376100000000,2.6865,1,0.64,eth-updown-5m-1780375800
poly_sniper_v5_eth_5m_lq_ema50_hurst_grandparent_prev15m_v8,1780376100000000,2.6865,1,0.64,eth-updown-5m-1780375800
poly_sniper_v5_eth_5m_cloud_ribbon_mp_hurst_v6_vL,1780376100000000,2.6865,1,0.64,eth-updown-5m-1780375800
poly_sniper_v5_eth_5m_v6c3_parent15mrang_v7_vL,1780376100000000,2.6865,1,0.64,eth-updown-5m-1780375800
poly_sniper_v5_eth_5m_bb_mp_hurst_band_v6_vL,1780376100000000,2.6865,1,0.64,eth-updown-5m-1780375800
poly_sniper_v5_eth_5m_cloud_vwap_hurstmp_v7_vL,1780376100000000,2.6865,1,0.64,eth-updown-5m-1780375800
poly_sniper_v5_eth_5m_ema50_hurst_parent15mrang_v7,1780376100000000,2.6865,1,0.64,eth-updown-5m-1780375800
poly_sniper_v5_eth_5m_l_ema50_hurst_grandparent_v8,1780376100000000,2.6865,1,0.64,eth-updown-5m-1780375800
poly_sniper_v5_eth_5m_ema50_hurst_parent15mrang_v7_vL,1780376100000000,2.6865,1,0.64,eth-updown-5m-1780375800
poly_sniper_v5_eth_5m_cloud_ribbon_mp_hurst_v6,1780376100000000,2.6865,1,0.64,eth-updown-5m-1780375800
poly_sniper_v5_eth_5m_ema200_vwap_regimerang_xa3_v7,1780376100000000,-5.0,0,0.44,eth-updown-5m-1780375800
poly_sniper_v5_eth_5m_lq_ema50_hurst_grandparent_prev15m_v8_vL,1780376100000000,2.6865,1,0.64,eth-updown-5m-1780375800
poly_sniper_v5_eth_5m_cloud_vwap_hurstmp_v7_vL,1780376400000000,2.456757575757575,1,0.66,eth-updown-5m-1780376100
poly_sniper_v5_eth_5m_cloud_vwap_hurstmp_v7,1780376400000000,2.456757575757575,1,0.66,eth-updown-5m-1780376100
poly_sniper_v5_eth_5m_ema50_hurst_parent15mrang_v7_vL,1780376400000000,2.456757575757575,1,0.66,eth-updown-5m-1780376100
poly_sniper_v5_eth_5m_ema50_hurst_parent15mrang_v7,1780376400000000,2.456757575757575,1,0.66,eth-updown-5m-1780376100
poly_sniper_v5_eth_5m_ema200_vwap_regimerang_xa3_v7,1780376400000000,1.2556139240506328,1,0.79,eth-updown-5m-1780376100
poly_fast_taker_lagv2_eth_5m,1780376400000000,10.689384057971017,1,0.69,eth-updown-5m-1780376100
poly_fast_taker_b2_nomerge_eth_5m,1780376400000000,0.8005633802816903,1,0.71,eth-updown-5m-1780376100
poly_sniper_v5_eth_5m_ema50_hurst_parent15mrang_v7,1780376700000000,-5.0,0,0.5020475665459128,eth-updown-5m-1780376400
poly_sniper_v5_eth_5m_l_ema50_hurst_grandparent_v8,1780376700000000,-5.0,0,0.5020475665459128,eth-updown-5m-1780376400
poly_sniper_v5_eth_5m_ema50_hurst_parent15mrang_v7_vL,1780376700000000,-5.0,0,0.5020475665459128,eth-updown-5m-1780376400
poly_sniper_v5_eth_5m_bb_mp_hurst_band_v6,1780377000000000,2.6865,1,0.64,eth-updown-5m-1780376700
poly_sniper_v5_eth_5m_bb_mp_hurst_band_v6_vL,1780377000000000,2.6865,1,0.64,eth-updown-5m-1780376700
poly_fast_taker_b2_nomerge_eth_5m,1780377000000000,-2.0,0,0.53,eth-updown-5m-1780376700
poly_sniper_v5_eth_5m_ema200_vwap_regimerang_xa3_v7,1780377000000000,-5.0,0,0.375494071146245,eth-updown-5m-1780376700
poly_sniper_v5_eth_5m_bb_mp_hurst_band_v6_vL,1780377300000000,3.473689655172415,1,0.58,eth-updown-5m-1780377000
poly_sniper_v5_eth_5m_bb_mp_hurst_band_v6,1780377300000000,3.473689655172415,1,0.58,eth-updown-5m-1780377000
poly_sniper_v5_eth_5m_cloud_ribbon_mp_hurst_v6,1780377300000000,3.473689655172415,1,0.58,eth-updown-5m-1780377000
poly_sniper_v5_eth_5m_cloud_vwap_hurstmp_v7,1780377300000000,3.473689655172415,1,0.58,eth-updown-5m-1780377000
poly_sniper_v5_eth_5m_cloud_ribbon_mp_hurst_v6_vL,1780377300000000,3.473689655172415,1,0.58,eth-updown-5m-1780377000
poly_sniper_v5_eth_5m_cloud_vwap_hurstmp_v7_vL,1780377300000000,3.473689655172415,1,0.58,eth-updown-5m-1780377000
poly_sniper_v5_eth_5m_lq_ema50_hurst_grandparent_prev15m_v8,1780377600000000,3.0602213114754098,1,0.61,eth-updown-5m-1780377300
poly_sniper_v5_eth_5m_bb_mp_hurst_band_v6,1780377600000000,3.0602213114754098,1,0.61,eth-updown-5m-1780377300
poly_sniper_v5_eth_5m_bb_mp_hurst_band_v6_vL,1780377600000000,3.0602213114754098,1,0.61,eth-updown-5m-1780377300
poly_sniper_v5_eth_5m_cloud_vwap_hurstmp_v7,1780377600000000,3.0602213114754098,1,0.61,eth-updown-5m-1780377300
poly_sniper_v5_eth_5m_ema200_vwap_regimerang_xa3_v7,1780377600000000,-5.0,0,0.29,eth-updown-5m-1780377300
poly_sniper_v5_eth_5m_lq_ema50_hurst_grandparent_prev15m_v8_vL,1780377600000000,3.0602213114754098,1,0.61,eth-updown-5m-1780377300
poly_sniper_v5_eth_5m_cloud_vwap_hurstmp_v7_vL,1780377600000000,3.0602213114754098,1,0.61,eth-updown-5m-1780377300
poly_fast_taker_lagv2_eth_5m,1780377600000000,10.689384057971017,1,0.69,eth-updown-5m-1780377300
poly_sniper_v5_eth_5m_l_ema50_hurst_grandparent_v8,1780377600000000,3.0602213114754098,1,0.61,eth-updown-5m-1780377300
poly_sniper_v5_eth_5m_bb_mp_hurst_band_v6_vL,1780377900000000,-5.0,0,0.7338940019041573,eth-updown-5m-1780377600
poly_sniper_v5_eth_5m_cloud_vwap_hurstmp_v7,1780377900000000,-5.0,0,0.7338940019041573,eth-updown-5m-1780377600
poly_sniper_v5_eth_5m_v6c3_parent15mrang_v7,1780377900000000,-5.0,0,0.7338940019041573,eth-updown-5m-1780377600
poly_sniper_v5_eth_5m_cloud_ribbon_mp_hurst_v6_vL,1780377900000000,-5.0,0,0.7338940019041573,eth-updown-5m-1780377600
poly_sniper_v5_eth_5m_cloud_ribbon_mp_hurst_v6,1780377900000000,-5.0,0,0.7338940019041573,eth-updown-5m-1780377600
poly_sniper_v5_eth_5m_v6c3_parent15mrang_v7_vL,1780377900000000,-5.0,0,0.7338940019041573,eth-updown-5m-1780377600
poly_sniper_v5_eth_5m_ema50_hurst_parent15mrang_v7,1780377900000000,-5.0,0,0.7338940019041573,eth-updown-5m-1780377600
poly_sniper_v5_eth_5m_cloud_vwap_hurstmp_v7_vL,1780377900000000,-5.0,0,0.7338940019041573,eth-updown-5m-1780377600
poly_sniper_v5_eth_5m_bb_mp_hurst_band_v6,1780377900000000,-5.0,0,0.7338940019041573,eth-updown-5m-1780377600
poly_sniper_v5_eth_5m_ema50_hurst_parent15mrang_v7_vL,1780377900000000,-5.0,0,0.7338940019041573,eth-updown-5m-1780377600
poly_sniper_v5_eth_5m_l_ema50_hurst_grandparent_v8,1780378200000000,0.4630054945054944,1,0.91,eth-updown-5m-1780377900
poly_sniper_v5_eth_5m_cloud_ribbon_mp_hurst_V10,1780378200000000,0.4630054945054944,1,0.91,eth-updown-5m-1780377900
poly_sniper_v5_eth_5m_cloud_ribbon_mp_hurst_v6,1780378200000000,0.4630054945054944,1,0.91,eth-updown-5m-1780377900
poly_sniper_v5_eth_5m_v6c3_parent15mrang_v7,1780378200000000,0.4630054945054944,1,0.91,eth-updown-5m-1780377900
poly_sniper_v5_eth_5m_ema50_hurst_parent15mrang_v7,1780378200000000,0.4630054945054944,1,0.91,eth-updown-5m-1780377900
poly_sniper_v5_eth_5m_cloud_ribbon_mp_hurst_v6_vL,1780378200000000,0.4630054945054944,1,0.91,eth-updown-5m-1780377900
poly_sniper_v5_eth_5m_lq_ema50_hurst_grandparent_prev15m_v8,1780378200000000,0.4630054945054944,1,0.91,eth-updown-5m-1780377900
poly_sniper_v5_eth_5m_ema50_hurst_parent15mrang_v7_vL,1780378200000000,0.4630054945054944,1,0.91,eth-updown-5m-1780377900
poly_sniper_v5_eth_5m_lq_ema50_hurst_grandparent_prev15m_v8_vL,1780378200000000,0.4630054945054944,1,0.91,eth-updown-5m-1780377900
poly_fast_taker_lagv2_eth_5m,1780378200000000,5.5316975308641965,1,0.81,eth-updown-5m-1780377900
poly_sniper_v5_eth_5m_v6c3_parent15mrang_v7_vL,1780378200000000,0.4630054945054944,1,0.91,eth-updown-5m-1780377900
poly_fast_taker_b2_nomerge_eth_5m,1780378200000000,0.6189473684210529,1,0.7599999999999999,eth-updown-5m-1780377900
poly_sniper_v5_eth_5m_lq_ema50_hurst_grandparent_prev15m_v8_vL,1780378500000000,-5.0,0,0.34,eth-updown-5m-1780378200
poly_sniper_v5_eth_5m_lq_ema50_hurst_grandparent_prev15m_v8,1780378500000000,-5.0,0,0.34,eth-updown-5m-1780378200
poly_sniper_v5_eth_5m_ema50_hurst_parent15mrang_v7_vL,1780378500000000,-5.0,0,0.34,eth-updown-5m-1780378200
poly_sniper_v5_eth_5m_l_ema50_hurst_grandparent_v8,1780378500000000,-5.0,0,0.34,eth-updown-5m-1780378200
poly_sniper_v5_eth_5m_ema50_hurst_parent15mrang_v7,1780378500000000,-5.0,0,0.34,eth-updown-5m-1780378200
poly_sniper_v5_eth_5m_bb_mp_hurst_band_v6,1780378800000000,1.940753521126761,1,0.71,eth-updown-5m-1780378500
poly_sniper_v5_eth_5m_lq_ema50_hurst_grandparent_prev15m_v8_vL,1780378800000000,1.940753521126761,1,0.71,eth-updown-5m-1780378500
poly_sniper_v5_eth_5m_bb_mp_hurst_band_v6_vL,1780378800000000,1.940753521126761,1,0.71,eth-updown-5m-1780378500
poly_sniper_v5_eth_5m_lq_ema50_hurst_grandparent_prev15m_v8,1780378800000000,1.940753521126761,1,0.71,eth-updown-5m-1780378500
poly_sniper_v5_eth_5m_cloud_vwap_hurstmp_v7_vL,1780378800000000,1.940753521126761,1,0.71,eth-updown-5m-1780378500
poly_sniper_v5_eth_5m_l_ema50_hurst_grandparent_v8,1780378800000000,1.940753521126761,1,0.71,eth-updown-5m-1780378500
poly_sniper_v5_eth_5m_cloud_vwap_hurstmp_v7,1780378800000000,1.940753521126761,1,0.71,eth-updown-5m-1780378500
poly_fast_taker_lagv2_eth_5m,1780379100000000,-11.737487179487182,0,0.78,eth-updown-5m-1780378800
poly_sniper_v5_eth_5m_lq_ema50_hurst_grandparent_prev15m_v8,1780379400000000,1.1063395061728392,1,0.81,eth-updown-5m-1780379100
poly_sniper_v5_eth_5m_lq_ema50_hurst_grandparent_prev15m_v8_vL,1780379400000000,1.1063395061728392,1,0.81,eth-updown-5m-1780379100
poly_sniper_v5_eth_5m_l_ema50_hurst_grandparent_v8,1780379400000000,1.1063395061728392,1,0.81,eth-updown-5m-1780379100
poly_sniper_v5_eth_5m_bb_mp_hurst_band_v6_vL,1780379700000000,1.2556139240506328,1,0.79,eth-updown-5m-1780379400
poly_sniper_v5_eth_5m_cloud_ribbon_mp_hurst_V10,1780379700000000,1.2556139240506328,1,0.79,eth-updown-5m-1780379400
poly_sniper_v5_eth_5m_lq_ema50_hurst_grandparent_prev15m_v8,1780379700000000,1.2556139240506328,1,0.79,eth-updown-5m-1780379400
poly_sniper_v5_eth_5m_cloud_ribbon_mp_hurst_v6_vL,1780379700000000,1.2556139240506328,1,0.79,eth-updown-5m-1780379400
poly_sniper_v5_eth_5m_cloud_ribbon_mp_hurst_v6,1780379700000000,1.2556139240506328,1,0.79,eth-updown-5m-1780379400
poly_sniper_v5_eth_5m_l_ema50_hurst_grandparent_v8,1780379700000000,1.2556139240506328,1,0.79,eth-updown-5m-1780379400
poly_sniper_v5_eth_5m_cloud_vwap_hurstmp_v7,1780379700000000,1.2556139240506328,1,0.79,eth-updown-5m-1780379400
poly_sniper_v5_eth_5m_cloud_vwap_hurstmp_v7_vL,1780379700000000,1.2556139240506328,1,0.79,eth-updown-5m-1780379400
poly_sniper_v5_eth_5m_lq_ema50_hurst_grandparent_prev15m_v8_vL,1780379700000000,1.2556139240506328,1,0.79,eth-updown-5m-1780379400
poly_sniper_v5_eth_5m_bb_mp_hurst_band_v6,1780379700000000,1.2556139240506328,1,0.79,eth-updown-5m-1780379400
poly_sniper_v5_eth_5m_bb_mp_hurst_band_v6_vL,1780380000000000,2.456757575757575,1,0.66,eth-updown-5m-1780379700
poly_sniper_v5_eth_5m_ema200_vwap_regimerang_xa3_v7,1780380000000000,1.4949473684210524,1,0.76,eth-updown-5m-1780379700
poly_sniper_v5_eth_5m_lq_ema50_hurst_grandparent_prev15m_v8_vL,1780380000000000,2.456757575757575,1,0.66,eth-updown-5m-1780379700
poly_fast_taker_lagv2_eth_5m,1780380000000000,10.689384057971017,1,0.69,eth-updown-5m-1780379700
poly_sniper_v5_eth_5m_bb_mp_hurst_band_v6_vL,1780380300000000,2.881564952401075,1,0.6239724263613494,eth-updown-5m-1780380000
poly_sniper_v5_eth_5m_cloud_ribbon_mp_hurst_v6,1780380300000000,2.881564952401075,1,0.6239724263613494,eth-updown-5m-1780380000
poly_sniper_v5_eth_5m_cloud_vwap_hurstmp_v7_vL,1780380300000000,2.881564952401075,1,0.6239724263613494,eth-updown-5m-1780380000
poly_sniper_v5_eth_5m_cloud_vwap_hurstmp_v7,1780380300000000,2.881564952401075,1,0.6239724263613494,eth-updown-5m-1780380000
poly_sniper_v5_eth_5m_cloud_ribbon_mp_hurst_v6_vL,1780380300000000,2.881564952401075,1,0.6239724263613494,eth-updown-5m-1780380000
poly_sniper_v5_eth_5m_bb_mp_hurst_band_v6,1780380300000000,2.881564952401075,1,0.6239724263613494,eth-updown-5m-1780380000
poly_fast_taker_lagv2_eth_5m,1780380600000000,-19.155844155844157,0,0.77,eth-updown-5m-1780380300
poly_sniper_v5_eth_5m_cloud_ribbon_mp_hurst_v6_vL,1780380600000000,-5.0,0,0.81,eth-updown-5m-1780380300
poly_fast_taker_lagv2_eth_5m,1780380900000000,6.278069620253163,1,0.79,eth-updown-5m-1780380600
poly_sniper_v5_eth_5m_l_ema50_hurst_grandparent_v8,1780381500000000,-5.0,0,0.43000000000000005,eth-updown-5m-1780381200
poly_sniper_v5_eth_5m_lq_ema50_hurst_grandparent_prev15m_v8,1780381500000000,-5.0,0,0.43000000000000005,eth-updown-5m-1780381200
poly_sniper_v5_eth_5m_lq_ema50_hurst_grandparent_prev15m_v8_vL,1780381500000000,-5.0,0,0.43000000000000005,eth-updown-5m-1780381200
poly_sniper_v5_eth_5m_cloud_vwap_hurstmp_v7,1780381800000000,1.2866105187012107,1,0.7859758038841135,eth-updown-5m-1780381500
poly_sniper_v5_eth_5m_cloud_ribbon_mp_hurst_v6,1780381800000000,1.2866105187012107,1,0.7859758038841135,eth-updown-5m-1780381500
poly_sniper_v5_eth_5m_cloud_ribbon_mp_hurst_v6_vL,1780381800000000,1.2866105187012107,1,0.7859758038841135,eth-updown-5m-1780381500
poly_sniper_v5_eth_5m_cloud_vwap_hurstmp_v7_vL,1780381800000000,1.2866105187012107,1,0.7859758038841135,eth-updown-5m-1780381500
poly_sniper_v5_eth_5m_bb_mp_hurst_band_v6,1780381800000000,1.2866105187012107,1,0.7859758038841135,eth-updown-5m-1780381500
poly_sniper_v5_eth_5m_bb_mp_hurst_band_v6_vL,1780381800000000,1.2866105187012107,1,0.7859758038841135,eth-updown-5m-1780381500
poly_sniper_v5_eth_5m_bb_mp_hurst_band_v6,1780382100000000,1.940753521126761,1,0.71,eth-updown-5m-1780381800
poly_sniper_v5_eth_5m_bb_mp_hurst_band_v6_vL,1780382100000000,1.940753521126761,1,0.71,eth-updown-5m-1780381800
poly_sniper_v5_eth_5m_cloud_vwap_hurstmp_v7,1780382100000000,1.940753521126761,1,0.71,eth-updown-5m-1780381800
poly_sniper_v5_eth_5m_cloud_vwap_hurstmp_v7_vL,1780382100000000,1.940753521126761,1,0.71,eth-updown-5m-1780381800
poly_sniper_v5_eth_5m_v6c3_parent15mrang_v7_vL,1780382400000000,0.579477528089887,1,0.8900000000000001,eth-updown-5m-1780382100
poly_sniper_v5_eth_5m_v6c3_parent15mrang_v7,1780382400000000,0.579477528089887,1,0.8900000000000001,eth-updown-5m-1780382100
poly_sniper_v5_eth_5m_lq_ema50_hurst_grandparent_prev15m_v8,1780382400000000,0.579477528089887,1,0.8900000000000001,eth-updown-5m-1780382100
poly_sniper_v5_eth_5m_cloud_ribbon_mp_hurst_v6_vL,1780382400000000,0.579477528089887,1,0.8900000000000001,eth-updown-5m-1780382100
poly_sniper_v5_eth_5m_ema50_hurst_parent15mrang_v7_vL,1780382400000000,0.579477528089887,1,0.8900000000000001,eth-updown-5m-1780382100
poly_sniper_v5_eth_5m_cloud_ribbon_mp_hurst_v6,1780382400000000,0.579477528089887,1,0.8900000000000001,eth-updown-5m-1780382100
poly_sniper_v5_eth_5m_ema50_hurst_parent15mrang_v7,1780382400000000,0.579477528089887,1,0.8900000000000001,eth-updown-5m-1780382100
poly_sniper_v5_eth_5m_l_ema50_hurst_grandparent_v8,1780382400000000,0.579477528089887,1,0.8900000000000001,eth-updown-5m-1780382100
poly_sniper_v5_eth_5m_lq_ema50_hurst_grandparent_prev15m_v8_vL,1780382400000000,0.579477528089887,1,0.8900000000000001,eth-updown-5m-1780382100
poly_sniper_v5_eth_5m_cloud_ribbon_mp_hurst_V10,1780382400000000,0.579477528089887,1,0.8900000000000001,eth-updown-5m-1780382100
poly_fast_taker_lagv2_eth_5m,1780382400000000,6.66628205128205,1,0.78,eth-updown-5m-1780382100
poly_sniper_v5_eth_5m_cloud_vwap_hurstmp_v7_vL,1780382700000000,4.2434310294546504,1,0.531496062992126,eth-updown-5m-1780382400
poly_sniper_v5_eth_5m_bb_mp_hurst_band_V10,1780382700000000,4.2434310294546504,1,0.531496062992126,eth-updown-5m-1780382400
poly_sniper_v5_eth_5m_ema50_hurst_parent15mrang_v7_vL,1780382700000000,4.2434310294546504,1,0.531496062992126,eth-updown-5m-1780382400
poly_sniper_v5_eth_5m_cloud_vwap_hurstmp_v7,1780382700000000,4.2434310294546504,1,0.531496062992126,eth-updown-5m-1780382400
poly_sniper_v5_eth_5m_l_ema50_hurst_grandparent_v8,1780382700000000,4.2434310294546504,1,0.531496062992126,eth-updown-5m-1780382400
poly_sniper_v5_eth_5m_bb_mp_hurst_band_v6_vL,1780382700000000,4.2434310294546504,1,0.531496062992126,eth-updown-5m-1780382400
poly_sniper_v5_eth_5m_bb_mp_hurst_band_v6,1780382700000000,4.2434310294546504,1,0.531496062992126,eth-updown-5m-1780382400
poly_sniper_v5_eth_5m_ema50_hurst_parent15mrang_v7,1780382700000000,4.2434310294546504,1,0.531496062992126,eth-updown-5m-1780382400
poly_sniper_v5_eth_5m_cloud_ribbon_mp_hurst_v6,1780383000000000,-5.0,0,0.9,eth-updown-5m-1780382700
poly_sniper_v5_eth_5m_v6c3_parent15mrang_v7,1780383000000000,-5.0,0,0.9,eth-updown-5m-1780382700
poly_sniper_v5_eth_5m_ema50_hurst_parent15mrang_v7_vL,1780383000000000,-5.0,0,0.9,eth-updown-5m-1780382700
poly_sniper_v5_eth_5m_ema50_hurst_parent15mrang_v7,1780383000000000,-5.0,0,0.9,eth-updown-5m-1780382700
poly_sniper_v5_eth_5m_cloud_ribbon_mp_hurst_v6_vL,1780383000000000,-5.0,0,0.9,eth-updown-5m-1780382700
poly_sniper_v5_eth_5m_v6c3_parent15mrang_v7_vL,1780383000000000,-5.0,0,0.9,eth-updown-5m-1780382700
poly_fast_taker_b2_nomerge_eth_5m,1780383000000000,-2.0,0,0.67,eth-updown-5m-1780382700
poly_fast_taker_lagv2_eth_5m,1780383300000000,-11.363636363636363,0,0.77,eth-updown-5m-1780383000
poly_sniper_v5_eth_5m_bb_mp_hurst_band_v6_vL,1780383300000000,-5.0,0,0.76,eth-updown-5m-1780383000
poly_sniper_v5_eth_5m_ema50_hurst_parent15mrang_v7_vL,1780383300000000,-5.0,0,0.76,eth-updown-5m-1780383000
poly_sniper_v5_eth_5m_cloud_mp_sms_active_off120,1780383300000000,-5.0,0,0.85,eth-updown-5m-1780383000
poly_fast_taker_b2_nomerge_eth_5m,1780383300000000,-2.0,0,0.57,eth-updown-5m-1780383000
poly_sniper_v5_eth_5m_v5repl_off120_v6,1780383300000000,-5.0,0,0.85,eth-updown-5m-1780383000
poly_sniper_v5_eth_5m_tr200_mp_sms_active_off120,1780383300000000,-5.0,0,0.85,eth-updown-5m-1780383000
poly_sniper_v5_eth_5m_cloud_ribbon_mp_hurst_v6,1780383600000000,0.9645963855421689,1,0.83,eth-updown-5m-1780383300
poly_sniper_v5_eth_5m_l_ema50_hurst_grandparent_v8,1780383600000000,0.9645963855421689,1,0.83,eth-updown-5m-1780383300
poly_sniper_v5_eth_5m_ema50_hurst_parent15mrang_v7_vL,1780383600000000,0.9645963855421689,1,0.83,eth-updown-5m-1780383300
poly_sniper_v5_eth_5m_cloud_ribbon_mp_hurst_v6_vL,1780383600000000,0.9645963855421689,1,0.83,eth-updown-5m-1780383300
poly_sniper_v5_eth_5m_v6c3_parent15mrang_v7_vL,1780383600000000,0.9645963855421689,1,0.83,eth-updown-5m-1780383300
poly_sniper_v5_eth_5m_v6c3_parent15mrang_v7,1780383600000000,0.9645963855421689,1,0.83,eth-updown-5m-1780383300
poly_fast_taker_b2_nomerge_eth_5m,1780383600000000,1.2531147540983607,1,0.61,eth-updown-5m-1780383300
poly_sniper_v5_eth_5m_cloud_ribbon_mp_hurst_V10,1780383600000000,0.9645963855421689,1,0.83,eth-updown-5m-1780383300
poly_sniper_v5_eth_5m_ema50_hurst_parent15mrang_v7,1780383600000000,0.9645963855421689,1,0.83,eth-updown-5m-1780383300
poly_fast_taker_lagv2_eth_5m,1780383900000000,-14.301714062499999,0,0.6309421938648758,eth-updown-5m-1780383600
poly_sniper_v5_eth_5m_l_ema50_hurst_grandparent_v8,1780383900000000,5.234666666666668,1,0.4799999999999999,eth-updown-5m-1780383600
poly_sniper_v5_eth_5m_k_hurst_ts_cci_tod_euus_v8_vL,1780383900000000,0.3518440860215051,1,0.93,eth-updown-5m-1780383600
poly_sniper_v5_eth_5m_ema50_hurst_parent15mrang_v7,1780383900000000,5.234666666666668,1,0.4799999999999999,eth-updown-5m-1780383600
poly_fast_taker_b2_nomerge_eth_5m,1780383900000000,-2.0,0,0.63,eth-updown-5m-1780383600
poly_sniper_v5_eth_5m_ema50_hurst_parent15mrang_v7_vL,1780383900000000,5.234666666666668,1,0.4799999999999999,eth-updown-5m-1780383600
poly_sniper_v5_eth_5m_k_hurst_ts_cci_tod_euus_v8,1780383900000000,0.3518440860215051,1,0.93,eth-updown-5m-1780383600
poly_sniper_v5_eth_5m_ema50_hurst_parent15mrang_v7_vL,1780384200000000,1.0345609756097565,1,0.82,eth-updown-5m-1780383900
poly_sniper_v5_eth_5m_v6c3_parent15mrang_v7_vL,1780384200000000,1.0345609756097565,1,0.82,eth-updown-5m-1780383900
poly_sniper_v5_eth_5m_cloud_ribbon_mp_hurst_v6,1780384200000000,1.0345609756097565,1,0.82,eth-updown-5m-1780383900
poly_fast_taker_lagv2_eth_5m,1780384200000000,12.274544519759043,1,0.660166164809005,eth-updown-5m-1780383900
poly_sniper_v5_eth_5m_v6c3_parent15mrang_v7,1780384200000000,1.0345609756097565,1,0.82,eth-updown-5m-1780383900
poly_sniper_v5_eth_5m_cloud_ribbon_mp_hurst_v6_vL,1780384200000000,1.0345609756097565,1,0.82,eth-updown-5m-1780383900
poly_fast_taker_b2_nomerge_eth_5m,1780384200000000,1.0096969696969698,1,0.66,eth-updown-5m-1780383900
poly_sniper_v5_eth_5m_ema50_hurst_parent15mrang_v7,1780384200000000,1.0345609756097565,1,0.82,eth-updown-5m-1780383900
poly_sniper_v5_eth_5m_cloud_vwap_hurstmp_v7_vL,1780384500000000,2.0378571428571433,1,0.7,eth-updown-5m-1780384200
poly_sniper_v5_eth_5m_cloud_vwap_hurstmp_v7,1780384500000000,2.0378571428571433,1,0.7,eth-updown-5m-1780384200
poly_sniper_v5_eth_5m_cloud_ribbon_mp_hurst_v6_vL,1780384500000000,2.0378571428571433,1,0.7,eth-updown-5m-1780384200
poly_sniper_v5_eth_5m_cloud_ribbon_mp_hurst_v6,1780384500000000,2.0378571428571433,1,0.7,eth-updown-5m-1780384200
poly_sniper_v5_eth_5m_bb_mp_hurst_band_v6_vL,1780384500000000,2.0378571428571433,1,0.7,eth-updown-5m-1780384200
poly_sniper_v5_eth_5m_ema50_hurst_parent15mrang_v7,1780384500000000,2.0378571428571433,1,0.7,eth-updown-5m-1780384200
poly_sniper_v5_eth_5m_v6c3_parent15mrang_v7_vL,1780384500000000,2.0378571428571433,1,0.7,eth-updown-5m-1780384200
poly_fast_taker_b2_nomerge_eth_5m,1780384500000000,1.201290322580645,1,0.62,eth-updown-5m-1780384200
poly_sniper_v5_eth_5m_v6c3_parent15mrang_v7,1780384500000000,2.0378571428571433,1,0.7,eth-updown-5m-1780384200
poly_sniper_v5_eth_5m_bb_mp_hurst_band_v6,1780384500000000,2.0378571428571433,1,0.7,eth-updown-5m-1780384200
poly_sniper_v5_eth_5m_ema50_hurst_parent15mrang_v7_vL,1780384500000000,2.0378571428571433,1,0.7,eth-updown-5m-1780384200
poly_sniper_v5_eth_5m_ema50_hurst_parent15mrang_v7_vL,1780384800000000,0.2981489361702125,1,0.9400000000000001,eth-updown-5m-1780384500
poly_sniper_v5_eth_5m_ema50_hurst_parent15mrang_v7,1780384800000000,0.2981489361702125,1,0.9400000000000001,eth-updown-5m-1780384500
poly_sniper_v5_eth_5m_cloud_ribbon_mp_hurst_v6_vL,1780384800000000,0.2981489361702125,1,0.9400000000000001,eth-updown-5m-1780384500
poly_sniper_v5_eth_5m_v6c3_parent15mrang_v7_vL,1780384800000000,0.2981489361702125,1,0.9400000000000001,eth-updown-5m-1780384500
poly_sniper_v5_eth_5m_v6c3_parent15mrang_v7,1780384800000000,0.2981489361702125,1,0.9400000000000001,eth-updown-5m-1780384500
poly_sniper_v5_eth_5m_cloud_ribbon_mp_hurst_v6,1780384800000000,0.2981489361702125,1,0.9400000000000001,eth-updown-5m-1780384500
poly_fast_taker_b2_nomerge_eth_5m,1780384800000000,1.0096969696969698,1,0.66,eth-updown-5m-1780384500
poly_sniper_v5_eth_5m_l_ema50_hurst_grandparent_v8,1780385100000000,3.621429824561404,1,0.57,eth-updown-5m-1780384800
poly_sniper_v5_eth_5m_a2_hlcascade50k_v9,1780385100000000,-5.0,0,0.45999999999999996,eth-updown-5m-1780384800
poly_sniper_v5_eth_5m_a2_hlcascade50k_v9,1780385100000000,3.93340909090909,1,0.55,eth-updown-5m-1780384800
poly_sniper_v5_eth_5m_ema50_hurst_parent15mrang_v7,1780385100000000,3.621429824561404,1,0.57,eth-updown-5m-1780384800
poly_sniper_v5_eth_5m_tr200_mp_sms_active_off120,1780385100000000,2.0378571428571433,1,0.7,eth-updown-5m-1780384800
poly_sniper_v5_eth_5m_v5repl_off120_v6,1780385100000000,2.0378571428571433,1,0.7,eth-updown-5m-1780384800
poly_fast_taker_b2_nomerge_eth_5m,1780385100000000,1.6036363636363635,1,0.55,eth-updown-5m-1780384800
poly_sniper_v5_eth_5m_cloud_mp_sms_active_off120,1780385100000000,2.0378571428571433,1,0.7,eth-updown-5m-1780384800
poly_sniper_v5_eth_5m_bb_mp_hurst_band_v6,1780385100000000,3.621429824561404,1,0.57,eth-updown-5m-1780384800
poly_sniper_v5_eth_5m_up_a2_hlcascade25k_v9,1780385100000000,-5.0,0,0.45999999999999996,eth-updown-5m-1780384800
poly_sniper_v5_eth_5m_lq_ema50_hurst_grandparent_prev15m_v8,1780385100000000,3.621429824561404,1,0.57,eth-updown-5m-1780384800
poly_sniper_v5_eth_5m_bb_mp_hurst_band_v6_vL,1780385100000000,3.621429824561404,1,0.57,eth-updown-5m-1780384800
poly_sniper_v5_eth_5m_ema50_hurst_parent15mrang_v7_vL,1780385100000000,3.621429824561404,1,0.57,eth-updown-5m-1780384800
poly_sniper_v5_eth_5m_lq_ema50_hurst_grandparent_prev15m_v8_vL,1780385100000000,3.621429824561404,1,0.57,eth-updown-5m-1780384800
poly_sniper_v5_eth_5m_cloud_ribbon_mp_hurst_v6,1780385400000000,0.579477528089887,1,0.8900000000000001,eth-updown-5m-1780385100
poly_sniper_v5_eth_5m_ema50_hurst_parent15mrang_v7,1780385400000000,0.579477528089887,1,0.8900000000000001,eth-updown-5m-1780385100
poly_sniper_v5_eth_5m_v6c3_parent15mrang_v7_vL,1780385400000000,0.579477528089887,1,0.8900000000000001,eth-updown-5m-1780385100
poly_sniper_v5_eth_5m_l_ema50_hurst_grandparent_v8,1780385400000000,0.579477528089887,1,0.8900000000000001,eth-updown-5m-1780385100
poly_sniper_v5_eth_5m_k_hurst_ts_cci_tod_euus_v8_vL,1780385400000000,-5.0,0,0.05999999999999999,eth-updown-5m-1780385100
poly_sniper_v5_eth_5m_cloud_ribbon_mp_hurst_V10,1780385400000000,0.579477528089887,1,0.8900000000000001,eth-updown-5m-1780385100
poly_sniper_v5_eth_5m_ema50_hurst_parent15mrang_v7_vL,1780385400000000,0.579477528089887,1,0.8900000000000001,eth-updown-5m-1780385100
poly_sniper_v5_eth_5m_v6c3_parent15mrang_v7,1780385400000000,0.579477528089887,1,0.8900000000000001,eth-updown-5m-1780385100
poly_sniper_v5_eth_5m_cloud_ribbon_mp_hurst_v6_vL,1780385400000000,0.579477528089887,1,0.8900000000000001,eth-updown-5m-1780385100
poly_sniper_v5_eth_5m_k_hurst_ts_cci_tod_euus_v8,1780385400000000,-5.0,0,0.05999999999999999,eth-updown-5m-1780385100
poly_fast_taker_b2_nomerge_eth_5m,1780385400000000,0.8005633802816903,1,0.71,eth-updown-5m-1780385100
poly_sniper_v5_eth_5m_cloud_ribbon_mp_hurst_v6_vL,1780385700000000,1.8464444444444446,1,0.72,eth-updown-5m-1780385400
poly_sniper_v5_eth_5m_cloud_vwap_hurstmp_v7,1780385700000000,1.8464444444444446,1,0.72,eth-updown-5m-1780385400
poly_sniper_v5_eth_5m_v6c3_parent15mrang_v7,1780385700000000,1.8464444444444446,1,0.72,eth-updown-5m-1780385400
poly_sniper_v5_eth_5m_cloud_ribbon_mp_hurst_v6,1780385700000000,1.8464444444444446,1,0.72,eth-updown-5m-1780385400
poly_fast_taker_lagv2_eth_5m,1780385700000000,15.301106557377052,1,0.61,eth-updown-5m-1780385400
poly_sniper_v5_eth_5m_bb_mp_hurst_band_v6,1780385700000000,1.8464444444444446,1,0.72,eth-updown-5m-1780385400
poly_sniper_v5_eth_5m_bb_mp_hurst_band_v6_vL,1780385700000000,1.8464444444444446,1,0.72,eth-updown-5m-1780385400
poly_sniper_v5_eth_5m_ema50_hurst_parent15mrang_v7,1780385700000000,1.8464444444444446,1,0.72,eth-updown-5m-1780385400
poly_sniper_v5_eth_5m_cloud_vwap_hurstmp_v7_vL,1780385700000000,1.8464444444444446,1,0.72,eth-updown-5m-1780385400
poly_sniper_v5_eth_5m_ema50_hurst_parent15mrang_v7_vL,1780385700000000,1.8464444444444446,1,0.72,eth-updown-5m-1780385400
poly_sniper_v5_eth_5m_v6c3_parent15mrang_v7_vL,1780385700000000,1.8464444444444446,1,0.72,eth-updown-5m-1780385400
poly_sniper_v5_eth_5m_bb_mp_hurst_band_v6_vL,1780386000000000,-5.0,0,0.67,eth-updown-5m-1780385700
poly_sniper_v5_eth_5m_bb_mp_hurst_band_v6,1780386000000000,-5.0,0,0.67,eth-updown-5m-1780385700
poly_sniper_v5_eth_5m_l_ema50_hurst_grandparent_v8,1780386000000000,-5.0,0,0.67,eth-updown-5m-1780385700
poly_sniper_v5_eth_5m_ema50_hurst_parent15mrang_v7,1780386000000000,-5.0,0,0.67,eth-updown-5m-1780385700
poly_sniper_v5_eth_5m_ema50_hurst_parent15mrang_v7_vL,1780386000000000,-5.0,0,0.67,eth-updown-5m-1780385700
poly_sniper_v5_eth_5m_v6c3_parent15mrang_v7_vL,1780386300000000,-4.999999999999999,0,0.61,eth-updown-5m-1780386000
poly_sniper_v5_eth_5m_cloud_ribbon_mp_hurst_v6_vL,1780386300000000,-4.999999999999999,0,0.61,eth-updown-5m-1780386000
poly_sniper_v5_eth_5m_bb_mp_hurst_band_v6_vL,1780386300000000,-4.999999999999999,0,0.61,eth-updown-5m-1780386000
poly_sniper_v5_eth_5m_cloud_vwap_hurstmp_v7_vL,1780386300000000,-4.999999999999999,0,0.61,eth-updown-5m-1780386000
poly_sniper_v5_eth_5m_ema50_hurst_parent15mrang_v7_vL,1780386300000000,-4.999999999999999,0,0.61,eth-updown-5m-1780386000
poly_sniper_v5_eth_5m_cloud_ribbon_mp_hurst_v6,1780386900000000,-5.0,0,0.58,eth-updown-5m-1780386600
poly_sniper_v5_eth_5m_cloud_ribbon_mp_hurst_v6_vL,1780386900000000,-5.0,0,0.58,eth-updown-5m-1780386600
poly_sniper_v5_eth_5m_bb_mp_hurst_band_v6,1780386900000000,-5.0,0,0.58,eth-updown-5m-1780386600
poly_sniper_v5_eth_5m_bb_mp_hurst_band_v6_vL,1780386900000000,-5.0,0,0.58,eth-updown-5m-1780386600
poly_sniper_v5_eth_5m_cloud_vwap_hurstmp_v7_vL,1780386900000000,-5.0,0,0.58,eth-updown-5m-1780386600
poly_sniper_v5_eth_5m_cloud_vwap_hurstmp_v7,1780386900000000,-5.0,0,0.58,eth-updown-5m-1780386600
poly_fast_taker_lagv2_eth_5m,1780387200000000,-21.347246753246754,0,0.77,eth-updown-5m-1780386900
poly_sniper_v5_eth_5m_cloud_ribbon_mp_hurst_v6,1780387200000000,-5.0,0,0.83,eth-updown-5m-1780386900
poly_sniper_v5_eth_5m_cloud_ribbon_mp_hurst_v6_vL,1780387200000000,-5.0,0,0.83,eth-updown-5m-1780386900
poly_sniper_v5_eth_5m_cloud_vwap_hurstmp_v7,1780387500000000,3.193333333333334,1,0.6,eth-updown-5m-1780387200
poly_sniper_v5_eth_5m_cloud_ribbon_mp_hurst_v6_vL,1780387500000000,3.193333333333334,1,0.6,eth-updown-5m-1780387200
poly_sniper_v5_eth_5m_cloud_ribbon_mp_hurst_V10,1780387500000000,3.193333333333334,1,0.6,eth-updown-5m-1780387200
poly_sniper_v5_eth_5m_bb_mp_hurst_band_v6,1780387500000000,3.193333333333334,1,0.6,eth-updown-5m-1780387200
poly_sniper_v5_eth_5m_bb_mp_hurst_band_v6_vL,1780387500000000,3.193333333333334,1,0.6,eth-updown-5m-1780387200
poly_sniper_v5_eth_5m_l_ema50_hurst_grandparent_v8,1780387500000000,3.193333333333334,1,0.6,eth-updown-5m-1780387200
poly_sniper_v5_eth_5m_cloud_ribbon_mp_hurst_v6,1780387500000000,3.193333333333334,1,0.6,eth-updown-5m-1780387200
poly_sniper_v5_eth_5m_cloud_vwap_hurstmp_v7_vL,1780387500000000,3.193333333333334,1,0.6,eth-updown-5m-1780387200
poly_fast_taker_b2_nomerge_eth_5m,1780389000000000,-2.0,0,0.62,eth-updown-5m-1780388700
poly_fast_taker_lagv2_eth_5m,1780389600000000,6.613673469091374,1,0.781339631524186,eth-updown-5m-1780389300
poly_fast_taker_lagv2_eth_5m,1780390200000000,-21.038975409836066,0,0.61,eth-updown-5m-1780389900
poly_sniper_v5_eth_5m_tr200_mp_sms_active_off120,1780391400000000,2.569807692307692,1,0.65,eth-updown-5m-1780391100
poly_fast_taker_lagv2_eth_5m,1780391400000000,15.301106557377052,1,0.61,eth-updown-5m-1780391100
poly_sniper_v5_eth_5m_v5repl_off120_v6,1780391400000000,2.569807692307692,1,0.65,eth-updown-5m-1780391100
poly_fast_taker_lagv2_eth_5m,1780392300000000,18.758880801294016,1,0.5614657210401891,eth-updown-5m-1780392000
poly_fast_taker_b2_nomerge_eth_5m,1780392600000000,1.4785964912280705,1,0.57,eth-updown-5m-1780392300
poly_fast_taker_lagv2_eth_5m,1780392600000000,7.474736842105262,1,0.76,eth-updown-5m-1780392300
poly_fast_taker_lagv2_eth_5m,1780393500000000,-25.000000000000004,0,0.53,eth-updown-5m-1780393200
poly_fast_taker_b2_nomerge_eth_5m,1780393800000000,-2.0,0,0.59,eth-updown-5m-1780393500
poly_sniper_v5_eth_5m_ema200_vwap_regimerang_xa3_v7,1780394100000000,-5.0,0,0.36,eth-updown-5m-1780393800
poly_fast_taker_lagv2_eth_5m,1780394100000000,15.966666666666667,1,0.6,eth-updown-5m-1780393800
poly_sniper_v5_eth_5m_ema200_vwap_regimerang_xa3_v7,1780395300000000,-5.0,0,0.66,eth-updown-5m-1780395000
poly_fast_taker_b2_nomerge_eth_5m,1780395300000000,1.0553846153846151,1,0.65,eth-updown-5m-1780395000
poly_sniper_v5_eth_5m_ema200_vwap_regimerang_xa3_v7,1780396500000000,3.7745714285714276,1,0.56,eth-updown-5m-1780396200
poly_sniper_v5_eth_5m_ema200_vwap_regimerang_xa3_v7,1780397100000000,3.3310762711864412,1,0.59,eth-updown-5m-1780396800
poly_fast_taker_b2_nomerge_eth_5m,1780397400000000,0.8805797101449279,1,0.69,eth-updown-5m-1780397100
poly_fast_taker_lagv2_eth_5m,1780397400000000,11.735932835820892,1,0.67,eth-updown-5m-1780397100
poly_fast_taker_lagv2_eth_5m,1780397700000000,10.189285714285715,1,0.7,eth-updown-5m-1780397400
poly_fast_taker_b2_nomerge_eth_5m,1780397700000000,1.0553846153846151,1,0.65,eth-updown-5m-1780397400
poly_sniper_v5_eth_5m_ema200_vwap_regimerang_xa3_v7,1780398000000000,1.4130064935064934,1,0.77,eth-updown-5m-1780397700
poly_sniper_v5_eth_5m_ema200_vwap_regimerang_xa3_v7,1780398300000000,1.5791666666666668,1,0.75,eth-updown-5m-1780398000
poly_sniper_v5_eth_5m_ema200_vwap_regimerang_xa3_v7,1780399500000000,-5.0,0,0.62,eth-updown-5m-1780399200
poly_sniper_v5_eth_5m_ema200_vwap_regimerang_xa3_v7,1780399800000000,3.473689655172415,1,0.58,eth-updown-5m-1780399500
poly_sniper_v5_eth_5m_ema200_vwap_regimerang_xa3_v7,1780400700000000,-5.0,0,0.59,eth-updown-5m-1780400400
poly_sniper_v5_eth_5m_tr200_mp_sms_active_off120,1780401300000000,-5.0,0,0.74,eth-updown-5m-1780401000
poly_sniper_v5_eth_5m_cloud_mp_sms_active_off120,1780401300000000,-5.0,0,0.74,eth-updown-5m-1780401000
poly_sniper_v5_eth_5m_ema200_vwap_regimerang_xa3_v7,1780401300000000,-5.0,0,0.69,eth-updown-5m-1780401000
poly_sniper_v5_eth_5m_v5repl_off120_v6,1780401300000000,-5.0,0,0.74,eth-updown-5m-1780401000
poly_sniper_v5_eth_5m_ema200_vwap_regimerang_xa3_v7,1780401600000000,-5.0,0,0.37,eth-updown-5m-1780401300
poly_fast_taker_lagv2_eth_5m,1780402200000000,6.218119376897288,1,0.7915682153698801,eth-updown-5m-1780401900
poly_sniper_v5_eth_5m_ema200_vwap_regimerang_xa3_v7,1780402500000000,-5.0,0,0.42,eth-updown-5m-1780402200
poly_sniper_v5_eth_5m_ema200_vwap_regimerang_xa3_v7,1780402800000000,1.940753521126761,1,0.71,eth-updown-5m-1780402500
poly_fast_taker_b2_nomerge_eth_5m,1780403700000000,1.1025,1,0.64,eth-updown-5m-1780403400
poly_fast_taker_lagv2_eth_5m,1780404000000000,11.603620420025441,1,0.6724621861843132,eth-updown-5m-1780403700
poly_fast_taker_b2_nomerge_eth_5m,1780404000000000,1.0096969696969698,1,0.66,eth-updown-5m-1780403700
poly_fast_taker_lagv2_eth_5m,1780404300000000,18.082555445845365,1,0.5703272498426682,eth-updown-5m-1780404000
poly_sniper_v5_eth_5m_v6c3_parent15mrang_v7,1780404600000000,2.456757575757575,1,0.66,eth-updown-5m-1780404300
poly_sniper_v5_eth_5m_cloud_vwap_hurstmp_v7_vL,1780404600000000,2.456757575757575,1,0.66,eth-updown-5m-1780404300
poly_sniper_v5_eth_5m_ema50_hurst_parent15mrang_v7,1780404600000000,2.456757575757575,1,0.66,eth-updown-5m-1780404300
poly_sniper_v5_eth_5m_cloud_ribbon_mp_hurst_V10,1780404600000000,2.456757575757575,1,0.66,eth-updown-5m-1780404300
poly_sniper_v5_eth_5m_ema50_hurst_parent15mrang_v7_vL,1780404600000000,2.456757575757575,1,0.66,eth-updown-5m-1780404300
poly_sniper_v5_eth_5m_cloud_vwap_hurstmp_v7,1780404600000000,2.456757575757575,1,0.66,eth-updown-5m-1780404300
poly_sniper_v5_eth_5m_v6c3_parent15mrang_v7_vL,1780404600000000,2.456757575757575,1,0.66,eth-updown-5m-1780404300
poly_sniper_v5_eth_5m_l_ema50_hurst_grandparent_v8,1780404600000000,2.456757575757575,1,0.66,eth-updown-5m-1780404300
poly_sniper_v5_eth_5m_bb_mp_hurst_band_v6,1780404600000000,2.456757575757575,1,0.66,eth-updown-5m-1780404300
poly_sniper_v5_eth_5m_cloud_ribbon_mp_hurst_v6,1780404600000000,2.456757575757575,1,0.66,eth-updown-5m-1780404300
poly_sniper_v5_eth_5m_bb_mp_hurst_band_v6_vL,1780404600000000,2.456757575757575,1,0.66,eth-updown-5m-1780404300
poly_sniper_v5_eth_5m_cloud_ribbon_mp_hurst_v6_vL,1780404600000000,2.456757575757575,1,0.66,eth-updown-5m-1780404300
poly_sniper_v5_eth_5m_ema200_vwap_regimerang_xa3_v7,1780405200000000,-5.0,0,0.56,eth-updown-5m-1780404900
poly_sniper_v5_eth_5m_ema200_vwap_regimerang_xa3_v7,1780405800000000,3.2187011380073542,1,0.5981322837076484,eth-updown-5m-1780405500
poly_sniper_v5_eth_5m_ema200_vwap_regimerang_xa3_v7,1780406700000000,3.1400746632040253,1,0.6039603960396039,eth-updown-5m-1780406400
poly_fast_taker_lagv2_eth_5m,1780407000000000,-15.000000000000002,0,0.6,eth-updown-5m-1780406700
poly_fast_taker_lagv2_eth_5m,1780407600000000,-5.828900000000002,0,0.68,eth-updown-5m-1780407300
poly_sniper_v5_eth_5m_v5repl_off120_v6,1780407900000000,1.4949473684210524,1,0.76,eth-updown-5m-1780407600
poly_sniper_v5_eth_5m_tr200_mp_sms_active_off120,1780407900000000,1.4949473684210524,1,0.76,eth-updown-5m-1780407600
poly_sniper_v5_eth_5m_cloud_mp_sms_active_off120,1780407900000000,1.4949473684210524,1,0.76,eth-updown-5m-1780407600
poly_fast_taker_b2_nomerge_eth_5m,1780408200000000,1.151111111111111,1,0.63,eth-updown-5m-1780407900
poly_fast_taker_lagv2_eth_5m,1780408800000000,9.703767605633805,1,0.71,eth-updown-5m-1780408500
poly_sniper_v5_eth_5m_ema200_vwap_regimerang_xa3_v7,1780408800000000,1.4130064935064934,1,0.77,eth-updown-5m-1780408500
poly_fast_taker_b2_nomerge_eth_5m,1780409700000000,1.3066666666666669,1,0.6,eth-updown-5m-1780409400
poly_fast_taker_lagv2_eth_5m,1780410300000000,-7.462686567164183,0,0.67,eth-updown-5m-1780410000
poly_fast_taker_b2_nomerge_eth_5m,1780410000000000,1.7381132075471695,1,0.53,eth-updown-5m-1780409700
poly_fast_taker_lagv2_eth_5m,1780410000000000,20.056156852481895,1,0.5452324871325134,eth-updown-5m-1780409700
poly_fast_taker_b2_nomerge_eth_5m,1780410300000000,2.04,1,0.49,eth-updown-5m-1780410000
poly_fast_taker_b2_nomerge_eth_5m,1780410600000000,-2.0,0,0.6,eth-updown-5m-1780410300
poly_fast_taker_lagv2_eth_5m,1780410900000000,-1.933827272727274,0,0.55,eth-updown-5m-1780410600
poly_sniper_v5_eth_5m_l_ema50_hurst_grandparent_V10,1780410900000000,-5.0,0,0.42056257579906886,eth-updown-5m-1780410600
poly_sniper_v5_eth_5m_k_hurst_ts_cci_tod_euus_v8,1780410900000000,-5.0,0,0.49,eth-updown-5m-1780410600
poly_sniper_v5_eth_5m_ema50_hurst_parent15mrang_v7_vL,1780410900000000,-5.0,0,0.42056257579906886,eth-updown-5m-1780410600
poly_sniper_v5_eth_5m_l_ema50_hurst_grandparent_v8,1780410900000000,-5.0,0,0.42056257579906886,eth-updown-5m-1780410600
poly_sniper_v5_eth_5m_k_hurst_ts_cci_tod_euus_v8_vL,1780410900000000,-5.0,0,0.49,eth-updown-5m-1780410600
poly_sniper_v5_eth_5m_ema50_hurst_parent15mrang_v7,1780410900000000,-5.0,0,0.42056257579906886,eth-updown-5m-1780410600
poly_fast_taker_b2_nomerge_eth_5m,1780410900000000,-2.0,0,0.49,eth-updown-5m-1780410600
poly_fast_taker_lagv2_eth_5m,1780411200000000,-23.4375,0,0.48,eth-updown-5m-1780410900
poly_sniper_v5_eth_5m_cloud_vwap_hurstmp_v7_vL,1780411200000000,-5.0,0,0.7,eth-updown-5m-1780410900
poly_sniper_v5_eth_5m_cloud_ribbon_mp_hurst_v6,1780411200000000,-5.0,0,0.7,eth-updown-5m-1780410900
poly_sniper_v5_eth_5m_bb_mp_hurst_band_v6,1780411200000000,-5.0,0,0.7,eth-updown-5m-1780410900
poly_sniper_v5_eth_5m_bb_mp_hurst_band_v6_vL,1780411200000000,-5.0,0,0.7,eth-updown-5m-1780410900
poly_sniper_v5_eth_5m_cloud_vwap_hurstmp_v7,1780411200000000,-5.0,0,0.7,eth-updown-5m-1780410900
poly_sniper_v5_eth_5m_cloud_ribbon_mp_hurst_v6_vL,1780411200000000,-5.0,0,0.7,eth-updown-5m-1780410900
poly_fast_taker_b2_nomerge_eth_5m,1780411800000000,1.4193103448275863,1,0.58,eth-updown-5m-1780411500
poly_sniper_v5_eth_5m_cloud_ribbon_mp_hurst_v6_vL,1780411800000000,0.9645963855421689,1,0.83,eth-updown-5m-1780411500
poly_sniper_v5_eth_5m_cloud_ribbon_mp_hurst_v6,1780411800000000,0.9645963855421689,1,0.83,eth-updown-5m-1780411500
poly_fast_taker_lagv2_eth_5m,1780412100000000,-11.051809836065575,0,0.61,eth-updown-5m-1780411800
poly_sniper_v5_eth_5m_bb_mp_hurst_band_v6,1780412100000000,3.473689655172415,1,0.58,eth-updown-5m-1780411800
poly_sniper_v5_eth_5m_lq_ema50_hurst_grandparent_prev15m_v8,1780412100000000,3.473689655172415,1,0.58,eth-updown-5m-1780411800
poly_sniper_v5_eth_5m_lq_ema50_hurst_grandparent_prev15m_v8_vL,1780412100000000,3.473689655172415,1,0.58,eth-updown-5m-1780411800
poly_sniper_v5_eth_5m_l_ema50_hurst_grandparent_v8,1780412100000000,3.473689655172415,1,0.58,eth-updown-5m-1780411800
poly_fast_taker_b2_nomerge_eth_5m,1780412100000000,-2.0,0,0.56,eth-updown-5m-1780411800
poly_sniper_v5_eth_5m_bb_mp_hurst_band_v6_vL,1780412100000000,3.473689655172415,1,0.58,eth-updown-5m-1780411800
poly_fast_taker_lagv2_eth_5m,1780412400000000,-5.816140983606556,0,0.61,eth-updown-5m-1780412100
poly_sniper_v5_eth_5m_cloud_vwap_hurstmp_v7_vL,1780412400000000,4.611768458831764,1,0.5110966955632876,eth-updown-5m-1780412100
poly_sniper_v5_eth_5m_lq_ema50_hurst_grandparent_prev15m_v8,1780412400000000,4.611768458831764,1,0.5110966955632876,eth-updown-5m-1780412100
poly_sniper_v5_eth_5m_cloud_ribbon_mp_hurst_v6_vL,1780412400000000,4.611768458831764,1,0.5110966955632876,eth-updown-5m-1780412100
poly_sniper_v5_eth_5m_k_hurst_ts_cci_tod_euus_v8,1780412400000000,4.281855536222971,1,0.5292907503944714,eth-updown-5m-1780412100
poly_sniper_v5_eth_5m_bb_mp_hurst_band_v6_vL,1780412400000000,4.611768458831764,1,0.5110966955632876,eth-updown-5m-1780412100
poly_sniper_v5_eth_5m_cloud_ribbon_mp_hurst_v6,1780412400000000,4.611768458831764,1,0.5110966955632876,eth-updown-5m-1780412100
poly_sniper_v5_eth_5m_bb_mp_hurst_band_v6,1780412400000000,4.611768458831764,1,0.5110966955632876,eth-updown-5m-1780412100
poly_sniper_v5_eth_5m_l_ema50_hurst_grandparent_v8,1780412400000000,4.611768458831764,1,0.5110966955632876,eth-updown-5m-1780412100
poly_sniper_v5_eth_5m_cloud_ribbon_mp_hurst_V10,1780412400000000,4.611768458831764,1,0.5110966955632876,eth-updown-5m-1780412100
poly_sniper_v5_eth_5m_cloud_vwap_hurstmp_v7,1780412400000000,4.611768458831764,1,0.5110966955632876,eth-updown-5m-1780412100
poly_fast_taker_b2_nomerge_eth_5m,1780412400000000,-2.0,0,0.63,eth-updown-5m-1780412100
poly_sniper_v5_eth_5m_bb_mp_hurst_band_V10,1780412400000000,4.611768458831764,1,0.5110966955632876,eth-updown-5m-1780412100
poly_sniper_v5_eth_5m_k_hurst_ts_cci_tod_euus_v8_vL,1780412400000000,4.281855536222971,1,0.5292907503944714,eth-updown-5m-1780412100
poly_sniper_v5_eth_5m_lq_ema50_hurst_grandparent_prev15m_v8_vL,1780412400000000,4.611768458831764,1,0.5110966955632876,eth-updown-5m-1780412100
poly_sniper_v5_eth_5m_bb_mp_hurst_band_v6,1780412700000000,2.3471865671641785,1,0.67,eth-updown-5m-1780412400
poly_sniper_v5_eth_5m_cloud_vwap_hurstmp_v7,1780412700000000,2.3471865671641785,1,0.67,eth-updown-5m-1780412400
poly_sniper_v5_eth_5m_lq_ema50_hurst_grandparent_prev15m_v8,1780412700000000,2.3471865671641785,1,0.67,eth-updown-5m-1780412400
poly_sniper_v5_eth_5m_cloud_vwap_hurstmp_v7_vL,1780412700000000,2.3471865671641785,1,0.67,eth-updown-5m-1780412400
poly_sniper_v5_eth_5m_cloud_ribbon_mp_hurst_v6_vL,1780412700000000,2.3471865671641785,1,0.67,eth-updown-5m-1780412400
poly_sniper_v5_eth_5m_cloud_ribbon_mp_hurst_v6,1780412700000000,2.3471865671641785,1,0.67,eth-updown-5m-1780412400
poly_sniper_v5_eth_5m_l_ema50_hurst_grandparent_v8,1780412700000000,2.3471865671641785,1,0.67,eth-updown-5m-1780412400
poly_sniper_v5_eth_5m_lq_ema50_hurst_grandparent_prev15m_v8_vL,1780412700000000,2.3471865671641785,1,0.67,eth-updown-5m-1780412400
poly_sniper_v5_eth_5m_cloud_ribbon_mp_hurst_V10,1780412700000000,2.3471865671641785,1,0.67,eth-updown-5m-1780412400
poly_sniper_v5_eth_5m_bb_mp_hurst_band_v6_vL,1780412700000000,2.3471865671641785,1,0.67,eth-updown-5m-1780412400
poly_sniper_v5_eth_5m_cloud_ribbon_mp_hurst_v6,1780413000000000,2.8044785563591788,1,0.6302065895976524,eth-updown-5m-1780412700
poly_sniper_v5_eth_5m_tr200_mp_sms_active_off120,1780413000000000,1.940753521126761,1,0.71,eth-updown-5m-1780412700
poly_sniper_v5_eth_5m_bb_mp_hurst_band_v6,1780413000000000,2.8044785563591788,1,0.6302065895976524,eth-updown-5m-1780412700
poly_sniper_v5_eth_5m_ema50_hurst_parent15mrang_v7_vL,1780413000000000,2.8044785563591788,1,0.6302065895976524,eth-updown-5m-1780412700
poly_sniper_v5_eth_5m_bb_mp_hurst_band_v6_vL,1780413000000000,2.8044785563591788,1,0.6302065895976524,eth-updown-5m-1780412700
poly_sniper_v5_eth_5m_v6c3_parent15mrang_v7,1780413000000000,2.8044785563591788,1,0.6302065895976524,eth-updown-5m-1780412700
poly_sniper_v5_eth_5m_ema50_hurst_parent15mrang_v7,1780413000000000,2.8044785563591788,1,0.6302065895976524,eth-updown-5m-1780412700
poly_sniper_v5_eth_5m_cloud_vwap_hurstmp_v7,1780413000000000,2.8044785563591788,1,0.6302065895976524,eth-updown-5m-1780412700
poly_fast_taker_lagv2_eth_5m,1780413000000000,15.966666666666667,1,0.6,eth-updown-5m-1780412700
poly_sniper_v5_eth_5m_cloud_ribbon_mp_hurst_v6_vL,1780413000000000,2.8044785563591788,1,0.6302065895976524,eth-updown-5m-1780412700
poly_sniper_v5_eth_5m_v5repl_off120_v6,1780413000000000,1.940753521126761,1,0.71,eth-updown-5m-1780412700
poly_sniper_v5_eth_5m_cloud_vwap_hurstmp_v7_vL,1780413000000000,2.8044785563591788,1,0.6302065895976524,eth-updown-5m-1780412700
poly_sniper_v5_eth_5m_v6c3_parent15mrang_v7_vL,1780413000000000,2.8044785563591788,1,0.6302065895976524,eth-updown-5m-1780412700
poly_sniper_v5_eth_5m_l_ema50_hurst_grandparent_v8,1780413300000000,1.6657567567567568,1,0.74,eth-updown-5m-1780413000
poly_sniper_v5_eth_5m_ema50_hurst_parent15mrang_v7,1780413300000000,1.6657567567567568,1,0.74,eth-updown-5m-1780413000
poly_sniper_v5_eth_5m_bb_mp_hurst_band_v6_vL,1780413300000000,1.6657567567567568,1,0.74,eth-updown-5m-1780413000
poly_sniper_v5_eth_5m_bb_mp_hurst_band_v6,1780413300000000,1.6657567567567568,1,0.74,eth-updown-5m-1780413000
poly_sniper_v5_eth_5m_ema50_hurst_parent15mrang_v7_vL,1780413300000000,1.6657567567567568,1,0.74,eth-updown-5m-1780413000
poly_fast_taker_lagv2_eth_5m,1780413300000000,9.232222222222223,1,0.72,eth-updown-5m-1780413000
poly_sniper_v5_eth_5m_cloud_ribbon_mp_hurst_v6_vL,1780413600000000,1.4949473684210524,1,0.76,eth-updown-5m-1780413300
poly_sniper_v5_eth_5m_cloud_vwap_hurstmp_v7,1780413600000000,1.4949473684210524,1,0.76,eth-updown-5m-1780413300
poly_sniper_v5_eth_5m_v6c3_parent15mrang_v7_vL,1780413600000000,1.4949473684210524,1,0.76,eth-updown-5m-1780413300
poly_sniper_v5_eth_5m_cloud_ribbon_mp_hurst_v6,1780413600000000,1.4949473684210524,1,0.76,eth-updown-5m-1780413300
poly_sniper_v5_eth_5m_ema50_hurst_parent15mrang_v7,1780413600000000,1.4949473684210524,1,0.76,eth-updown-5m-1780413300
poly_sniper_v5_eth_5m_bb_mp_hurst_band_v6_vL,1780413600000000,1.4949473684210524,1,0.76,eth-updown-5m-1780413300
poly_sniper_v5_eth_5m_cloud_ribbon_mp_hurst_V10,1780413600000000,1.4949473684210524,1,0.76,eth-updown-5m-1780413300
poly_sniper_v5_eth_5m_bb_mp_hurst_band_v6,1780413600000000,1.4949473684210524,1,0.76,eth-updown-5m-1780413300
poly_sniper_v5_eth_5m_cloud_vwap_hurstmp_v7_vL,1780413600000000,1.4949473684210524,1,0.76,eth-updown-5m-1780413300
poly_sniper_v5_eth_5m_l_ema50_hurst_grandparent_v8,1780413600000000,1.4949473684210524,1,0.76,eth-updown-5m-1780413300
poly_sniper_v5_eth_5m_ema50_hurst_parent15mrang_v7_vL,1780413600000000,1.4949473684210524,1,0.76,eth-updown-5m-1780413300
poly_fast_taker_lagv2_eth_5m,1780413600000000,11.735932835820892,1,0.67,eth-updown-5m-1780413300
poly_sniper_v5_eth_5m_v6c3_parent15mrang_v7,1780413600000000,1.4949473684210524,1,0.76,eth-updown-5m-1780413300
poly_sniper_v5_eth_5m_ema50_hurst_parent15mrang_v7_vL,1780413900000000,-5.0,0,0.32,eth-updown-5m-1780413600
poly_fast_taker_b2_nomerge_eth_5m,1780413900000000,2.2102127659574466,1,0.47,eth-updown-5m-1780413600
poly_sniper_v5_eth_5m_k_hurst_ts_cci_tod_euus_v8_vL,1780414200000000,0.579477528089887,1,0.8900000000000001,eth-updown-5m-1780413900
poly_sniper_v5_eth_5m_k_hurst_ts_cci_tod_euus_v8,1780414200000000,0.579477528089887,1,0.8900000000000001,eth-updown-5m-1780413900
poly_sniper_v5_eth_5m_ema50_hurst_parent15mrang_v7_vL,1780414200000000,2.8070079365079366,1,0.63,eth-updown-5m-1780413900
poly_fast_taker_b2_nomerge_eth_5m,1780414200000000,1.5399999999999998,1,0.56,eth-updown-5m-1780413900
poly_fast_taker_lagv2_eth_5m,1780414200000000,14.035039682539683,1,0.63,eth-updown-5m-1780413900
poly_fast_taker_lagv2_eth_5m,1780414800000000,-3.6290322580645147,0,0.62,eth-updown-5m-1780414500
poly_fast_taker_b2_nomerge_eth_5m,1780414500000000,1.96,1,0.5,eth-updown-5m-1780414200
poly_sniper_v5_eth_5m_a2_hlcascade50k_v9,1780414800000000,-5.0,0,0.55,eth-updown-5m-1780414500
poly_sniper_v5_eth_5m_cloud_vwap_hurstmp_v7,1780414800000000,2.569807692307692,1,0.65,eth-updown-5m-1780414500
poly_sniper_v5_eth_5m_cloud_ribbon_mp_hurst_v6,1780414800000000,2.569807692307692,1,0.65,eth-updown-5m-1780414500
poly_sniper_v5_eth_5m_cloud_vwap_hurstmp_v7_vL,1780414800000000,2.569807692307692,1,0.65,eth-updown-5m-1780414500
poly_sniper_v5_eth_5m_bb_mp_hurst_band_v6_vL,1780414800000000,2.569807692307692,1,0.65,eth-updown-5m-1780414500
poly_sniper_v5_eth_5m_k_hurst_ts_cci_tod_euus_v8_vL,1780414800000000,-5.0,0,0.71,eth-updown-5m-1780414500
poly_sniper_v5_eth_5m_bb_mp_hurst_band_v6,1780414800000000,2.569807692307692,1,0.65,eth-updown-5m-1780414500
poly_sniper_v5_eth_5m_up_a2_hlcascade25k_v9,1780414800000000,5.541208346238596,1,0.4660663995874817,eth-updown-5m-1780414500
poly_sniper_v5_eth_5m_a2_hlcascade50k_v9,1780414800000000,5.541208346238596,1,0.4660663995874817,eth-updown-5m-1780414500
poly_sniper_v5_eth_5m_cloud_ribbon_mp_hurst_v6_vL,1780414800000000,2.569807692307692,1,0.65,eth-updown-5m-1780414500
poly_fast_taker_b2_nomerge_eth_5m,1780414800000000,-1.9999999999999998,0,0.47,eth-updown-5m-1780414500
poly_sniper_v5_eth_5m_cloud_ribbon_mp_hurst_v6,1780415100000000,1.8464444444444446,1,0.72,eth-updown-5m-1780414800
poly_sniper_v5_eth_5m_cloud_vwap_hurstmp_v7,1780415100000000,1.8464444444444446,1,0.72,eth-updown-5m-1780414800
poly_sniper_v5_eth_5m_bb_mp_hurst_band_v6_vL,1780415100000000,1.8464444444444446,1,0.72,eth-updown-5m-1780414800
poly_sniper_v5_eth_5m_k_hurst_ts_cci_tod_euus_v8_vL,1780415100000000,-5.0,0,0.38,eth-updown-5m-1780414800
poly_fast_taker_lagv2_eth_5m,1780415100000000,18.10714912280702,1,0.57,eth-updown-5m-1780414800
poly_sniper_v5_eth_5m_bb_mp_hurst_band_v6,1780415100000000,1.8464444444444446,1,0.72,eth-updown-5m-1780414800
poly_sniper_v5_eth_5m_k_hurst_ts_cci_tod_euus_v8,1780415100000000,-5.0,0,0.38,eth-updown-5m-1780414800
poly_sniper_v5_eth_5m_cloud_vwap_hurstmp_v7_vL,1780415100000000,1.8464444444444446,1,0.72,eth-updown-5m-1780414800
poly_sniper_v5_eth_5m_cloud_ribbon_mp_hurst_v6_vL,1780415100000000,1.8464444444444446,1,0.72,eth-updown-5m-1780414800
poly_fast_taker_lagv2_eth_5m,1780415400000000,-13.181818181818183,0,0.55,eth-updown-5m-1780415100
poly_sniper_v5_eth_5m_a2_hlcascade50k_v9,1780415400000000,6.761965479601583,1,0.4178605539637058,eth-updown-5m-1780415100
poly_sniper_v5_eth_5m_a2_hlcascade50k_v9,1780415400000000,-5.0,0,0.6,eth-updown-5m-1780415100
poly_sniper_v5_eth_5m_cloud_vwap_hurstmp_v7_vL,1780415400000000,-5.0,0,0.79,eth-updown-5m-1780415100
poly_sniper_v5_eth_5m_bb_mp_hurst_band_v6_vL,1780415400000000,-5.0,0,0.79,eth-updown-5m-1780415100
poly_sniper_v5_eth_5m_cloud_vwap_hurstmp_v7,1780415400000000,-5.0,0,0.79,eth-updown-5m-1780415100
poly_sniper_v5_eth_5m_up_a2_hlcascade25k_v9,1780415400000000,-5.0,0,0.6,eth-updown-5m-1780415100
poly_sniper_v5_eth_5m_cloud_ribbon_mp_hurst_v6_vL,1780415400000000,-5.0,0,0.79,eth-updown-5m-1780415100
poly_fast_taker_b2_nomerge_eth_5m,1780415400000000,-2.0,0,0.53,eth-updown-5m-1780415100
poly_sniper_v5_eth_5m_bb_mp_hurst_band_v6,1780415400000000,-5.0,0,0.79,eth-updown-5m-1780415100
poly_sniper_v5_eth_5m_cloud_ribbon_mp_hurst_v6,1780415400000000,-5.0,0,0.79,eth-updown-5m-1780415100
poly_fast_taker_lagv2_eth_5m,1780415700000000,-6.140350877192984,0,0.57,eth-updown-5m-1780415400
poly_sniper_v5_eth_5m_cloud_vwap_hurstmp_v7,1780415700000000,-5.0,0,0.56,eth-updown-5m-1780415400
poly_sniper_v5_eth_5m_cloud_ribbon_mp_hurst_v6,1780415700000000,-5.0,0,0.56,eth-updown-5m-1780415400
poly_sniper_v5_eth_5m_cloud_ribbon_mp_hurst_v6_vL,1780415700000000,-5.0,0,0.56,eth-updown-5m-1780415400
poly_sniper_v5_eth_5m_l_ema50_hurst_grandparent_v8,1780415700000000,-5.0,0,0.56,eth-updown-5m-1780415400
poly_sniper_v5_eth_5m_bb_mp_hurst_band_v6,1780415700000000,-5.0,0,0.56,eth-updown-5m-1780415400
poly_sniper_v5_eth_5m_lq_ema50_hurst_grandparent_prev15m_v8_vL,1780415700000000,-5.0,0,0.56,eth-updown-5m-1780415400
poly_sniper_v5_eth_5m_cloud_ribbon_mp_hurst_V10,1780415700000000,-5.0,0,0.56,eth-updown-5m-1780415400
poly_sniper_v5_eth_5m_lq_ema50_hurst_grandparent_prev15m_v8,1780415700000000,-5.0,0,0.56,eth-updown-5m-1780415400
poly_sniper_v5_eth_5m_bb_mp_hurst_band_v6_vL,1780415700000000,-5.0,0,0.56,eth-updown-5m-1780415400
poly_sniper_v5_eth_5m_cloud_vwap_hurstmp_v7_vL,1780415700000000,-5.0,0,0.56,eth-updown-5m-1780415400
poly_sniper_v5_eth_5m_cloud_vwap_hurstmp_v7_vL,1780416300000000,-5.0,0,0.73,eth-updown-5m-1780416000
poly_sniper_v5_eth_5m_cloud_ribbon_mp_hurst_v6,1780416300000000,-5.0,0,0.73,eth-updown-5m-1780416000
poly_sniper_v5_eth_5m_cloud_ribbon_mp_hurst_v6_vL,1780416300000000,-5.0,0,0.73,eth-updown-5m-1780416000
poly_sniper_v5_eth_5m_cloud_vwap_hurstmp_v7,1780416300000000,-5.0,0,0.73,eth-updown-5m-1780416000
poly_sniper_v5_eth_5m_lq_ema50_hurst_grandparent_prev15m_v8_vL,1780416300000000,-5.0,0,0.73,eth-updown-5m-1780416000
poly_sniper_v5_eth_5m_l_ema50_hurst_grandparent_v8,1780416300000000,-5.0,0,0.73,eth-updown-5m-1780416000
poly_sniper_v5_eth_5m_bb_mp_hurst_band_v6_vL,1780416300000000,-5.0,0,0.73,eth-updown-5m-1780416000
poly_sniper_v5_eth_5m_cloud_ribbon_mp_hurst_V10,1780416300000000,-5.0,0,0.73,eth-updown-5m-1780416000
poly_fast_taker_b2_nomerge_eth_5m,1780416300000000,-2.0,0,0.61,eth-updown-5m-1780416000
poly_sniper_v5_eth_5m_k_hurst_ts_cci_tod_euus_v8_vL,1780416300000000,33.15703846153846,1,0.13,eth-updown-5m-1780416000
poly_sniper_v5_eth_5m_bb_mp_hurst_band_v6,1780416300000000,-5.0,0,0.73,eth-updown-5m-1780416000
poly_sniper_v5_eth_5m_lq_ema50_hurst_grandparent_prev15m_v8,1780416300000000,-5.0,0,0.73,eth-updown-5m-1780416000
poly_fast_taker_lagv2_eth_5m,1780416900000000,-7.307692307692306,0,0.65,eth-updown-5m-1780416600
poly_sniper_v5_eth_5m_cloud_vwap_hurstmp_v7,1780416600000000,2.456757575757575,1,0.66,eth-updown-5m-1780416300
poly_sniper_v5_eth_5m_ema50_hurst_parent15mrang_v7,1780416600000000,2.456757575757575,1,0.66,eth-updown-5m-1780416300
poly_sniper_v5_eth_5m_v6c3_parent15mrang_v7,1780416600000000,2.456757575757575,1,0.66,eth-updown-5m-1780416300
poly_sniper_v5_eth_5m_v6c3_parent15mrang_v7_vL,1780416600000000,2.456757575757575,1,0.66,eth-updown-5m-1780416300
poly_sniper_v5_eth_5m_cloud_ribbon_mp_hurst_v6_vL,1780416600000000,2.456757575757575,1,0.66,eth-updown-5m-1780416300
poly_sniper_v5_eth_5m_ema50_hurst_parent15mrang_v7_vL,1780416600000000,2.456757575757575,1,0.66,eth-updown-5m-1780416300
poly_sniper_v5_eth_5m_cloud_ribbon_mp_hurst_v6,1780416600000000,2.456757575757575,1,0.66,eth-updown-5m-1780416300
poly_sniper_v5_eth_5m_bb_mp_hurst_band_v6,1780416600000000,2.456757575757575,1,0.66,eth-updown-5m-1780416300
poly_sniper_v5_eth_5m_cloud_vwap_hurstmp_v7_vL,1780416600000000,2.456757575757575,1,0.66,eth-updown-5m-1780416300
poly_sniper_v5_eth_5m_bb_mp_hurst_band_v6_vL,1780416600000000,2.456757575757575,1,0.66,eth-updown-5m-1780416300
poly_sniper_v5_eth_5m_ema200_vwap_regimerang_xa3_v7,1780416600000000,5.065112656134829,1,0.48807697671175565,eth-updown-5m-1780416300
poly_sniper_v5_eth_5m_bb_mp_hurst_band_v6_vL,1780416900000000,2.569807692307692,1,0.65,eth-updown-5m-1780416600
poly_sniper_v5_eth_5m_bb_mp_hurst_band_v6,1780416900000000,2.569807692307692,1,0.65,eth-updown-5m-1780416600
poly_sniper_v5_eth_5m_ema50_hurst_parent15mrang_v7_vL,1780416900000000,2.569807692307692,1,0.65,eth-updown-5m-1780416600
poly_sniper_v5_eth_5m_up_a2_hlcascade25k_v9,1780416900000000,4.098259259259258,1,0.54,eth-updown-5m-1780416600
poly_sniper_v5_eth_5m_a2_hlcascade50k_v9,1780416900000000,-5.0,0,0.4764267990074441,eth-updown-5m-1780416600
poly_sniper_v5_eth_5m_cloud_ribbon_mp_hurst_v6_vL,1780416900000000,2.569807692307692,1,0.65,eth-updown-5m-1780416600
poly_sniper_v5_eth_5m_ema50_hurst_parent15mrang_v7,1780416900000000,2.569807692307692,1,0.65,eth-updown-5m-1780416600
poly_sniper_v5_eth_5m_v6c3_parent15mrang_v7_vL,1780416900000000,2.569807692307692,1,0.65,eth-updown-5m-1780416600
poly_fast_taker_b2_nomerge_eth_5m,1780416900000000,-2.0,0,0.75,eth-updown-5m-1780416600
poly_sniper_v5_eth_5m_v6c3_parent15mrang_v7,1780416900000000,2.569807692307692,1,0.65,eth-updown-5m-1780416600
poly_sniper_v5_eth_5m_cloud_vwap_hurstmp_v7_vL,1780416900000000,2.569807692307692,1,0.65,eth-updown-5m-1780416600
poly_sniper_v5_eth_5m_cloud_vwap_hurstmp_v7,1780416900000000,2.569807692307692,1,0.65,eth-updown-5m-1780416600
poly_sniper_v5_eth_5m_k_hurst_ts_cci_tod_euus_v8_vL,1780416900000000,0.5205555555555553,1,0.9,eth-updown-5m-1780416600
poly_sniper_v5_eth_5m_a2_hlcascade50k_v9,1780416900000000,4.098259259259258,1,0.54,eth-updown-5m-1780416600
poly_sniper_v5_eth_5m_cloud_ribbon_mp_hurst_v6,1780416900000000,2.569807692307692,1,0.65,eth-updown-5m-1780416600
poly_sniper_v5_eth_5m_k_hurst_ts_cci_tod_euus_v8,1780417200000000,4.269462264150942,1,0.53,eth-updown-5m-1780416900
poly_sniper_v5_eth_5m_k_hurst_ts_cci_tod_euus_v8_vL,1780417200000000,4.269462264150942,1,0.53,eth-updown-5m-1780416900
poly_fast_taker_b2_nomerge_eth_5m,1780417200000000,1.201290322580645,1,0.62,eth-updown-5m-1780416900
poly_sniper_v5_eth_5m_l_ema50_hurst_grandparent_v8,1780417500000000,0.7649534883720924,1,0.8600000000000001,eth-updown-5m-1780417200
poly_sniper_v5_eth_5m_cloud_ribbon_mp_hurst_V10,1780417500000000,0.7649534883720924,1,0.8600000000000001,eth-updown-5m-1780417200
poly_sniper_v5_eth_5m_cloud_ribbon_mp_hurst_v6,1780417500000000,0.7649534883720924,1,0.8600000000000001,eth-updown-5m-1780417200
poly_sniper_v5_eth_5m_k_hurst_ts_cci_tod_euus_v8_vL,1780417500000000,-5.0,0,0.11,eth-updown-5m-1780417200
poly_sniper_v5_eth_5m_k_hurst_ts_cci_tod_euus_v8,1780417500000000,-5.0,0,0.11,eth-updown-5m-1780417200
poly_sniper_v5_eth_5m_cloud_ribbon_mp_hurst_v6_vL,1780417500000000,0.7649534883720924,1,0.8600000000000001,eth-updown-5m-1780417200
poly_fast_taker_lagv2_eth_5m,1780417800000000,-8.898305084745763,0,0.59,eth-updown-5m-1780417500
poly_sniper_v5_eth_5m_k_hurst_ts_cci_tod_euus_v8_vL,1780417800000000,9.058214285714287,1,0.35,eth-updown-5m-1780417500
poly_sniper_v5_eth_5m_cloud_vwap_hurstmp_v7,1780417800000000,-5.0,0,0.71,eth-updown-5m-1780417500
poly_sniper_v5_eth_5m_cloud_vwap_hurstmp_v7_vL,1780417800000000,-5.0,0,0.71,eth-updown-5m-1780417500
poly_sniper_v5_eth_5m_bb_mp_hurst_band_v6,1780417800000000,-5.0,0,0.71,eth-updown-5m-1780417500
poly_sniper_v5_eth_5m_cloud_ribbon_mp_hurst_v6,1780417800000000,-5.0,0,0.71,eth-updown-5m-1780417500
poly_sniper_v5_eth_5m_k_hurst_ts_cci_tod_euus_v8,1780417800000000,9.058214285714287,1,0.35,eth-updown-5m-1780417500
poly_sniper_v5_eth_5m_l_ema50_hurst_grandparent_v8,1780417800000000,-5.0,0,0.71,eth-updown-5m-1780417500
poly_sniper_v5_eth_5m_bb_mp_hurst_band_v6_vL,1780417800000000,-5.0,0,0.71,eth-updown-5m-1780417500
poly_sniper_v5_eth_5m_cloud_ribbon_mp_hurst_v6_vL,1780417800000000,-5.0,0,0.71,eth-updown-5m-1780417500
poly_sniper_v5_eth_5m_cloud_ribbon_mp_hurst_V10,1780417800000000,-5.0,0,0.71,eth-updown-5m-1780417500
poly_fast_taker_lagv2_eth_5m,1780418100000000,13.979100946372242,1,0.6309148264984227,eth-updown-5m-1780417800
poly_sniper_v5_eth_5m_bb_mp_hurst_band_v6_vL,1780418400000000,-5.0,0,0.66,eth-updown-5m-1780418100
poly_sniper_v5_eth_5m_cloud_vwap_hurstmp_v7,1780418400000000,-5.0,0,0.66,eth-updown-5m-1780418100
poly_sniper_v5_eth_5m_bb_mp_hurst_band_v6,1780418400000000,-5.0,0,0.66,eth-updown-5m-1780418100
poly_sniper_v5_eth_5m_cloud_ribbon_mp_hurst_v6_vL,1780418400000000,-5.0,0,0.66,eth-updown-5m-1780418100
poly_sniper_v5_eth_5m_cloud_vwap_hurstmp_v7_vL,1780418400000000,-5.0,0,0.66,eth-updown-5m-1780418100
poly_fast_taker_b2_nomerge_eth_5m,1780418400000000,-2.0,0,0.58,eth-updown-5m-1780418100
poly_sniper_v5_eth_5m_cloud_ribbon_mp_hurst_v6,1780418400000000,-5.0,0,0.66,eth-updown-5m-1780418100
poly_sniper_v5_eth_5m_cloud_vwap_hurstmp_v7_vL,1780418700000000,1.940753521126761,1,0.71,eth-updown-5m-1780418400
poly_sniper_v5_eth_5m_cloud_ribbon_mp_hurst_v6_vL,1780418700000000,1.940753521126761,1,0.71,eth-updown-5m-1780418400
poly_sniper_v5_eth_5m_cloud_ribbon_mp_hurst_v6,1780418700000000,1.940753521126761,1,0.71,eth-updown-5m-1780418400
poly_sniper_v5_eth_5m_bb_mp_hurst_band_v6_vL,1780418700000000,1.940753521126761,1,0.71,eth-updown-5m-1780418400
poly_sniper_v5_eth_5m_bb_mp_hurst_band_v6,1780418700000000,1.940753521126761,1,0.71,eth-updown-5m-1780418400
poly_sniper_v5_eth_5m_cloud_vwap_hurstmp_v7,1780418700000000,1.940753521126761,1,0.71,eth-updown-5m-1780418400
poly_fast_taker_lagv2_eth_5m,1780419600000000,-6.86666666666667,0,0.6,eth-updown-5m-1780419300
poly_sniper_v5_eth_5m_cloud_vwap_hurstmp_v7,1780419300000000,2.456757575757575,1,0.66,eth-updown-5m-1780419000
poly_sniper_v5_eth_5m_bb_mp_hurst_band_v6,1780419300000000,2.456757575757575,1,0.66,eth-updown-5m-1780419000
poly_sniper_v5_eth_5m_cloud_ribbon_mp_hurst_v6_vL,1780419300000000,2.456757575757575,1,0.66,eth-updown-5m-1780419000
poly_sniper_v5_eth_5m_l_ema50_hurst_grandparent_v8,1780419300000000,2.456757575757575,1,0.66,eth-updown-5m-1780419000
poly_sniper_v5_eth_5m_bb_mp_hurst_band_v6_vL,1780419300000000,2.456757575757575,1,0.66,eth-updown-5m-1780419000
poly_sniper_v5_eth_5m_cloud_ribbon_mp_hurst_V10,1780419300000000,2.456757575757575,1,0.66,eth-updown-5m-1780419000
poly_sniper_v5_eth_5m_cloud_ribbon_mp_hurst_v6,1780419300000000,2.456757575757575,1,0.66,eth-updown-5m-1780419000
poly_sniper_v5_eth_5m_lq_ema50_hurst_grandparent_prev15m_v8,1780419300000000,2.456757575757575,1,0.66,eth-updown-5m-1780419000
poly_sniper_v5_eth_5m_cloud_vwap_hurstmp_v7_vL,1780419300000000,2.456757575757575,1,0.66,eth-updown-5m-1780419000
poly_sniper_v5_eth_5m_k_hurst_ts_cci_tod_euus_v8_vL,1780419300000000,1.2556139240506328,1,0.79,eth-updown-5m-1780419000
poly_fast_taker_lagv2_eth_5m,1780419300000000,16.655381355932207,1,0.59,eth-updown-5m-1780419000
poly_sniper_v5_eth_5m_lq_ema50_hurst_grandparent_prev15m_v8_vL,1780419300000000,2.456757575757575,1,0.66,eth-updown-5m-1780419000
poly_sniper_v5_eth_5m_cloud_mp_sms_active_off120,1780419600000000,-5.0,0,0.66,eth-updown-5m-1780419300
poly_sniper_v5_eth_5m_tr200_mp_sms_active_off120,1780419600000000,-5.0,0,0.66,eth-updown-5m-1780419300
poly_sniper_v5_eth_5m_v5repl_off120_v6,1780419600000000,-5.0,0,0.66,eth-updown-5m-1780419300
poly_sniper_v5_eth_5m_cloud_vwap_hurstmp_v7,1780419900000000,1.7548150684931507,1,0.73,eth-updown-5m-1780419600
poly_sniper_v5_eth_5m_cloud_vwap_hurstmp_v7_vL,1780419900000000,1.7548150684931507,1,0.73,eth-updown-5m-1780419600
poly_sniper_v5_eth_5m_bb_mp_hurst_band_v6,1780419900000000,1.7548150684931507,1,0.73,eth-updown-5m-1780419600
poly_sniper_v5_eth_5m_cloud_ribbon_mp_hurst_v6_vL,1780419900000000,1.7548150684931507,1,0.73,eth-updown-5m-1780419600
poly_sniper_v5_eth_5m_cloud_ribbon_mp_hurst_v6,1780419900000000,1.7548150684931507,1,0.73,eth-updown-5m-1780419600
poly_sniper_v5_eth_5m_bb_mp_hurst_band_v6_vL,1780419900000000,1.7548150684931507,1,0.73,eth-updown-5m-1780419600
poly_fast_taker_lagv2_eth_5m,1780420200000000,-13.524590163934425,0,0.61,eth-updown-5m-1780419900
poly_fast_taker_b2_nomerge_eth_5m,1780420200000000,-2.0,0,0.53,eth-updown-5m-1780419900
poly_sniper_v5_eth_5m_bb_mp_hurst_band_v6,1780420200000000,-5.0,0,0.6586957823509451,eth-updown-5m-1780419900
poly_sniper_v5_eth_5m_k_hurst_ts_cci_tod_euus_v8_vL,1780420200000000,10.386999999999999,1,0.32,eth-updown-5m-1780419900
poly_sniper_v5_eth_5m_k_hurst_ts_cci_tod_euus_v8,1780420200000000,10.386999999999999,1,0.32,eth-updown-5m-1780419900
poly_sniper_v5_eth_5m_bb_mp_hurst_band_v6_vL,1780420200000000,-5.0,0,0.6586957823509451,eth-updown-5m-1780419900
poly_sniper_v5_eth_5m_cloud_ribbon_mp_hurst_v6,1780420500000000,2.1378768115942033,1,0.69,eth-updown-5m-1780420200
poly_sniper_v5_eth_5m_bb_mp_hurst_band_v6_vL,1780420500000000,2.1378768115942033,1,0.69,eth-updown-5m-1780420200
poly_sniper_v5_eth_5m_cloud_ribbon_mp_hurst_v6_vL,1780420500000000,2.1378768115942033,1,0.69,eth-updown-5m-1780420200
poly_sniper_v5_eth_5m_cloud_vwap_hurstmp_v7,1780420500000000,2.1378768115942033,1,0.69,eth-updown-5m-1780420200
poly_sniper_v5_eth_5m_cloud_vwap_hurstmp_v7_vL,1780420500000000,2.1378768115942033,1,0.69,eth-updown-5m-1780420200
poly_sniper_v5_eth_5m_ema200_vwap_regimerang_xa3_v7,1780420500000000,1.2556139240506328,1,0.79,eth-updown-5m-1780420200
poly_sniper_v5_eth_5m_bb_mp_hurst_band_v6,1780420500000000,2.1378768115942033,1,0.69,eth-updown-5m-1780420200
poly_fast_taker_lagv2_eth_5m,1780420800000000,-11.717555555555554,0,0.72,eth-updown-5m-1780420500
poly_sniper_v5_eth_5m_cloud_ribbon_mp_hurst_v6,1780420800000000,2.0378571428571433,1,0.7,eth-updown-5m-1780420500
poly_sniper_v5_eth_5m_lq_ema50_hurst_grandparent_prev15m_v8,1780420800000000,2.0378571428571433,1,0.7,eth-updown-5m-1780420500
poly_sniper_v5_eth_5m_lq_ema50_hurst_grandparent_prev15m_v8_vL,1780420800000000,2.0378571428571433,1,0.7,eth-updown-5m-1780420500
poly_sniper_v5_eth_5m_l_ema50_hurst_grandparent_v8,1780420800000000,2.0378571428571433,1,0.7,eth-updown-5m-1780420500
poly_sniper_v5_eth_5m_cloud_vwap_hurstmp_v7,1780420800000000,2.0378571428571433,1,0.7,eth-updown-5m-1780420500
poly_sniper_v5_eth_5m_k_hurst_ts_cci_tod_euus_v8,1780420800000000,-5.0,0,0.53,eth-updown-5m-1780420500
poly_sniper_v5_eth_5m_k_hurst_ts_cci_tod_euus_v8_vL,1780420800000000,-5.0,0,0.53,eth-updown-5m-1780420500
poly_sniper_v5_eth_5m_cloud_ribbon_mp_hurst_V10,1780420800000000,2.0378571428571433,1,0.7,eth-updown-5m-1780420500
poly_sniper_v5_eth_5m_cloud_vwap_hurstmp_v7_vL,1780420800000000,2.0378571428571433,1,0.7,eth-updown-5m-1780420500
poly_sniper_v5_eth_5m_bb_mp_hurst_band_v6,1780420800000000,2.0378571428571433,1,0.7,eth-updown-5m-1780420500
poly_sniper_v5_eth_5m_bb_mp_hurst_band_v6_vL,1780420800000000,2.0378571428571433,1,0.7,eth-updown-5m-1780420500
poly_sniper_v5_eth_5m_cloud_ribbon_mp_hurst_v6_vL,1780420800000000,2.0378571428571433,1,0.7,eth-updown-5m-1780420500
poly_sniper_v5_eth_5m_bb_mp_hurst_band_v6_vL,1780421100000000,1.8464444444444446,1,0.72,eth-updown-5m-1780420800
poly_fast_taker_lagv2_eth_5m,1780421100000000,12.283787878787876,1,0.66,eth-updown-5m-1780420800
poly_sniper_v5_eth_5m_k_hurst_ts_cci_tod_euus_v8_vL,1780421100000000,-5.000000000000001,0,0.54,eth-updown-5m-1780420800
poly_sniper_v5_eth_5m_k_hurst_ts_cci_tod_euus_v8,1780421100000000,-5.000000000000001,0,0.54,eth-updown-5m-1780420800
poly_sniper_v5_eth_5m_ema50_hurst_parent15mrang_v7_vL,1780421100000000,1.8464444444444446,1,0.72,eth-updown-5m-1780420800
poly_sniper_v5_eth_5m_bb_mp_hurst_band_v6,1780421100000000,1.8464444444444446,1,0.72,eth-updown-5m-1780420800
poly_sniper_v5_eth_5m_ema50_hurst_parent15mrang_v7,1780421100000000,1.8464444444444446,1,0.72,eth-updown-5m-1780420800
poly_sniper_v5_eth_5m_cloud_ribbon_mp_hurst_V10,1780421400000000,4.632421568627452,1,0.51,eth-updown-5m-1780421100
poly_sniper_v5_eth_5m_v6c3_parent15mrang_v7_vL,1780421400000000,4.632421568627452,1,0.51,eth-updown-5m-1780421100
poly_sniper_v5_eth_5m_ema50_hurst_parent15mrang_v7_vL,1780421400000000,4.632421568627452,1,0.51,eth-updown-5m-1780421100
poly_sniper_v5_eth_5m_cloud_vwap_hurstmp_v7,1780421400000000,4.632421568627452,1,0.51,eth-updown-5m-1780421100
poly_sniper_v5_eth_5m_bb_mp_hurst_band_V10,1780421400000000,4.632421568627452,1,0.51,eth-updown-5m-1780421100
poly_sniper_v5_eth_5m_cloud_ribbon_mp_hurst_v6,1780421400000000,4.632421568627452,1,0.51,eth-updown-5m-1780421100
poly_sniper_v5_eth_5m_cloud_ribbon_mp_hurst_v6_vL,1780421400000000,4.632421568627452,1,0.51,eth-updown-5m-1780421100
poly_sniper_v5_eth_5m_cloud_vwap_hurstmp_v7_vL,1780421400000000,4.632421568627452,1,0.51,eth-updown-5m-1780421100
poly_sniper_v5_eth_5m_bb_mp_hurst_band_v6_vL,1780421400000000,4.632421568627452,1,0.51,eth-updown-5m-1780421100
poly_sniper_v5_eth_5m_l_ema50_hurst_grandparent_v8,1780421400000000,4.632421568627452,1,0.51,eth-updown-5m-1780421100
poly_sniper_v5_eth_5m_ema200_vwap_regimerang_xa3_v7,1780421400000000,1.4130064935064934,1,0.77,eth-updown-5m-1780421100
poly_sniper_v5_eth_5m_bb_mp_hurst_band_v6,1780421400000000,4.632421568627452,1,0.51,eth-updown-5m-1780421100
poly_sniper_v5_eth_5m_v6c3_parent15mrang_v7,1780421400000000,4.632421568627452,1,0.51,eth-updown-5m-1780421100
poly_sniper_v5_eth_5m_v5repl_off120_v6,1780421400000000,1.4130064935064934,1,0.77,eth-updown-5m-1780421100
poly_sniper_v5_eth_5m_tr200_mp_sms_active_off120,1780421400000000,1.4130064935064934,1,0.77,eth-updown-5m-1780421100
poly_sniper_v5_eth_5m_ema50_hurst_parent15mrang_v7,1780421400000000,4.632421568627452,1,0.51,eth-updown-5m-1780421100
poly_fast_taker_b2_nomerge_eth_5m,1780421400000000,-2.0,0,0.58,eth-updown-5m-1780421100
poly_sniper_v5_eth_5m_ema50_hurst_parent15mrang_v7_vL,1780421700000000,-5.0,0,0.58,eth-updown-5m-1780421400
poly_sniper_v5_eth_5m_k_hurst_ts_cci_tod_euus_v8,1780421700000000,-5.0,0,0.74,eth-updown-5m-1780421400
poly_sniper_v5_eth_5m_ema50_hurst_parent15mrang_v7,1780421700000000,-5.0,0,0.58,eth-updown-5m-1780421400
poly_sniper_v5_eth_5m_k_hurst_ts_cci_tod_euus_v8_vL,1780421700000000,-5.0,0,0.74,eth-updown-5m-1780421400
poly_sniper_v5_eth_5m_bb_mp_hurst_band_v6_vL,1780421700000000,-5.0,0,0.58,eth-updown-5m-1780421400
poly_sniper_v5_eth_5m_bb_mp_hurst_band_v6,1780421700000000,-5.0,0,0.58,eth-updown-5m-1780421400
poly_fast_taker_b2_nomerge_eth_5m,1780422000000000,1.3066666666666669,1,0.6,eth-updown-5m-1780421700
poly_sniper_v5_eth_5m_bb_mp_hurst_band_v6,1780422000000000,2.8070079365079366,1,0.63,eth-updown-5m-1780421700
poly_sniper_v5_eth_5m_bb_mp_hurst_band_v6_vL,1780422000000000,2.8070079365079366,1,0.63,eth-updown-5m-1780421700
poly_fast_taker_lagv2_eth_5m,1780422000000000,10.689384057971017,1,0.69,eth-updown-5m-1780421700
poly_sniper_v5_eth_5m_cloud_ribbon_mp_hurst_V10,1780422300000000,0.7451867816091953,1,0.8630952380952381,eth-updown-5m-1780422000
poly_sniper_v5_eth_5m_cloud_ribbon_mp_hurst_v6,1780422300000000,0.7451867816091953,1,0.8630952380952381,eth-updown-5m-1780422000
poly_sniper_v5_eth_5m_l_ema50_hurst_grandparent_v8,1780422300000000,0.7451867816091953,1,0.8630952380952381,eth-updown-5m-1780422000
poly_sniper_v5_eth_5m_cloud_ribbon_mp_hurst_v6_vL,1780422300000000,0.7451867816091953,1,0.8630952380952381,eth-updown-5m-1780422000
poly_fast_taker_lagv2_eth_5m,1780422300000000,9.703767605633805,1,0.71,eth-updown-5m-1780422000
poly_sniper_v5_eth_5m_cloud_vwap_hurstmp_v7_vL,1780422600000000,4.447384615384615,1,0.52,eth-updown-5m-1780422300
poly_sniper_v5_eth_5m_l_ema50_hurst_grandparent_v8,1780422600000000,4.447384615384615,1,0.52,eth-updown-5m-1780422300
poly_sniper_v5_eth_5m_cloud_vwap_hurstmp_v7,1780422600000000,4.447384615384615,1,0.52,eth-updown-5m-1780422300
poly_sniper_v5_eth_5m_k_hurst_ts_cci_tod_euus_v8_vL,1780422600000000,2.569807692307692,1,0.65,eth-updown-5m-1780422300
poly_sniper_v5_eth_5m_ema50_hurst_parent15mrang_v7_vL,1780423200000000,5.918611111111112,1,0.45,eth-updown-5m-1780422900
poly_sniper_v5_eth_5m_k_hurst_ts_cci_tod_euus_v8,1780423200000000,-5.0,0,0.51,eth-updown-5m-1780422900
poly_sniper_v5_eth_5m_ema200_vwap_regimerang_xa3_v7,1780423200000000,4.825,1,0.5,eth-updown-5m-1780422900
poly_sniper_v5_eth_5m_k_hurst_ts_cci_tod_euus_v8_vL,1780423200000000,-5.0,0,0.51,eth-updown-5m-1780422900
poly_sniper_v5_eth_5m_ema50_hurst_parent15mrang_v7,1780423500000000,1.1063395061728392,1,0.81,eth-updown-5m-1780423200
poly_sniper_v5_eth_5m_cloud_ribbon_mp_hurst_v6_vL,1780423500000000,1.1063395061728392,1,0.81,eth-updown-5m-1780423200
poly_sniper_v5_eth_5m_v6c3_parent15mrang_v7,1780423500000000,1.1063395061728392,1,0.81,eth-updown-5m-1780423200
poly_sniper_v5_eth_5m_cloud_ribbon_mp_hurst_v6,1780423500000000,1.1063395061728392,1,0.81,eth-updown-5m-1780423200
poly_sniper_v5_eth_5m_v6c3_parent15mrang_v7_vL,1780423500000000,1.1063395061728392,1,0.81,eth-updown-5m-1780423200
poly_sniper_v5_eth_5m_ema50_hurst_parent15mrang_v7_vL,1780423500000000,1.1063395061728392,1,0.81,eth-updown-5m-1780423200
poly_sniper_v5_eth_5m_lq_ema50_hurst_grandparent_prev15m_v8_vL,1780423800000000,-5.0,0,0.47000000000000003,eth-updown-5m-1780423500
poly_sniper_v5_eth_5m_ema50_hurst_parent15mrang_v7_vL,1780423800000000,-5.0,0,0.47000000000000003,eth-updown-5m-1780423500
poly_sniper_v5_eth_5m_lq_ema50_hurst_grandparent_prev15m_v8,1780423800000000,-5.0,0,0.47000000000000003,eth-updown-5m-1780423500
poly_sniper_v5_eth_5m_l_ema50_hurst_grandparent_v8,1780423800000000,-5.0,0,0.47000000000000003,eth-updown-5m-1780423500
poly_sniper_v5_eth_5m_k_hurst_ts_cci_tod_euus_v8,1780423800000000,-5.0,0,0.79,eth-updown-5m-1780423500
poly_sniper_v5_eth_5m_k_hurst_ts_cci_tod_euus_v8_vL,1780423800000000,-5.0,0,0.79,eth-updown-5m-1780423500
poly_sniper_v5_eth_5m_ema50_hurst_parent15mrang_v7,1780423800000000,-5.0,0,0.47000000000000003,eth-updown-5m-1780423500
poly_sniper_v5_eth_5m_ema50_hurst_parent15mrang_v7_vL,1780424100000000,2.569807692307692,1,0.65,eth-updown-5m-1780423800
poly_sniper_v5_eth_5m_lq_ema50_hurst_grandparent_prev15m_v8,1780424100000000,2.569807692307692,1,0.65,eth-updown-5m-1780423800
poly_sniper_v5_eth_5m_cloud_vwap_hurstmp_v7,1780424100000000,2.569807692307692,1,0.65,eth-updown-5m-1780423800
poly_sniper_v5_eth_5m_v6c3_parent15mrang_v7_vL,1780424100000000,2.569807692307692,1,0.65,eth-updown-5m-1780423800
poly_sniper_v5_eth_5m_cloud_ribbon_mp_hurst_V10,1780424100000000,2.569807692307692,1,0.65,eth-updown-5m-1780423800
poly_sniper_v5_eth_5m_ema50_hurst_parent15mrang_v7,1780424100000000,2.569807692307692,1,0.65,eth-updown-5m-1780423800
poly_sniper_v5_eth_5m_bb_mp_hurst_band_v6,1780424100000000,2.569807692307692,1,0.65,eth-updown-5m-1780423800
poly_sniper_v5_eth_5m_cloud_ribbon_mp_hurst_v6,1780424100000000,2.569807692307692,1,0.65,eth-updown-5m-1780423800
poly_sniper_v5_eth_5m_bb_mp_hurst_band_v6_vL,1780424100000000,2.569807692307692,1,0.65,eth-updown-5m-1780423800
poly_sniper_v5_eth_5m_cloud_vwap_hurstmp_v7_vL,1780424100000000,2.569807692307692,1,0.65,eth-updown-5m-1780423800
poly_sniper_v5_eth_5m_v6c3_parent15mrang_v7,1780424100000000,2.569807692307692,1,0.65,eth-updown-5m-1780423800
poly_sniper_v5_eth_5m_lq_ema50_hurst_grandparent_prev15m_v8_vL,1780424100000000,2.569807692307692,1,0.65,eth-updown-5m-1780423800
poly_sniper_v5_eth_5m_k_hurst_ts_cci_tod_euus_v8,1780424100000000,1.8464444444444446,1,0.72,eth-updown-5m-1780423800
poly_sniper_v5_eth_5m_k_hurst_ts_cci_tod_euus_v8_vL,1780424100000000,1.8464444444444446,1,0.72,eth-updown-5m-1780423800
poly_sniper_v5_eth_5m_cloud_ribbon_mp_hurst_v6_vL,1780424100000000,2.569807692307692,1,0.65,eth-updown-5m-1780423800
poly_sniper_v5_eth_5m_l_ema50_hurst_grandparent_v8,1780424100000000,2.569807692307692,1,0.65,eth-updown-5m-1780423800
poly_sniper_v5_eth_5m_l_ema50_hurst_grandparent_v8,1780424400000000,3.0602213114754098,1,0.61,eth-updown-5m-1780424100
poly_sniper_v5_eth_5m_bb_mp_hurst_band_v6_vL,1780424400000000,3.0602213114754098,1,0.61,eth-updown-5m-1780424100
poly_sniper_v5_eth_5m_bb_mp_hurst_band_v6,1780424400000000,3.0602213114754098,1,0.61,eth-updown-5m-1780424100
poly_sniper_v5_eth_5m_ema50_hurst_parent15mrang_v7_vL,1780424400000000,3.0602213114754098,1,0.61,eth-updown-5m-1780424100
poly_sniper_v5_eth_5m_lq_ema50_hurst_grandparent_prev15m_v8_vL,1780424400000000,3.0602213114754098,1,0.61,eth-updown-5m-1780424100
poly_sniper_v5_eth_5m_lq_ema50_hurst_grandparent_prev15m_v8,1780424400000000,3.0602213114754098,1,0.61,eth-updown-5m-1780424100
poly_sniper_v5_eth_5m_cloud_vwap_hurstmp_v7_vL,1780424400000000,3.0602213114754098,1,0.61,eth-updown-5m-1780424100
poly_sniper_v5_eth_5m_ema50_hurst_parent15mrang_v7,1780424400000000,3.0602213114754098,1,0.61,eth-updown-5m-1780424100
poly_sniper_v5_eth_5m_cloud_vwap_hurstmp_v7,1780424400000000,3.0602213114754098,1,0.61,eth-updown-5m-1780424100
poly_sniper_v5_eth_5m_cloud_ribbon_mp_hurst_v6,1780424700000000,3.0434652150654253,1,0.6112831029519058,eth-updown-5m-1780424400
poly_sniper_v5_eth_5m_lq_ema50_hurst_grandparent_prev15m_v8,1780424700000000,3.0434652150654253,1,0.6112831029519058,eth-updown-5m-1780424400
poly_sniper_v5_eth_5m_cloud_vwap_hurstmp_v7,1780424700000000,3.0434652150654253,1,0.6112831029519058,eth-updown-5m-1780424400
poly_sniper_v5_eth_5m_ema50_hurst_parent15mrang_v7,1780424700000000,3.0434652150654253,1,0.6112831029519058,eth-updown-5m-1780424400
poly_sniper_v5_eth_5m_bb_mp_hurst_band_v6_vL,1780424700000000,3.0434652150654253,1,0.6112831029519058,eth-updown-5m-1780424400
poly_sniper_v5_eth_5m_v6c3_parent15mrang_v7_vL,1780424700000000,3.0434652150654253,1,0.6112831029519058,eth-updown-5m-1780424400
poly_sniper_v5_eth_5m_lq_ema50_hurst_grandparent_prev15m_v8_vL,1780424700000000,3.0434652150654253,1,0.6112831029519058,eth-updown-5m-1780424400
poly_sniper_v5_eth_5m_cloud_ribbon_mp_hurst_v6_vL,1780424700000000,3.0434652150654253,1,0.6112831029519058,eth-updown-5m-1780424400
poly_sniper_v5_eth_5m_ema50_hurst_parent15mrang_v7_vL,1780424700000000,3.0434652150654253,1,0.6112831029519058,eth-updown-5m-1780424400
poly_sniper_v5_eth_5m_bb_mp_hurst_band_v6,1780424700000000,3.0434652150654253,1,0.6112831029519058,eth-updown-5m-1780424400
poly_sniper_v5_eth_5m_l_ema50_hurst_grandparent_v8,1780424700000000,3.0434652150654253,1,0.6112831029519058,eth-updown-5m-1780424400
poly_sniper_v5_eth_5m_v6c3_parent15mrang_v7,1780424700000000,3.0434652150654253,1,0.6112831029519058,eth-updown-5m-1780424400
poly_sniper_v5_eth_5m_ema200_vwap_regimerang_xa3_v7,1780424700000000,2.6865,1,0.64,eth-updown-5m-1780424400
poly_sniper_v5_eth_5m_cloud_ribbon_mp_hurst_V10,1780424700000000,3.0434652150654253,1,0.6112831029519058,eth-updown-5m-1780424400
poly_sniper_v5_eth_5m_cloud_vwap_hurstmp_v7_vL,1780424700000000,3.0434652150654253,1,0.6112831029519058,eth-updown-5m-1780424400
poly_sniper_v5_eth_5m_k_hurst_ts_cci_tod_euus_v8,1780425000000000,3.621429824561404,1,0.57,eth-updown-5m-1780424700
poly_sniper_v5_eth_5m_k_hurst_ts_cci_tod_euus_v8_vL,1780425000000000,3.621429824561404,1,0.57,eth-updown-5m-1780424700
poly_sniper_v5_eth_5m_ema50_hurst_parent15mrang_v7_vL,1780425000000000,-5.0,0,0.49,eth-updown-5m-1780424700
poly_sniper_v5_eth_5m_ema50_hurst_parent15mrang_v7_vL,1780425300000000,-5.000000000000001,0,0.54,eth-updown-5m-1780425000
poly_sniper_v5_eth_5m_cloud_ribbon_mp_hurst_v6,1780425300000000,-5.000000000000001,0,0.54,eth-updown-5m-1780425000
poly_sniper_v5_eth_5m_ema50_hurst_parent15mrang_v7,1780425300000000,-5.000000000000001,0,0.54,eth-updown-5m-1780425000
poly_sniper_v5_eth_5m_cloud_vwap_hurstmp_v7,1780425300000000,-5.000000000000001,0,0.54,eth-updown-5m-1780425000
poly_sniper_v5_eth_5m_cloud_ribbon_mp_hurst_v6_vL,1780425300000000,-5.000000000000001,0,0.54,eth-updown-5m-1780425000
poly_sniper_v5_eth_5m_bb_mp_hurst_band_v6,1780425300000000,-5.000000000000001,0,0.54,eth-updown-5m-1780425000
poly_sniper_v5_eth_5m_v6c3_parent15mrang_v7,1780425300000000,-5.000000000000001,0,0.54,eth-updown-5m-1780425000
poly_sniper_v5_eth_5m_cloud_vwap_hurstmp_v7_vL,1780425300000000,-5.000000000000001,0,0.54,eth-updown-5m-1780425000
poly_sniper_v5_eth_5m_lq_ema50_hurst_grandparent_prev15m_v8,1780425300000000,-5.000000000000001,0,0.54,eth-updown-5m-1780425000
poly_sniper_v5_eth_5m_bb_mp_hurst_band_V10,1780425300000000,-5.000000000000001,0,0.54,eth-updown-5m-1780425000
poly_sniper_v5_eth_5m_cloud_ribbon_mp_hurst_V10,1780425300000000,-5.000000000000001,0,0.54,eth-updown-5m-1780425000
poly_sniper_v5_eth_5m_v6c3_parent15mrang_v7_vL,1780425300000000,-5.000000000000001,0,0.54,eth-updown-5m-1780425000
poly_sniper_v5_eth_5m_l_ema50_hurst_grandparent_v8,1780425300000000,-5.000000000000001,0,0.54,eth-updown-5m-1780425000
poly_sniper_v5_eth_5m_k_hurst_ts_cci_tod_euus_v8_vL,1780425300000000,-5.0,0,0.64,eth-updown-5m-1780425000
poly_sniper_v5_eth_5m_lq_ema50_hurst_grandparent_prev15m_v8_vL,1780425300000000,-5.000000000000001,0,0.54,eth-updown-5m-1780425000
poly_sniper_v5_eth_5m_k_hurst_ts_cci_tod_euus_v8,1780425300000000,-5.0,0,0.64,eth-updown-5m-1780425000
poly_sniper_v5_eth_5m_ema200_vwap_regimerang_xa3_v7,1780425300000000,-5.0,0,0.6217555217811815,eth-updown-5m-1780425000
poly_sniper_v5_eth_5m_bb_mp_hurst_band_v6_vL,1780425300000000,-5.000000000000001,0,0.54,eth-updown-5m-1780425000
poly_sniper_v5_eth_5m_lq_ema50_hurst_grandparent_prev15m_v8,1780425900000000,1.7548150684931507,1,0.73,eth-updown-5m-1780425600
poly_sniper_v5_eth_5m_l_ema50_hurst_grandparent_v8,1780425900000000,1.7548150684931507,1,0.73,eth-updown-5m-1780425600
poly_sniper_v5_eth_5m_lq_ema50_hurst_grandparent_prev15m_v8_vL,1780425900000000,1.7548150684931507,1,0.73,eth-updown-5m-1780425600
poly_sniper_v5_eth_5m_cloud_vwap_hurstmp_v7,1780425900000000,1.7548150684931507,1,0.73,eth-updown-5m-1780425600
poly_sniper_v5_eth_5m_cloud_ribbon_mp_hurst_v6,1780425900000000,1.7548150684931507,1,0.73,eth-updown-5m-1780425600
poly_sniper_v5_eth_5m_k_hurst_ts_cci_tod_euus_v8_vL,1780425900000000,1.0345609756097565,1,0.82,eth-updown-5m-1780425600
poly_sniper_v5_eth_5m_bb_mp_hurst_band_v6_vL,1780425900000000,1.7548150684931507,1,0.73,eth-updown-5m-1780425600
poly_sniper_v5_eth_5m_k_hurst_ts_cci_tod_euus_v8,1780425900000000,1.0345609756097565,1,0.82,eth-updown-5m-1780425600
poly_sniper_v5_eth_5m_bb_mp_hurst_band_v6,1780425900000000,1.7548150684931507,1,0.73,eth-updown-5m-1780425600
poly_sniper_v5_eth_5m_cloud_vwap_hurstmp_v7_vL,1780425900000000,1.7548150684931507,1,0.73,eth-updown-5m-1780425600
poly_sniper_v5_eth_5m_cloud_ribbon_mp_hurst_v6_vL,1780425900000000,1.7548150684931507,1,0.73,eth-updown-5m-1780425600
poly_sniper_v5_eth_5m_cloud_ribbon_mp_hurst_V10,1780425900000000,1.7548150684931507,1,0.73,eth-updown-5m-1780425600
poly_sniper_v5_eth_5m_k_hurst_ts_cci_tod_euus_v8,1780426200000000,1.0345609756097565,1,0.82,eth-updown-5m-1780425900
poly_sniper_v5_eth_5m_lq_ema50_hurst_grandparent_prev15m_v8_vL,1780426200000000,2.3471865671641785,1,0.67,eth-updown-5m-1780425900
poly_sniper_v5_eth_5m_lq_ema50_hurst_grandparent_prev15m_v8,1780426200000000,2.3471865671641785,1,0.67,eth-updown-5m-1780425900
poly_sniper_v5_eth_5m_cloud_ribbon_mp_hurst_v6_vL,1780426200000000,2.3471865671641785,1,0.67,eth-updown-5m-1780425900
poly_sniper_v5_eth_5m_bb_mp_hurst_band_v6_vL,1780426200000000,2.3471865671641785,1,0.67,eth-updown-5m-1780425900
poly_sniper_v5_eth_5m_cloud_vwap_hurstmp_v7_vL,1780426200000000,2.3471865671641785,1,0.67,eth-updown-5m-1780425900
poly_sniper_v5_eth_5m_bb_mp_hurst_band_v6,1780426200000000,2.3471865671641785,1,0.67,eth-updown-5m-1780425900
poly_sniper_v5_eth_5m_l_ema50_hurst_grandparent_v8,1780426200000000,2.3471865671641785,1,0.67,eth-updown-5m-1780425900
poly_sniper_v5_eth_5m_cloud_vwap_hurstmp_v7,1780426200000000,2.3471865671641785,1,0.67,eth-updown-5m-1780425900
poly_sniper_v5_eth_5m_cloud_ribbon_mp_hurst_v6,1780426200000000,2.3471865671641785,1,0.67,eth-updown-5m-1780425900
poly_sniper_v5_eth_5m_k_hurst_ts_cci_tod_euus_v8_vL,1780426200000000,1.0345609756097565,1,0.82,eth-updown-5m-1780425900
poly_sniper_v5_eth_5m_cloud_ribbon_mp_hurst_V10,1780426200000000,2.3471865671641785,1,0.67,eth-updown-5m-1780425900
poly_sniper_v5_eth_5m_cloud_ribbon_mp_hurst_V10,1780426500000000,2.2409411764705878,1,0.68,eth-updown-5m-1780426200
poly_sniper_v5_eth_5m_bb_mp_hurst_band_v6,1780426500000000,2.2409411764705878,1,0.68,eth-updown-5m-1780426200
poly_sniper_v5_eth_5m_cloud_vwap_hurstmp_v7_vL,1780426500000000,2.2409411764705878,1,0.68,eth-updown-5m-1780426200
poly_sniper_v5_eth_5m_k_hurst_ts_cci_tod_euus_v8,1780426500000000,2.0378571428571433,1,0.7,eth-updown-5m-1780426200
poly_sniper_v5_eth_5m_cloud_vwap_hurstmp_v7,1780426500000000,2.2409411764705878,1,0.68,eth-updown-5m-1780426200
poly_sniper_v5_eth_5m_bb_mp_hurst_band_v6_vL,1780426500000000,2.2409411764705878,1,0.68,eth-updown-5m-1780426200
poly_sniper_v5_eth_5m_lq_ema50_hurst_grandparent_prev15m_v8,1780426500000000,2.2409411764705878,1,0.68,eth-updown-5m-1780426200
poly_sniper_v5_eth_5m_lq_ema50_hurst_grandparent_prev15m_v8_vL,1780426500000000,2.2409411764705878,1,0.68,eth-updown-5m-1780426200
poly_sniper_v5_eth_5m_k_hurst_ts_cci_tod_euus_v8_vL,1780426500000000,2.0378571428571433,1,0.7,eth-updown-5m-1780426200
poly_sniper_v5_eth_5m_l_ema50_hurst_grandparent_v8,1780426500000000,2.2409411764705878,1,0.68,eth-updown-5m-1780426200
poly_sniper_v5_eth_5m_cloud_ribbon_mp_hurst_v6,1780426500000000,2.2409411764705878,1,0.68,eth-updown-5m-1780426200
poly_sniper_v5_eth_5m_cloud_ribbon_mp_hurst_v6_vL,1780426500000000,2.2409411764705878,1,0.68,eth-updown-5m-1780426200
poly_sniper_v5_eth_5m_ema200_vwap_regimerang_xa3_v7,1780426500000000,-5.0,0,0.390205833577212,eth-updown-5m-1780426200
poly_fast_taker_b2_nomerge_eth_5m,1780426800000000,1.5399999999999998,1,0.56,eth-updown-5m-1780426500
poly_sniper_v5_eth_5m_bb_mp_hurst_band_v6,1780427100000000,-5.0,0,0.62,eth-updown-5m-1780426800
poly_sniper_v5_eth_5m_bb_mp_hurst_band_v6_vL,1780427100000000,-5.0,0,0.62,eth-updown-5m-1780426800
poly_sniper_v5_eth_5m_cloud_ribbon_mp_hurst_v6_vL,1780427400000000,-5.0,0,0.55,eth-updown-5m-1780427100
poly_sniper_v5_eth_5m_cloud_vwap_hurstmp_v7_vL,1780427400000000,-5.0,0,0.55,eth-updown-5m-1780427100
poly_sniper_v5_eth_5m_cloud_ribbon_mp_hurst_V10,1780427400000000,-5.0,0,0.55,eth-updown-5m-1780427100
poly_sniper_v5_eth_5m_lq_ema50_hurst_grandparent_prev15m_v8,1780427400000000,-5.0,0,0.55,eth-updown-5m-1780427100
poly_sniper_v5_eth_5m_v6c3_parent15mrang_v7,1780427400000000,-5.0,0,0.55,eth-updown-5m-1780427100
poly_sniper_v5_eth_5m_v6c3_parent15mrang_v7_vL,1780427400000000,-5.0,0,0.55,eth-updown-5m-1780427100
poly_sniper_v5_eth_5m_bb_mp_hurst_band_V10,1780427400000000,-5.0,0,0.55,eth-updown-5m-1780427100
poly_sniper_v5_eth_5m_ema50_hurst_parent15mrang_v7,1780427400000000,-5.0,0,0.55,eth-updown-5m-1780427100
poly_sniper_v5_eth_5m_l_ema50_hurst_grandparent_v8,1780427400000000,-5.0,0,0.55,eth-updown-5m-1780427100
poly_sniper_v5_eth_5m_bb_mp_hurst_band_v6,1780427400000000,-5.0,0,0.55,eth-updown-5m-1780427100
poly_sniper_v5_eth_5m_ema50_hurst_parent15mrang_v7_vL,1780427400000000,-5.0,0,0.55,eth-updown-5m-1780427100
poly_sniper_v5_eth_5m_cloud_ribbon_mp_hurst_v6,1780427400000000,-5.0,0,0.55,eth-updown-5m-1780427100
poly_sniper_v5_eth_5m_cloud_vwap_hurstmp_v7,1780427400000000,-5.0,0,0.55,eth-updown-5m-1780427100
poly_sniper_v5_eth_5m_lq_ema50_hurst_grandparent_prev15m_v8_vL,1780427400000000,-5.0,0,0.55,eth-updown-5m-1780427100
poly_sniper_v5_eth_5m_bb_mp_hurst_band_v6_vL,1780427400000000,-5.0,0,0.55,eth-updown-5m-1780427100
poly_sniper_v5_eth_5m_ema200_vwap_regimerang_xa3_v7,1780427400000000,2.0378571428571433,1,0.7,eth-updown-5m-1780427100
poly_sniper_v5_eth_5m_ema50_hurst_parent15mrang_v7_vL,1780427700000000,2.2409411764705878,1,0.68,eth-updown-5m-1780427400
poly_sniper_v5_eth_5m_ema50_hurst_parent15mrang_v7,1780427700000000,2.2409411764705878,1,0.68,eth-updown-5m-1780427400
poly_sniper_v5_eth_5m_v6c3_parent15mrang_v7_vL,1780428000000000,2.569807692307692,1,0.65,eth-updown-5m-1780427700
poly_sniper_v5_eth_5m_v5repl_off120_v6,1780428000000000,0.4067826086956525,1,0.9199999999999999,eth-updown-5m-1780427700
poly_sniper_v5_eth_5m_tr200_mp_sms_active_off120,1780428000000000,0.4067826086956525,1,0.9199999999999999,eth-updown-5m-1780427700
poly_sniper_v5_eth_5m_bb_mp_hurst_band_v6_vL,1780428000000000,2.569807692307692,1,0.65,eth-updown-5m-1780427700
poly_sniper_v5_eth_5m_ema50_hurst_parent15mrang_v7_vL,1780428000000000,2.569807692307692,1,0.65,eth-updown-5m-1780427700
poly_sniper_v5_eth_5m_cloud_ribbon_mp_hurst_v6_vL,1780428000000000,2.569807692307692,1,0.65,eth-updown-5m-1780427700
poly_sniper_v5_eth_5m_cloud_vwap_hurstmp_v7_vL,1780428000000000,2.569807692307692,1,0.65,eth-updown-5m-1780427700
poly_sniper_v5_eth_5m_cloud_vwap_hurstmp_v7_vL,1780428300000000,-5.0,0,0.5710909807010633,eth-updown-5m-1780428000
poly_sniper_v5_eth_5m_bb_mp_hurst_band_v6,1780428300000000,-5.0,0,0.5710909807010633,eth-updown-5m-1780428000
poly_sniper_v5_eth_5m_cloud_vwap_hurstmp_v7,1780428300000000,-5.0,0,0.5710909807010633,eth-updown-5m-1780428000
poly_sniper_v5_eth_5m_bb_mp_hurst_band_v6_vL,1780428300000000,-5.0,0,0.5710909807010633,eth-updown-5m-1780428000
poly_sniper_v5_eth_5m_ema50_hurst_parent15mrang_v7_vL,1780428300000000,-5.0,0,0.5710909807010633,eth-updown-5m-1780428000
poly_sniper_v5_eth_5m_ema50_hurst_parent15mrang_v7,1780428300000000,-5.0,0,0.5710909807010633,eth-updown-5m-1780428000
poly_sniper_v5_eth_5m_v6c3_parent15mrang_v7_vL,1780428600000000,-5.0,0,0.71,eth-updown-5m-1780428300
poly_sniper_v5_eth_5m_ema50_hurst_parent15mrang_v7_vL,1780428600000000,-5.0,0,0.71,eth-updown-5m-1780428300
poly_sniper_v5_eth_5m_bb_mp_hurst_band_v6,1780428600000000,-5.0,0,0.71,eth-updown-5m-1780428300
poly_sniper_v5_eth_5m_cloud_vwap_hurstmp_v7,1780428600000000,-5.0,0,0.71,eth-updown-5m-1780428300
poly_sniper_v5_eth_5m_cloud_vwap_hurstmp_v7_vL,1780428600000000,-5.0,0,0.71,eth-updown-5m-1780428300
poly_sniper_v5_eth_5m_v6c3_parent15mrang_v7,1780428600000000,-5.0,0,0.71,eth-updown-5m-1780428300
poly_sniper_v5_eth_5m_cloud_ribbon_mp_hurst_v6,1780428600000000,-5.0,0,0.71,eth-updown-5m-1780428300
poly_sniper_v5_eth_5m_cloud_ribbon_mp_hurst_v6_vL,1780428600000000,-5.0,0,0.71,eth-updown-5m-1780428300
poly_sniper_v5_eth_5m_bb_mp_hurst_band_v6_vL,1780428600000000,-5.0,0,0.71,eth-updown-5m-1780428300
poly_sniper_v5_eth_5m_ema50_hurst_parent15mrang_v7,1780428600000000,-5.0,0,0.71,eth-updown-5m-1780428300
poly_sniper_v5_eth_5m_v6c3_parent15mrang_v7,1780428900000000,1.2556139240506328,1,0.79,eth-updown-5m-1780428600
poly_sniper_v5_eth_5m_cloud_vwap_hurstmp_v7,1780428900000000,1.2556139240506328,1,0.79,eth-updown-5m-1780428600
poly_sniper_v5_eth_5m_cloud_vwap_hurstmp_v7_vL,1780428900000000,1.2556139240506328,1,0.79,eth-updown-5m-1780428600
poly_sniper_v5_eth_5m_l_ema50_hurst_grandparent_v8,1780428900000000,1.2556139240506328,1,0.79,eth-updown-5m-1780428600
poly_sniper_v5_eth_5m_ema50_hurst_parent15mrang_v7_vL,1780428900000000,1.2556139240506328,1,0.79,eth-updown-5m-1780428600
poly_sniper_v5_eth_5m_cloud_ribbon_mp_hurst_V10,1780428900000000,1.2556139240506328,1,0.79,eth-updown-5m-1780428600
poly_sniper_v5_eth_5m_cloud_ribbon_mp_hurst_v6_vL,1780428900000000,1.2556139240506328,1,0.79,eth-updown-5m-1780428600
poly_sniper_v5_eth_5m_bb_mp_hurst_band_v6,1780428900000000,1.2556139240506328,1,0.79,eth-updown-5m-1780428600
poly_sniper_v5_eth_5m_v6c3_parent15mrang_v7_vL,1780428900000000,1.2556139240506328,1,0.79,eth-updown-5m-1780428600
poly_sniper_v5_eth_5m_bb_mp_hurst_band_v6_vL,1780428900000000,1.2556139240506328,1,0.79,eth-updown-5m-1780428600
poly_sniper_v5_eth_5m_cloud_ribbon_mp_hurst_v6,1780428900000000,1.2556139240506328,1,0.79,eth-updown-5m-1780428600
poly_fast_taker_b2_nomerge_eth_5m,1780428900000000,-2.0,0,0.56,eth-updown-5m-1780428600
poly_sniper_v5_eth_5m_ema50_hurst_parent15mrang_v7,1780428900000000,1.2556139240506328,1,0.79,eth-updown-5m-1780428600
poly_sniper_v5_eth_5m_bb_mp_hurst_band_v6,1780429200000000,1.7548150684931507,1,0.73,eth-updown-5m-1780428900
poly_fast_taker_b2_nomerge_eth_5m,1780429200000000,1.201290322580645,1,0.62,eth-updown-5m-1780428900
poly_sniper_v5_eth_5m_bb_mp_hurst_band_v6_vL,1780429200000000,1.7548150684931507,1,0.73,eth-updown-5m-1780428900
poly_sniper_v5_eth_5m_lq_ema50_hurst_grandparent_prev15m_v8_vL,1780429500000000,-5.0,0,0.47000000000000003,eth-updown-5m-1780429200
poly_sniper_v5_eth_5m_l_ema50_hurst_grandparent_v8,1780429500000000,-5.0,0,0.47000000000000003,eth-updown-5m-1780429200
poly_sniper_v5_eth_5m_l_ema50_hurst_grandparent_V10,1780429500000000,-5.0,0,0.47000000000000003,eth-updown-5m-1780429200
poly_sniper_v5_eth_5m_lq_ema50_hurst_grandparent_prev15m_v8,1780429500000000,-5.0,0,0.47000000000000003,eth-updown-5m-1780429200
poly_sniper_v5_eth_5m_bb_mp_hurst_band_v6_vL,1780429800000000,-5.0,0,0.51,eth-updown-5m-1780429500
poly_sniper_v5_eth_5m_cloud_vwap_hurstmp_v7_vL,1780429800000000,-5.0,0,0.51,eth-updown-5m-1780429500
poly_fast_taker_b2_nomerge_eth_5m,1780429800000000,1.4193103448275863,1,0.58,eth-updown-5m-1780429500
poly_sniper_v5_eth_5m_l_ema50_hurst_grandparent_v8,1780429800000000,-5.0,0,0.51,eth-updown-5m-1780429500
poly_sniper_v5_eth_5m_bb_mp_hurst_band_V10,1780429800000000,-5.0,0,0.51,eth-updown-5m-1780429500
poly_sniper_v5_eth_5m_lq_ema50_hurst_grandparent_prev15m_v8,1780429800000000,-5.0,0,0.51,eth-updown-5m-1780429500
poly_sniper_v5_eth_5m_bb_mp_hurst_band_v6,1780429800000000,-5.0,0,0.51,eth-updown-5m-1780429500
poly_sniper_v5_eth_5m_lq_ema50_hurst_grandparent_prev15m_v8_vL,1780429800000000,-5.0,0,0.51,eth-updown-5m-1780429500
poly_sniper_v5_eth_5m_cloud_vwap_hurstmp_v7,1780429800000000,-5.0,0,0.51,eth-updown-5m-1780429500
poly_sniper_v5_eth_5m_l_ema50_hurst_grandparent_v8,1780430100000000,-5.0,0,0.3,eth-updown-5m-1780429800
poly_sniper_v5_eth_5m_bb_mp_hurst_band_v6,1780430400000000,-5.0,0,0.74,eth-updown-5m-1780430100
poly_sniper_v5_eth_5m_cloud_vwap_hurstmp_v7,1780430400000000,-5.0,0,0.74,eth-updown-5m-1780430100
poly_sniper_v5_eth_5m_l_ema50_hurst_grandparent_v8,1780430400000000,-5.0,0,0.74,eth-updown-5m-1780430100
poly_sniper_v5_eth_5m_bb_mp_hurst_band_v6_vL,1780430400000000,-5.0,0,0.74,eth-updown-5m-1780430100
poly_sniper_v5_eth_5m_cloud_ribbon_mp_hurst_v6,1780430400000000,-5.0,0,0.74,eth-updown-5m-1780430100
poly_sniper_v5_eth_5m_cloud_ribbon_mp_hurst_V10,1780430400000000,-5.0,0,0.74,eth-updown-5m-1780430100
poly_sniper_v5_eth_5m_tr200_mp_sms_active_off120,1780430400000000,-5.0,0,0.75,eth-updown-5m-1780430100
poly_sniper_v5_eth_5m_cloud_ribbon_mp_hurst_v6_vL,1780430400000000,-5.0,0,0.74,eth-updown-5m-1780430100
poly_sniper_v5_eth_5m_ema200_vwap_regimerang_xa3_v7,1780430400000000,-5.0,0,0.79,eth-updown-5m-1780430100
poly_sniper_v5_eth_5m_cloud_vwap_hurstmp_v7_vL,1780430400000000,-5.0,0,0.74,eth-updown-5m-1780430100
poly_sniper_v5_eth_5m_v5repl_off120_v6,1780430400000000,-5.0,0,0.75,eth-updown-5m-1780430100
poly_sniper_v5_eth_5m_cloud_ribbon_mp_hurst_v6_vL,1780430700000000,-5.0,0,0.8600000000000001,eth-updown-5m-1780430400
poly_fast_taker_b2_nomerge_eth_5m,1780430700000000,-2.0,0,0.68,eth-updown-5m-1780430400
poly_sniper_v5_eth_5m_cloud_vwap_hurstmp_v7,1780431000000000,1.5522906639294156,1,0.7531612954374282,eth-updown-5m-1780430700
poly_sniper_v5_eth_5m_cloud_ribbon_mp_hurst_v6_vL,1780431000000000,1.5522906639294156,1,0.7531612954374282,eth-updown-5m-1780430700
poly_sniper_v5_eth_5m_bb_mp_hurst_band_v6_vL,1780431000000000,1.5522906639294156,1,0.7531612954374282,eth-updown-5m-1780430700
poly_sniper_v5_eth_5m_cloud_vwap_hurstmp_v7_vL,1780431000000000,1.5522906639294156,1,0.7531612954374282,eth-updown-5m-1780430700
poly_sniper_v5_eth_5m_cloud_ribbon_mp_hurst_v6,1780431000000000,1.5522906639294156,1,0.7531612954374282,eth-updown-5m-1780430700
poly_sniper_v5_eth_5m_bb_mp_hurst_band_v6,1780431000000000,1.5522906639294156,1,0.7531612954374282,eth-updown-5m-1780430700
poly_sniper_v5_eth_5m_l_ema50_hurst_grandparent_v8,1780431300000000,9.91701515151515,1,0.33,eth-updown-5m-1780431000
poly_fast_taker_b2_nomerge_eth_5m,1780431300000000,-2.0,0,0.57,eth-updown-5m-1780431000
poly_sniper_v5_eth_5m_bb_mp_hurst_band_v6_vL,1780431600000000,1.33325641025641,1,0.78,eth-updown-5m-1780431300
poly_sniper_v5_eth_5m_bb_mp_hurst_band_v6,1780431600000000,1.33325641025641,1,0.78,eth-updown-5m-1780431300
poly_sniper_v5_eth_5m_l_ema50_hurst_grandparent_v8,1780431600000000,1.33325641025641,1,0.78,eth-updown-5m-1780431300
poly_fast_taker_b2_nomerge_eth_5m,1780431900000000,1.96,1,0.5,eth-updown-5m-1780431600
poly_sniper_v5_eth_5m_bb_mp_hurst_band_v6,1780432200000000,2.0378571428571433,1,0.7,eth-updown-5m-1780431900
poly_sniper_v5_eth_5m_cloud_ribbon_mp_hurst_v6_vL,1780432200000000,2.0378571428571433,1,0.7,eth-updown-5m-1780431900
poly_sniper_v5_eth_5m_cloud_vwap_hurstmp_v7,1780432200000000,2.0378571428571433,1,0.7,eth-updown-5m-1780431900
poly_sniper_v5_eth_5m_cloud_vwap_hurstmp_v7_vL,1780432200000000,2.0378571428571433,1,0.7,eth-updown-5m-1780431900
poly_sniper_v5_eth_5m_bb_mp_hurst_band_v6_vL,1780432200000000,2.0378571428571433,1,0.7,eth-updown-5m-1780431900
poly_sniper_v5_eth_5m_cloud_ribbon_mp_hurst_V10,1780432200000000,2.0378571428571433,1,0.7,eth-updown-5m-1780431900
poly_sniper_v5_eth_5m_l_ema50_hurst_grandparent_v8,1780432200000000,2.0378571428571433,1,0.7,eth-updown-5m-1780431900
poly_sniper_v5_eth_5m_cloud_ribbon_mp_hurst_v6,1780432200000000,2.0378571428571433,1,0.7,eth-updown-5m-1780431900
poly_sniper_v5_eth_5m_bb_mp_hurst_band_v6,1780432500000000,2.569807692307692,1,0.65,eth-updown-5m-1780432200
poly_sniper_v5_eth_5m_l_ema50_hurst_grandparent_v8,1780432500000000,-5.0,0,0.36,eth-updown-5m-1780432200
poly_sniper_v5_eth_5m_bb_mp_hurst_band_v6_vL,1780432500000000,2.569807692307692,1,0.65,eth-updown-5m-1780432200
poly_sniper_v5_eth_5m_l_ema50_hurst_grandparent_v8,1780432800000000,-5.0,0,0.38,eth-updown-5m-1780432500
poly_sniper_v5_eth_5m_bb_mp_hurst_band_v6,1780433100000000,1.6657567567567568,1,0.74,eth-updown-5m-1780432800
poly_sniper_v5_eth_5m_lq_ema50_hurst_grandparent_prev15m_v8_vL,1780433100000000,1.6657567567567568,1,0.74,eth-updown-5m-1780432800
poly_sniper_v5_eth_5m_bb_mp_hurst_band_v6_vL,1780433100000000,1.6657567567567568,1,0.74,eth-updown-5m-1780432800
poly_sniper_v5_eth_5m_cloud_vwap_hurstmp_v7,1780433100000000,1.6657567567567568,1,0.74,eth-updown-5m-1780432800
poly_sniper_v5_eth_5m_l_ema50_hurst_grandparent_v8,1780433100000000,1.6657567567567568,1,0.74,eth-updown-5m-1780432800
poly_sniper_v5_eth_5m_cloud_vwap_hurstmp_v7_vL,1780433100000000,1.6657567567567568,1,0.74,eth-updown-5m-1780432800
poly_sniper_v5_eth_5m_lq_ema50_hurst_grandparent_prev15m_v8,1780433100000000,1.6657567567567568,1,0.74,eth-updown-5m-1780432800
poly_sniper_v5_eth_5m_bb_mp_hurst_band_v6_vL,1780434000000000,-5.0,0,0.58,eth-updown-5m-1780433700
poly_sniper_v5_eth_5m_bb_mp_hurst_band_v6,1780434000000000,-5.0,0,0.58,eth-updown-5m-1780433700
poly_sniper_v5_eth_5m_l_ema50_hurst_grandparent_v8,1780434300000000,5.226300520208081,1,0.4803921568627451,eth-updown-5m-1780434000
poly_sniper_v5_eth_5m_cloud_ribbon_mp_hurst_v6,1780434600000000,0.3518440860215051,1,0.93,eth-updown-5m-1780434300
poly_sniper_v5_eth_5m_cloud_ribbon_mp_hurst_v6_vL,1780434600000000,0.3518440860215051,1,0.93,eth-updown-5m-1780434300
poly_sniper_v5_eth_5m_bb_mp_hurst_band_v6_vL,1780435200000000,1.190030388946569,1,0.7986582541330566,eth-updown-5m-1780434900
poly_sniper_v5_eth_5m_cloud_vwap_hurstmp_v7_vL,1780435200000000,1.190030388946569,1,0.7986582541330566,eth-updown-5m-1780434900
poly_sniper_v5_eth_5m_bb_mp_hurst_band_v6,1780435200000000,1.190030388946569,1,0.7986582541330566,eth-updown-5m-1780434900
poly_sniper_v5_eth_5m_cloud_vwap_hurstmp_v7,1780435200000000,1.190030388946569,1,0.7986582541330566,eth-updown-5m-1780434900
poly_sniper_v5_eth_5m_cloud_ribbon_mp_hurst_v6,1780435200000000,1.190030388946569,1,0.7986582541330566,eth-updown-5m-1780434900
poly_sniper_v5_eth_5m_cloud_ribbon_mp_hurst_v6_vL,1780435200000000,1.190030388946569,1,0.7986582541330566,eth-updown-5m-1780434900
poly_fast_taker_b2_nomerge_eth_5m,1780435200000000,1.8831372549019605,1,0.51,eth-updown-5m-1780434900
poly_fast_taker_b2_nomerge_eth_5m,1780436100000000,1.4193103448275863,1,0.58,eth-updown-5m-1780435800
poly_fast_taker_b2_nomerge_eth_5m,1780436400000000,0.8805797101449279,1,0.69,eth-updown-5m-1780436100
poly_sniper_v5_eth_5m_ema50_hurst_parent15mrang_v7_vL,1780436700000000,4.098259259259258,1,0.54,eth-updown-5m-1780436400
poly_sniper_v5_eth_5m_v6c3_parent15mrang_v7_vL,1780436700000000,4.098259259259258,1,0.54,eth-updown-5m-1780436400
poly_fast_taker_b2_nomerge_eth_5m,1780436700000000,1.96,1,0.5,eth-updown-5m-1780436400
poly_sniper_v5_eth_5m_bb_mp_hurst_band_v6_vL,1780436700000000,4.098259259259258,1,0.54,eth-updown-5m-1780436400
poly_sniper_v5_eth_5m_cloud_ribbon_mp_hurst_v6_vL,1780436700000000,4.098259259259258,1,0.54,eth-updown-5m-1780436400
poly_sniper_v5_eth_5m_cloud_vwap_hurstmp_v7_vL,1780436700000000,4.098259259259258,1,0.54,eth-updown-5m-1780436400
poly_sniper_v5_eth_5m_cloud_vwap_hurstmp_v7_vL,1780437000000000,1.8464444444444446,1,0.72,eth-updown-5m-1780436700
poly_sniper_v5_eth_5m_l_ema50_hurst_grandparent_v8,1780437000000000,1.8464444444444446,1,0.72,eth-updown-5m-1780436700
poly_sniper_v5_eth_5m_cloud_ribbon_mp_hurst_v6_vL,1780437000000000,1.8464444444444446,1,0.72,eth-updown-5m-1780436700
poly_sniper_v5_eth_5m_bb_mp_hurst_band_v6_vL,1780437000000000,1.8464444444444446,1,0.72,eth-updown-5m-1780436700
poly_sniper_v5_eth_5m_cloud_ribbon_mp_hurst_v6,1780437000000000,1.8464444444444446,1,0.72,eth-updown-5m-1780436700
poly_sniper_v5_eth_5m_ema50_hurst_parent15mrang_v7,1780437000000000,1.8464444444444446,1,0.72,eth-updown-5m-1780436700
poly_sniper_v5_eth_5m_cloud_vwap_hurstmp_v7,1780437000000000,1.8464444444444446,1,0.72,eth-updown-5m-1780436700
poly_sniper_v5_eth_5m_v6c3_parent15mrang_v7_vL,1780437000000000,1.8464444444444446,1,0.72,eth-updown-5m-1780436700
poly_sniper_v5_eth_5m_cloud_ribbon_mp_hurst_V10,1780437000000000,1.8464444444444446,1,0.72,eth-updown-5m-1780436700
poly_sniper_v5_eth_5m_v6c3_parent15mrang_v7,1780437000000000,1.8464444444444446,1,0.72,eth-updown-5m-1780436700
poly_sniper_v5_eth_5m_ema50_hurst_parent15mrang_v7_vL,1780437000000000,1.8464444444444446,1,0.72,eth-updown-5m-1780436700
poly_sniper_v5_eth_5m_bb_mp_hurst_band_v6,1780437000000000,1.8464444444444446,1,0.72,eth-updown-5m-1780436700
poly_sniper_v5_eth_5m_ema200_vwap_regimerang_xa3_v7,1780437300000000,3.3310762711864412,1,0.59,eth-updown-5m-1780437000
poly_fast_taker_b2_nomerge_eth_5m,1780437600000000,-2.0,0,0.48,eth-updown-5m-1780437300
poly_sniper_v5_eth_5m_l_ema50_hurst_grandparent_v8,1780438200000000,-5.0,0,0.4799999999999999,eth-updown-5m-1780437900
poly_sniper_v5_eth_5m_bb_mp_hurst_band_v6_vL,1780439100000000,2.569807692307692,1,0.65,eth-updown-5m-1780438800
poly_sniper_v5_eth_5m_cloud_vwap_hurstmp_v7_vL,1780439100000000,2.569807692307692,1,0.65,eth-updown-5m-1780438800
poly_sniper_v5_eth_5m_cloud_ribbon_mp_hurst_v6_vL,1780439100000000,2.569807692307692,1,0.65,eth-updown-5m-1780438800
poly_sniper_v5_eth_5m_cloud_vwap_hurstmp_v7_vL,1780439400000000,-5.0,0,0.76,eth-updown-5m-1780439100
poly_sniper_v5_eth_5m_bb_mp_hurst_band_v6_vL,1780439400000000,-5.0,0,0.76,eth-updown-5m-1780439100
poly_fast_taker_b2_nomerge_eth_5m,1780439400000000,1.5399999999999998,1,0.56,eth-updown-5m-1780439100
poly_sniper_v5_eth_5m_cloud_ribbon_mp_hurst_v6_vL,1780439400000000,-5.0,0,0.76,eth-updown-5m-1780439100
poly_fast_taker_b2_nomerge_eth_5m,1780440000000000,-2.0,0,0.57,eth-updown-5m-1780439700
poly_sniper_v5_eth_5m_ema200_vwap_regimerang_xa3_v7,1780440000000000,2.8070079365079366,1,0.63,eth-updown-5m-1780439700
poly_fast_taker_b2_nomerge_eth_5m,1780441200000000,-2.0,0,0.65,eth-updown-5m-1780440900
poly_sniper_v5_eth_5m_bb_mp_hurst_band_v6,1780441800000000,-5.0,0,0.62,eth-updown-5m-1780441500
poly_sniper_v5_eth_5m_l_ema50_hurst_grandparent_v8,1780441800000000,-5.0,0,0.62,eth-updown-5m-1780441500
poly_sniper_v5_eth_5m_l_ema50_hurst_grandparent_V10,1780441800000000,-5.0,0,0.62,eth-updown-5m-1780441500
poly_sniper_v5_eth_5m_bb_mp_hurst_band_v6_vL,1780441800000000,-5.0,0,0.62,eth-updown-5m-1780441500
poly_sniper_v5_eth_5m_cloud_vwap_hurstmp_v7_vL,1780442100000000,1.8464444444444446,1,0.72,eth-updown-5m-1780441800
poly_sniper_v5_eth_5m_a2_hlcascade50k_v9,1780442100000000,3.9382142879208857,1,0.5497031602934416,eth-updown-5m-1780441800
poly_sniper_v5_eth_5m_up_a2_hlcascade25k_v9,1780442100000000,3.9382142879208857,1,0.5497031602934416,eth-updown-5m-1780441800
poly_sniper_v5_eth_5m_bb_mp_hurst_band_v6,1780442100000000,1.8464444444444446,1,0.72,eth-updown-5m-1780441800
poly_sniper_v5_eth_5m_bb_mp_hurst_band_v6_vL,1780442100000000,1.8464444444444446,1,0.72,eth-updown-5m-1780441800
poly_sniper_v5_eth_5m_cloud_vwap_hurstmp_v7,1780442100000000,1.8464444444444446,1,0.72,eth-updown-5m-1780441800
poly_sniper_v5_eth_5m_a2_hlcascade50k_v9,1780442100000000,-5.0,0,0.49,eth-updown-5m-1780441800
poly_sniper_v5_eth_5m_bb_mp_hurst_band_v6_vL,1780442400000000,-4.999999999999999,0,0.61,eth-updown-5m-1780442100
poly_sniper_v5_eth_5m_l_ema50_hurst_grandparent_v8,1780442700000000,18.533023809523808,1,0.21,eth-updown-5m-1780442400
poly_sniper_v5_eth_5m_cloud_ribbon_mp_hurst_v6_vL,1780443000000000,0.19433333333333405,1,0.9599999999999999,eth-updown-5m-1780442700
poly_sniper_v5_eth_5m_l_ema50_hurst_grandparent_v8,1780443000000000,0.19433333333333405,1,0.9599999999999999,eth-updown-5m-1780442700
poly_fast_taker_b2_nomerge_eth_5m,1780443000000000,-2.0,0,0.6,eth-updown-5m-1780442700
poly_sniper_v5_eth_5m_cloud_ribbon_mp_hurst_v6,1780443000000000,0.19433333333333405,1,0.9599999999999999,eth-updown-5m-1780442700
poly_sniper_v5_eth_5m_bb_mp_hurst_band_v6_vL,1780443300000000,-5.0,0,0.74,eth-updown-5m-1780443000
poly_sniper_v5_eth_5m_bb_mp_hurst_band_v6,1780443600000000,4.632421568627452,1,0.51,eth-updown-5m-1780443300
poly_sniper_v5_eth_5m_cloud_vwap_hurstmp_v7_vL,1780443600000000,4.632421568627452,1,0.51,eth-updown-5m-1780443300
poly_sniper_v5_eth_5m_bb_mp_hurst_band_V10,1780443600000000,4.632421568627452,1,0.51,eth-updown-5m-1780443300
poly_sniper_v5_eth_5m_cloud_ribbon_mp_hurst_v6_vL,1780443600000000,4.632421568627452,1,0.51,eth-updown-5m-1780443300
poly_sniper_v5_eth_5m_a2_hlcascade50k_v9,1780443600000000,5.234666666666668,1,0.4799999999999999,eth-updown-5m-1780443300
poly_sniper_v5_eth_5m_l_ema50_hurst_grandparent_V10,1780443600000000,4.632421568627452,1,0.51,eth-updown-5m-1780443300
poly_sniper_v5_eth_5m_cloud_vwap_hurstmp_v7,1780443600000000,4.632421568627452,1,0.51,eth-updown-5m-1780443300
poly_sniper_v5_eth_5m_bb_mp_hurst_band_v6_vL,1780443600000000,4.632421568627452,1,0.51,eth-updown-5m-1780443300
poly_sniper_v5_eth_5m_l_ema50_hurst_grandparent_v8,1780443600000000,4.632421568627452,1,0.51,eth-updown-5m-1780443300
poly_sniper_v5_eth_5m_cloud_ribbon_mp_hurst_v6,1780443600000000,4.632421568627452,1,0.51,eth-updown-5m-1780443300
poly_sniper_v5_eth_5m_a2_hlcascade50k_v9,1780444200000000,-5.0,0,0.55,eth-updown-5m-1780443900
poly_sniper_v5_eth_5m_up_a2_hlcascade25k_v9,1780444200000000,5.680565217391305,1,0.45999999999999996,eth-updown-5m-1780443900
poly_sniper_v5_eth_5m_bb_mp_hurst_band_v6_vL,1780444200000000,-5.0,0,0.63,eth-updown-5m-1780443900
poly_sniper_v5_eth_5m_a2_hlcascade50k_v9,1780444200000000,5.680565217391305,1,0.45999999999999996,eth-updown-5m-1780443900
poly_sniper_v5_eth_5m_cloud_vwap_hurstmp_v7_vL,1780444200000000,-5.0,0,0.63,eth-updown-5m-1780443900
poly_sniper_v5_eth_5m_cloud_ribbon_mp_hurst_v6,1780444800000000,2.3471865671641785,1,0.67,eth-updown-5m-1780444500
poly_sniper_v5_eth_5m_cloud_vwap_hurstmp_v7,1780444800000000,2.3471865671641785,1,0.67,eth-updown-5m-1780444500
poly_sniper_v5_eth_5m_ema200_vwap_regimerang_xa3_v7,1780444800000000,1.940753521126761,1,0.71,eth-updown-5m-1780444500
poly_sniper_v5_eth_5m_bb_mp_hurst_band_v6,1780444800000000,2.3471865671641785,1,0.67,eth-updown-5m-1780444500
poly_sniper_v5_eth_5m_bb_mp_hurst_band_v6_vL,1780444800000000,2.3471865671641785,1,0.67,eth-updown-5m-1780444500
poly_sniper_v5_eth_5m_cloud_vwap_hurstmp_v7_vL,1780444800000000,2.3471865671641785,1,0.67,eth-updown-5m-1780444500
poly_sniper_v5_eth_5m_cloud_ribbon_mp_hurst_v6_vL,1780444800000000,2.3471865671641785,1,0.67,eth-updown-5m-1780444500
poly_sniper_v5_eth_5m_bb_mp_hurst_band_v6_vL,1780445100000000,-5.0,0,0.79,eth-updown-5m-1780444800
poly_sniper_v5_eth_5m_a2_hlcascade50k_v9,1780445100000000,9.91701515151515,1,0.33,eth-updown-5m-1780444800
poly_sniper_v5_eth_5m_a2_hlcascade50k_v9,1780445100000000,-5.0,0,0.68,eth-updown-5m-1780444800
poly_sniper_v5_eth_5m_cloud_vwap_hurstmp_v7,1780445100000000,-5.0,0,0.79,eth-updown-5m-1780444800
poly_sniper_v5_eth_5m_cloud_vwap_hurstmp_v7_vL,1780445100000000,-5.0,0,0.79,eth-updown-5m-1780444800
poly_sniper_v5_eth_5m_bb_mp_hurst_band_v6,1780445100000000,-5.0,0,0.79,eth-updown-5m-1780444800
poly_sniper_v5_eth_5m_up_a2_hlcascade25k_v9,1780445100000000,-5.0,0,0.68,eth-updown-5m-1780444800
poly_sniper_v5_eth_5m_l_ema50_hurst_grandparent_v8,1780445400000000,-5.0,0,0.74,eth-updown-5m-1780445100
poly_sniper_v5_eth_5m_bb_mp_hurst_band_v6,1780445400000000,-5.0,0,0.74,eth-updown-5m-1780445100
poly_sniper_v5_eth_5m_bb_mp_hurst_band_v6_vL,1780445400000000,-5.0,0,0.74,eth-updown-5m-1780445100
poly_sniper_v5_eth_5m_bb_mp_hurst_band_v6,1780445700000000,3.562771296919966,1,0.5739278434166518,eth-updown-5m-1780445400
poly_sniper_v5_eth_5m_bb_mp_hurst_band_v6_vL,1780445700000000,3.562771296919966,1,0.5739278434166518,eth-updown-5m-1780445400
poly_fast_taker_lagv2_eth_5m,1780446000000000,-7.539682539682538,0,0.63,eth-updown-5m-1780445700
poly_sniper_v5_eth_5m_cloud_vwap_hurstmp_v7_vL,1780446000000000,-5.0,0,0.56,eth-updown-5m-1780445700
poly_sniper_v5_eth_5m_cloud_ribbon_mp_hurst_v6,1780446000000000,-5.0,0,0.56,eth-updown-5m-1780445700
poly_sniper_v5_eth_5m_bb_mp_hurst_band_v6_vL,1780446000000000,-5.0,0,0.56,eth-updown-5m-1780445700
poly_sniper_v5_eth_5m_l_ema50_hurst_grandparent_v8,1780446000000000,-5.0,0,0.56,eth-updown-5m-1780445700
poly_sniper_v5_eth_5m_cloud_vwap_hurstmp_v7,1780446000000000,-5.0,0,0.56,eth-updown-5m-1780445700
poly_sniper_v5_eth_5m_bb_mp_hurst_band_v6,1780446000000000,-5.0,0,0.56,eth-updown-5m-1780445700
poly_sniper_v5_eth_5m_cloud_ribbon_mp_hurst_v6_vL,1780446000000000,-5.0,0,0.56,eth-updown-5m-1780445700
poly_sniper_v5_eth_5m_cloud_ribbon_mp_hurst_V10,1780446000000000,-5.0,0,0.56,eth-updown-5m-1780445700
poly_sniper_v5_eth_5m_cloud_mp_sms_active_off120,1780446300000000,0.3518440860215051,1,0.93,eth-updown-5m-1780446000
poly_sniper_v5_eth_5m_cloud_vwap_hurstmp_v7,1780446300000000,2.569807692307692,1,0.65,eth-updown-5m-1780446000
poly_sniper_v5_eth_5m_a2_hlcascade50k_v9,1780446300000000,-5.0,0,0.4799999999999999,eth-updown-5m-1780446000
poly_sniper_v5_eth_5m_cloud_vwap_hurstmp_v7_vL,1780446300000000,2.569807692307692,1,0.65,eth-updown-5m-1780446000
poly_sniper_v5_eth_5m_bb_mp_hurst_band_v6_vL,1780446300000000,2.569807692307692,1,0.65,eth-updown-5m-1780446000
poly_sniper_v5_eth_5m_v5repl_off120_v6,1780446300000000,0.3518440860215051,1,0.93,eth-updown-5m-1780446000
poly_sniper_v5_eth_5m_bb_mp_hurst_band_v6,1780446300000000,2.569807692307692,1,0.65,eth-updown-5m-1780446000
poly_sniper_v5_eth_5m_l_ema50_hurst_grandparent_v8,1780446300000000,2.569807692307692,1,0.65,eth-updown-5m-1780446000
poly_sniper_v5_eth_5m_up_a2_hlcascade25k_v9,1780446300000000,-5.0,0,0.4799999999999999,eth-updown-5m-1780446000
poly_sniper_v5_eth_5m_tr200_mp_sms_active_off120,1780446300000000,0.3518440860215051,1,0.93,eth-updown-5m-1780446000
poly_sniper_v5_eth_5m_a2_hlcascade50k_v9,1780446300000000,4.269462264150942,1,0.53,eth-updown-5m-1780446000
poly_sniper_v5_eth_5m_a2_hlcascade50k_v9,1780446900000000,-5.0,0,0.6,eth-updown-5m-1780446600
poly_sniper_v5_eth_5m_cloud_ribbon_mp_hurst_v6_vL,1780446900000000,-5.0,0,0.8,eth-updown-5m-1780446600
poly_sniper_v5_eth_5m_up_a2_hlcascade25k_v9,1780446900000000,6.988621951219514,1,0.41,eth-updown-5m-1780446600
poly_sniper_v5_eth_5m_a2_hlcascade50k_v9,1780446900000000,6.988621951219514,1,0.41,eth-updown-5m-1780446600
poly_sniper_v5_eth_5m_cloud_vwap_hurstmp_v7_vL,1780447200000000,4.447384615384615,1,0.52,eth-updown-5m-1780446900
poly_sniper_v5_eth_5m_bb_mp_hurst_band_v6,1780447200000000,4.447384615384615,1,0.52,eth-updown-5m-1780446900
poly_sniper_v5_eth_5m_up_a2_hlcascade25k_v9,1780447200000000,-5.0,0,0.52,eth-updown-5m-1780446900
poly_sniper_v5_eth_5m_ema200_vwap_regimerang_xa3_v7,1780447200000000,1.9133938393839387,1,0.7128712871287128,eth-updown-5m-1780446900
poly_sniper_v5_eth_5m_ema50_hurst_parent15mrang_v7_vL,1780447200000000,4.447384615384615,1,0.52,eth-updown-5m-1780446900
poly_sniper_v5_eth_5m_bb_mp_hurst_band_V10,1780447200000000,4.447384615384615,1,0.52,eth-updown-5m-1780446900
poly_sniper_v5_eth_5m_l_ema50_hurst_grandparent_v8,1780447200000000,4.447384615384615,1,0.52,eth-updown-5m-1780446900
poly_sniper_v5_eth_5m_cloud_vwap_hurstmp_v7,1780447200000000,4.447384615384615,1,0.52,eth-updown-5m-1780446900
poly_sniper_v5_eth_5m_bb_mp_hurst_band_v6_vL,1780447200000000,4.447384615384615,1,0.52,eth-updown-5m-1780446900
poly_sniper_v5_eth_5m_ema50_hurst_parent15mrang_v7,1780447200000000,4.447384615384615,1,0.52,eth-updown-5m-1780446900
poly_fast_taker_lagv2_eth_5m,1780447500000000,18.10714912280702,1,0.57,eth-updown-5m-1780447200
poly_sniper_v5_eth_5m_ema50_hurst_parent15mrang_v7_vL,1780447800000000,-5.0,0,0.5943396226415094,eth-updown-5m-1780447500
poly_sniper_v5_eth_5m_cloud_ribbon_mp_hurst_V10,1780447800000000,-5.0,0,0.5943396226415094,eth-updown-5m-1780447500
poly_sniper_v5_eth_5m_ema50_hurst_parent15mrang_v7,1780447800000000,-5.0,0,0.5943396226415094,eth-updown-5m-1780447500
poly_sniper_v5_eth_5m_bb_mp_hurst_band_v6_vL,1780447800000000,-5.0,0,0.5943396226415094,eth-updown-5m-1780447500
poly_sniper_v5_eth_5m_v6c3_parent15mrang_v7,1780447800000000,-5.0,0,0.5943396226415094,eth-updown-5m-1780447500
poly_sniper_v5_eth_5m_v6c3_parent15mrang_v7_vL,1780447800000000,-5.0,0,0.5943396226415094,eth-updown-5m-1780447500
poly_sniper_v5_eth_5m_bb_mp_hurst_band_v6,1780447800000000,-5.0,0,0.5943396226415094,eth-updown-5m-1780447500
poly_sniper_v5_eth_5m_cloud_ribbon_mp_hurst_v6,1780447800000000,-5.0,0,0.5943396226415094,eth-updown-5m-1780447500
poly_sniper_v5_eth_5m_cloud_ribbon_mp_hurst_v6_vL,1780447800000000,-5.0,0,0.5943396226415094,eth-updown-5m-1780447500
poly_sniper_v5_eth_5m_cloud_vwap_hurstmp_v7_vL,1780447800000000,-5.0,0,0.5943396226415094,eth-updown-5m-1780447500
poly_sniper_v5_eth_5m_cloud_vwap_hurstmp_v7,1780447800000000,-5.0,0,0.5943396226415094,eth-updown-5m-1780447500
poly_sniper_v5_eth_5m_ema50_hurst_parent15mrang_v7,1780448100000000,-5.0,0,0.53,eth-updown-5m-1780447800
poly_sniper_v5_eth_5m_cloud_ribbon_mp_hurst_v6,1780448100000000,-5.0,0,0.53,eth-updown-5m-1780447800
poly_sniper_v5_eth_5m_cloud_vwap_hurstmp_v7_vL,1780448100000000,-5.0,0,0.53,eth-updown-5m-1780447800
poly_sniper_v5_eth_5m_cloud_vwap_hurstmp_v7,1780448100000000,-5.0,0,0.53,eth-updown-5m-1780447800
poly_sniper_v5_eth_5m_v6c3_parent15mrang_v7,1780448100000000,-5.0,0,0.53,eth-updown-5m-1780447800
poly_sniper_v5_eth_5m_bb_mp_hurst_band_v6,1780448100000000,-5.0,0,0.53,eth-updown-5m-1780447800
poly_sniper_v5_eth_5m_ema50_hurst_parent15mrang_v7_vL,1780448100000000,-5.0,0,0.53,eth-updown-5m-1780447800
poly_sniper_v5_eth_5m_bb_mp_hurst_band_v6_vL,1780448100000000,-5.0,0,0.53,eth-updown-5m-1780447800
poly_sniper_v5_eth_5m_l_ema50_hurst_grandparent_v8,1780448100000000,-5.0,0,0.53,eth-updown-5m-1780447800
poly_sniper_v5_eth_5m_cloud_ribbon_mp_hurst_v6_vL,1780448100000000,-5.0,0,0.53,eth-updown-5m-1780447800
poly_sniper_v5_eth_5m_v6c3_parent15mrang_v7_vL,1780448100000000,-5.0,0,0.53,eth-updown-5m-1780447800
poly_sniper_v5_eth_5m_bb_mp_hurst_band_V10,1780448100000000,-5.0,0,0.53,eth-updown-5m-1780447800
poly_sniper_v5_eth_5m_v6c3_parent15mrang_v7_vL,1780448400000000,-5.0,0,0.52,eth-updown-5m-1780448100
poly_sniper_v5_eth_5m_ema50_hurst_parent15mrang_v7_vL,1780448400000000,-5.0,0,0.52,eth-updown-5m-1780448100
poly_sniper_v5_eth_5m_cloud_ribbon_mp_hurst_v6_vL,1780448400000000,-5.0,0,0.52,eth-updown-5m-1780448100
poly_sniper_v5_eth_5m_cloud_vwap_hurstmp_v7_vL,1780448400000000,-5.0,0,0.52,eth-updown-5m-1780448100
poly_sniper_v5_eth_5m_bb_mp_hurst_band_v6_vL,1780448400000000,-5.0,0,0.52,eth-updown-5m-1780448100
poly_sniper_v5_eth_5m_ema50_hurst_parent15mrang_v7_vL,1780448700000000,1.5791666666666668,1,0.75,eth-updown-5m-1780448400
poly_sniper_v5_eth_5m_bb_mp_hurst_band_v6,1780448700000000,1.5791666666666668,1,0.75,eth-updown-5m-1780448400
poly_fast_taker_lagv2_eth_5m,1780448700000000,9.232222222222223,1,0.72,eth-updown-5m-1780448400
poly_sniper_v5_eth_5m_bb_mp_hurst_band_v6_vL,1780448700000000,1.5791666666666668,1,0.75,eth-updown-5m-1780448400
poly_sniper_v5_eth_5m_ema50_hurst_parent15mrang_v7,1780448700000000,1.5791666666666668,1,0.75,eth-updown-5m-1780448400
poly_sniper_v5_eth_5m_l_ema50_hurst_grandparent_v8,1780448700000000,1.5791666666666668,1,0.75,eth-updown-5m-1780448400
poly_sniper_v5_eth_5m_cloud_vwap_hurstmp_v7,1780449000000000,1.1799999999999997,1,0.8,eth-updown-5m-1780448700
poly_sniper_v5_eth_5m_bb_mp_hurst_band_v6_vL,1780449000000000,1.1799999999999997,1,0.8,eth-updown-5m-1780448700
poly_sniper_v5_eth_5m_cloud_ribbon_mp_hurst_v6_vL,1780449000000000,1.1799999999999997,1,0.8,eth-updown-5m-1780448700
poly_sniper_v5_eth_5m_cloud_ribbon_mp_hurst_V10,1780449000000000,1.1799999999999997,1,0.8,eth-updown-5m-1780448700
poly_sniper_v5_eth_5m_bb_mp_hurst_band_v6,1780449000000000,1.1799999999999997,1,0.8,eth-updown-5m-1780448700
poly_sniper_v5_eth_5m_cloud_ribbon_mp_hurst_v6,1780449000000000,1.1799999999999997,1,0.8,eth-updown-5m-1780448700
poly_sniper_v5_eth_5m_ema50_hurst_parent15mrang_v7,1780449000000000,1.1799999999999997,1,0.8,eth-updown-5m-1780448700
poly_sniper_v5_eth_5m_ema50_hurst_parent15mrang_v7_vL,1780449000000000,1.1799999999999997,1,0.8,eth-updown-5m-1780448700
poly_sniper_v5_eth_5m_l_ema50_hurst_grandparent_v8,1780449000000000,1.1799999999999997,1,0.8,eth-updown-5m-1780448700
poly_sniper_v5_eth_5m_cloud_vwap_hurstmp_v7_vL,1780449000000000,1.1799999999999997,1,0.8,eth-updown-5m-1780448700
poly_sniper_v5_eth_5m_v6c3_parent15mrang_v7,1780449000000000,1.1799999999999997,1,0.8,eth-updown-5m-1780448700
poly_sniper_v5_eth_5m_v6c3_parent15mrang_v7_vL,1780449000000000,1.1799999999999997,1,0.8,eth-updown-5m-1780448700
poly_sniper_v5_eth_5m_cloud_ribbon_mp_hurst_v6_vL,1780452600000000,3.0602213114754098,1,0.61,eth-updown-5m-1780452300
poly_sniper_v5_eth_5m_ema50_hurst_parent15mrang_v7,1780452600000000,3.0602213114754098,1,0.61,eth-updown-5m-1780452300
poly_sniper_v5_eth_5m_bb_mp_hurst_band_v6,1780452600000000,3.0602213114754098,1,0.61,eth-updown-5m-1780452300
poly_sniper_v5_eth_5m_bb_mp_hurst_band_v6_vL,1780452600000000,3.0602213114754098,1,0.61,eth-updown-5m-1780452300
poly_sniper_v5_eth_5m_cloud_vwap_hurstmp_v7_vL,1780452600000000,3.0602213114754098,1,0.61,eth-updown-5m-1780452300
poly_sniper_v5_eth_5m_cloud_vwap_hurstmp_v7,1780452600000000,3.0602213114754098,1,0.61,eth-updown-5m-1780452300
poly_sniper_v5_eth_5m_ema50_hurst_parent15mrang_v7_vL,1780452600000000,3.0602213114754098,1,0.61,eth-updown-5m-1780452300
poly_sniper_v5_eth_5m_v6c3_parent15mrang_v7_vL,1780452600000000,3.0602213114754098,1,0.61,eth-updown-5m-1780452300
poly_sniper_v5_eth_5m_v6c3_parent15mrang_v7,1780452600000000,3.0602213114754098,1,0.61,eth-updown-5m-1780452300
poly_sniper_v5_eth_5m_cloud_ribbon_mp_hurst_v6,1780452600000000,3.0602213114754098,1,0.61,eth-updown-5m-1780452300
poly_sniper_v5_eth_5m_v6c3_parent15mrang_v7,1780452900000000,1.4949473684210524,1,0.76,eth-updown-5m-1780452600
poly_sniper_v5_eth_5m_ema50_hurst_parent15mrang_v7_vL,1780452900000000,1.4949473684210524,1,0.76,eth-updown-5m-1780452600
poly_sniper_v5_eth_5m_bb_mp_hurst_band_v6_vL,1780452900000000,1.4949473684210524,1,0.76,eth-updown-5m-1780452600
poly_sniper_v5_eth_5m_ema50_hurst_parent15mrang_v7,1780452900000000,1.4949473684210524,1,0.76,eth-updown-5m-1780452600
poly_sniper_v5_eth_5m_cloud_ribbon_mp_hurst_v6_vL,1780452900000000,1.4949473684210524,1,0.76,eth-updown-5m-1780452600
poly_sniper_v5_eth_5m_cloud_vwap_hurstmp_v7,1780452900000000,1.4949473684210524,1,0.76,eth-updown-5m-1780452600
poly_sniper_v5_eth_5m_cloud_vwap_hurstmp_v7_vL,1780452900000000,1.4949473684210524,1,0.76,eth-updown-5m-1780452600
poly_sniper_v5_eth_5m_bb_mp_hurst_band_v6,1780452900000000,1.4949473684210524,1,0.76,eth-updown-5m-1780452600
poly_sniper_v5_eth_5m_l_ema50_hurst_grandparent_v8,1780452900000000,1.4949473684210524,1,0.76,eth-updown-5m-1780452600
poly_sniper_v5_eth_5m_cloud_ribbon_mp_hurst_v6,1780452900000000,1.4949473684210524,1,0.76,eth-updown-5m-1780452600
poly_sniper_v5_eth_5m_v6c3_parent15mrang_v7_vL,1780452900000000,1.4949473684210524,1,0.76,eth-updown-5m-1780452600
poly_fast_taker_lagv2_eth_5m,1780453200000000,-12.879085714285715,0,0.7,eth-updown-5m-1780452900
poly_sniper_v5_eth_5m_bb_mp_hurst_band_v6_vL,1780453200000000,-5.0,0,0.65,eth-updown-5m-1780452900
poly_sniper_v5_eth_5m_ema50_hurst_parent15mrang_v7,1780453200000000,-5.0,0,0.65,eth-updown-5m-1780452900
poly_sniper_v5_eth_5m_l_ema50_hurst_grandparent_v8,1780453200000000,-5.0,0,0.65,eth-updown-5m-1780452900
poly_sniper_v5_eth_5m_ema50_hurst_parent15mrang_v7_vL,1780453200000000,-5.0,0,0.65,eth-updown-5m-1780452900
poly_sniper_v5_eth_5m_bb_mp_hurst_band_v6,1780453200000000,-5.0,0,0.65,eth-updown-5m-1780452900
poly_sniper_v5_eth_5m_cloud_vwap_hurstmp_v7_vL,1780454100000000,2.0378571428571433,1,0.7,eth-updown-5m-1780453800
poly_sniper_v5_eth_5m_bb_mp_hurst_band_v6,1780454100000000,2.0378571428571433,1,0.7,eth-updown-5m-1780453800
poly_sniper_v5_eth_5m_bb_mp_hurst_band_v6_vL,1780454100000000,2.0378571428571433,1,0.7,eth-updown-5m-1780453800
poly_sniper_v5_eth_5m_cloud_ribbon_mp_hurst_v6,1780454100000000,2.0378571428571433,1,0.7,eth-updown-5m-1780453800
poly_sniper_v5_eth_5m_cloud_ribbon_mp_hurst_v6_vL,1780454100000000,2.0378571428571433,1,0.7,eth-updown-5m-1780453800
poly_sniper_v5_eth_5m_cloud_vwap_hurstmp_v7,1780454100000000,2.0378571428571433,1,0.7,eth-updown-5m-1780453800
poly_sniper_v5_eth_5m_bb_mp_hurst_band_v6_vL,1780455000000000,-5.0,0,0.58,eth-updown-5m-1780454700
poly_sniper_v5_eth_5m_bb_mp_hurst_band_v6,1780455000000000,-5.0,0,0.58,eth-updown-5m-1780454700
poly_sniper_v5_eth_5m_ema200_vwap_regimerang_xa3_v7,1780455300000000,3.621429824561404,1,0.57,eth-updown-5m-1780455000
poly_sniper_v5_eth_5m_l_ema50_hurst_grandparent_v8,1780455300000000,6.701761904761906,1,0.42,eth-updown-5m-1780455000
poly_fast_taker_lagv2_eth_5m,1780455300000000,-25.0,0,0.63,eth-updown-5m-1780455000
poly_sniper_v5_eth_5m_ema50_hurst_parent15mrang_v7_vL,1780455300000000,6.701761904761906,1,0.42,eth-updown-5m-1780455000
poly_sniper_v5_eth_5m_ema50_hurst_parent15mrang_v7,1780455300000000,6.701761904761906,1,0.42,eth-updown-5m-1780455000
poly_sniper_v5_eth_5m_bb_mp_hurst_band_v6_vL,1780455600000000,4.098259259259258,1,0.54,eth-updown-5m-1780455300
poly_sniper_v5_eth_5m_ema50_hurst_parent15mrang_v7,1780455600000000,4.098259259259258,1,0.54,eth-updown-5m-1780455300
poly_sniper_v5_eth_5m_bb_mp_hurst_band_v6,1780455600000000,4.098259259259258,1,0.54,eth-updown-5m-1780455300
poly_sniper_v5_eth_5m_ema50_hurst_parent15mrang_v7_vL,1780455600000000,4.098259259259258,1,0.54,eth-updown-5m-1780455300
poly_sniper_v5_eth_5m_bb_mp_hurst_band_V10,1780455600000000,4.098259259259258,1,0.54,eth-updown-5m-1780455300
poly_sniper_v5_eth_5m_l_ema50_hurst_grandparent_v8,1780455600000000,4.098259259259258,1,0.54,eth-updown-5m-1780455300
poly_sniper_v5_eth_5m_cloud_ribbon_mp_hurst_v6_vL,1780455900000000,4.632421568627452,1,0.51,eth-updown-5m-1780455600
poly_sniper_v5_eth_5m_bb_mp_hurst_band_V10,1780455900000000,4.632421568627452,1,0.51,eth-updown-5m-1780455600
poly_sniper_v5_eth_5m_v6c3_parent15mrang_v7_vL,1780455900000000,4.632421568627452,1,0.51,eth-updown-5m-1780455600
poly_sniper_v5_eth_5m_v6c3_parent15mrang_v7,1780455900000000,4.632421568627452,1,0.51,eth-updown-5m-1780455600
poly_sniper_v5_eth_5m_ema50_hurst_parent15mrang_v7_vL,1780455900000000,4.632421568627452,1,0.51,eth-updown-5m-1780455600
poly_sniper_v5_eth_5m_bb_mp_hurst_band_v6_vL,1780455900000000,4.632421568627452,1,0.51,eth-updown-5m-1780455600
poly_sniper_v5_eth_5m_ema50_hurst_parent15mrang_v7,1780455900000000,4.632421568627452,1,0.51,eth-updown-5m-1780455600
poly_sniper_v5_eth_5m_cloud_vwap_hurstmp_v7_vL,1780455900000000,4.632421568627452,1,0.51,eth-updown-5m-1780455600
poly_sniper_v5_eth_5m_cloud_ribbon_mp_hurst_v6,1780455900000000,4.632421568627452,1,0.51,eth-updown-5m-1780455600
poly_sniper_v5_eth_5m_l_ema50_hurst_grandparent_v8,1780455900000000,4.632421568627452,1,0.51,eth-updown-5m-1780455600
poly_sniper_v5_eth_5m_cloud_vwap_hurstmp_v7,1780455900000000,4.632421568627452,1,0.51,eth-updown-5m-1780455600
poly_sniper_v5_eth_5m_bb_mp_hurst_band_v6,1780455900000000,4.632421568627452,1,0.51,eth-updown-5m-1780455600
poly_sniper_v5_eth_5m_ema200_vwap_regimerang_xa3_v7,1780456200000000,1.8464444444444446,1,0.72,eth-updown-5m-1780455900
poly_sniper_v5_eth_5m_ema50_hurst_parent15mrang_v7_vL,1780456200000000,5.680565217391305,1,0.45999999999999996,eth-updown-5m-1780455900
poly_fast_taker_lagv2_eth_5m,1780456500000000,-13.765151515151514,0,0.66,eth-updown-5m-1780456200
poly_sniper_v5_eth_5m_ema50_hurst_parent15mrang_v7_vL,1780456500000000,-5.0,0,0.55,eth-updown-5m-1780456200
poly_fast_taker_b2_nomerge_eth_5m,1780456500000000,1.5399999999999998,1,0.56,eth-updown-5m-1780456200
poly_sniper_v5_eth_5m_bb_mp_hurst_band_v6_vL,1780456500000000,-5.0,0,0.55,eth-updown-5m-1780456200
poly_sniper_v5_eth_5m_v6c3_parent15mrang_v7_vL,1780456500000000,-5.0,0,0.55,eth-updown-5m-1780456200
poly_sniper_v5_eth_5m_ema200_vwap_regimerang_xa3_v7,1780456500000000,-5.0,0,0.78,eth-updown-5m-1780456200
poly_sniper_v5_eth_5m_cloud_vwap_hurstmp_v7_vL,1780456500000000,-5.0,0,0.55,eth-updown-5m-1780456200
poly_sniper_v5_eth_5m_cloud_ribbon_mp_hurst_v6_vL,1780456500000000,-5.0,0,0.55,eth-updown-5m-1780456200
poly_sniper_v5_eth_5m_bb_mp_hurst_band_v6,1780456800000000,-5.0,0,0.65,eth-updown-5m-1780456500
poly_sniper_v5_eth_5m_cloud_vwap_hurstmp_v7_vL,1780456800000000,-5.0,0,0.65,eth-updown-5m-1780456500
poly_sniper_v5_eth_5m_v6c3_parent15mrang_v7_vL,1780456800000000,-5.0,0,0.65,eth-updown-5m-1780456500
poly_sniper_v5_eth_5m_ema50_hurst_parent15mrang_v7_vL,1780456800000000,-5.0,0,0.65,eth-updown-5m-1780456500
poly_sniper_v5_eth_5m_bb_mp_hurst_band_v6_vL,1780456800000000,-5.0,0,0.65,eth-updown-5m-1780456500
poly_sniper_v5_eth_5m_cloud_ribbon_mp_hurst_v6,1780456800000000,-5.0,0,0.65,eth-updown-5m-1780456500
poly_sniper_v5_eth_5m_ema50_hurst_parent15mrang_v7,1780456800000000,-5.0,0,0.65,eth-updown-5m-1780456500
poly_sniper_v5_eth_5m_cloud_vwap_hurstmp_v7,1780456800000000,-5.0,0,0.65,eth-updown-5m-1780456500
poly_sniper_v5_eth_5m_v6c3_parent15mrang_v7,1780456800000000,-5.0,0,0.65,eth-updown-5m-1780456500
poly_sniper_v5_eth_5m_cloud_ribbon_mp_hurst_v6_vL,1780456800000000,-5.0,0,0.65,eth-updown-5m-1780456500
poly_sniper_v5_eth_5m_ema50_hurst_parent15mrang_v7_vL,1780457100000000,-5.0,0,0.69,eth-updown-5m-1780456800
poly_sniper_v5_eth_5m_v6c3_parent15mrang_v7_vL,1780457100000000,-5.0,0,0.69,eth-updown-5m-1780456800
poly_sniper_v5_eth_5m_bb_mp_hurst_band_v6,1780457100000000,-5.0,0,0.69,eth-updown-5m-1780456800
poly_sniper_v5_eth_5m_cloud_ribbon_mp_hurst_v6_vL,1780457100000000,-5.0,0,0.69,eth-updown-5m-1780456800
poly_sniper_v5_eth_5m_cloud_ribbon_mp_hurst_v6,1780457100000000,-5.0,0,0.69,eth-updown-5m-1780456800
poly_sniper_v5_eth_5m_v6c3_parent15mrang_v7,1780457100000000,-5.0,0,0.69,eth-updown-5m-1780456800
poly_sniper_v5_eth_5m_l_ema50_hurst_grandparent_v8,1780457100000000,-5.0,0,0.69,eth-updown-5m-1780456800
poly_sniper_v5_eth_5m_cloud_vwap_hurstmp_v7,1780457100000000,-5.0,0,0.69,eth-updown-5m-1780456800
poly_sniper_v5_eth_5m_cloud_vwap_hurstmp_v7_vL,1780457100000000,-5.0,0,0.69,eth-updown-5m-1780456800
poly_sniper_v5_eth_5m_ema50_hurst_parent15mrang_v7,1780457100000000,-5.0,0,0.69,eth-updown-5m-1780456800
poly_sniper_v5_eth_5m_bb_mp_hurst_band_v6_vL,1780457100000000,-5.0,0,0.69,eth-updown-5m-1780456800
poly_sniper_v5_eth_5m_cloud_vwap_hurstmp_v7,1780457400000000,1.6657567567567568,1,0.74,eth-updown-5m-1780457100
poly_sniper_v5_eth_5m_bb_mp_hurst_band_v6_vL,1780457400000000,1.6657567567567568,1,0.74,eth-updown-5m-1780457100
poly_sniper_v5_eth_5m_ema200_vwap_regimerang_xa3_v7,1780457400000000,1.5791666666666668,1,0.75,eth-updown-5m-1780457100
poly_sniper_v5_eth_5m_v6c3_parent15mrang_v7,1780457400000000,1.6657567567567568,1,0.74,eth-updown-5m-1780457100
poly_sniper_v5_eth_5m_bb_mp_hurst_band_v6,1780457400000000,1.6657567567567568,1,0.74,eth-updown-5m-1780457100
poly_sniper_v5_eth_5m_ema50_hurst_parent15mrang_v7,1780457400000000,1.6657567567567568,1,0.74,eth-updown-5m-1780457100
poly_sniper_v5_eth_5m_v6c3_parent15mrang_v7_vL,1780457400000000,1.6657567567567568,1,0.74,eth-updown-5m-1780457100
poly_sniper_v5_eth_5m_ema50_hurst_parent15mrang_v7_vL,1780457400000000,1.6657567567567568,1,0.74,eth-updown-5m-1780457100
poly_sniper_v5_eth_5m_cloud_ribbon_mp_hurst_v6_vL,1780457400000000,1.6657567567567568,1,0.74,eth-updown-5m-1780457100
poly_sniper_v5_eth_5m_l_ema50_hurst_grandparent_v8,1780457400000000,1.6657567567567568,1,0.74,eth-updown-5m-1780457100
poly_sniper_v5_eth_5m_cloud_ribbon_mp_hurst_v6,1780457400000000,1.6657567567567568,1,0.74,eth-updown-5m-1780457100
poly_sniper_v5_eth_5m_cloud_vwap_hurstmp_v7_vL,1780457400000000,1.6657567567567568,1,0.74,eth-updown-5m-1780457100
poly_fast_taker_lagv2_eth_5m,1780457400000000,14.035039682539683,1,0.63,eth-updown-5m-1780457100
poly_fast_taker_b2_nomerge_eth_5m,1780458000000000,1.4193103448275863,1,0.58,eth-updown-5m-1780457700
poly_fast_taker_lagv2_eth_5m,1780458000000000,17.326024152345564,1,0.580585229911751,eth-updown-5m-1780457700
poly_sniper_v5_eth_5m_bb_mp_hurst_band_v6_vL,1780458300000000,-5.0,0,0.75,eth-updown-5m-1780458000
poly_fast_taker_b2_nomerge_eth_5m,1780458300000000,-2.0,0,0.56,eth-updown-5m-1780458000
poly_sniper_v5_eth_5m_bb_mp_hurst_band_v6,1780458300000000,-5.0,0,0.75,eth-updown-5m-1780458000
poly_sniper_v5_eth_5m_ema200_vwap_regimerang_xa3_v7,1780458300000000,13.97176923076923,1,0.26,eth-updown-5m-1780458000
poly_fast_taker_b2_nomerge_eth_5m,1780458600000000,-2.0,0,0.61,eth-updown-5m-1780458300
poly_fast_taker_lagv2_eth_5m,1780458900000000,-9.951799999999999,0,0.5,eth-updown-5m-1780458600
poly_fast_taker_b2_nomerge_eth_5m,1780458900000000,-2.0,0,0.53,eth-updown-5m-1780458600
poly_sniper_v5_eth_5m_a2_hlcascade50k_v9,1780459200000000,4.632421568627452,1,0.51,eth-updown-5m-1780458900
poly_sniper_v5_eth_5m_up_a2_hlcascade25k_v9,1780459200000000,-5.0,0,0.5,eth-updown-5m-1780458900
poly_sniper_v5_eth_5m_a2_hlcascade50k_v9,1780459200000000,-5.0,0,0.5,eth-updown-5m-1780458900
poly_fast_taker_lagv2_eth_5m,1780460100000000,-7.875501538461542,0,0.6408537354871278,eth-updown-5m-1780459800
poly_fast_taker_b2_nomerge_eth_5m,1780460100000000,1.4193103448275863,1,0.58,eth-updown-5m-1780459800
poly_fast_taker_b2_nomerge_eth_5m,1780460400000000,-2.0,0,0.62,eth-updown-5m-1780460100
poly_sniper_v5_eth_5m_cloud_ribbon_mp_hurst_v6_vL,1780461000000000,1.6657567567567568,1,0.74,eth-updown-5m-1780460700
poly_sniper_v5_eth_5m_bb_mp_hurst_band_v6,1780461000000000,1.6657567567567568,1,0.74,eth-updown-5m-1780460700
poly_sniper_v5_eth_5m_cloud_vwap_hurstmp_v7_vL,1780461000000000,1.6657567567567568,1,0.74,eth-updown-5m-1780460700
poly_sniper_v5_eth_5m_bb_mp_hurst_band_v6_vL,1780461000000000,1.6657567567567568,1,0.74,eth-updown-5m-1780460700
poly_sniper_v5_eth_5m_cloud_vwap_hurstmp_v7,1780461000000000,1.6657567567567568,1,0.74,eth-updown-5m-1780460700
poly_sniper_v5_eth_5m_cloud_ribbon_mp_hurst_v6,1780461000000000,1.6657567567567568,1,0.74,eth-updown-5m-1780460700
poly_sniper_v5_eth_5m_cloud_ribbon_mp_hurst_v6,1780461300000000,0.5205555555555553,1,0.9,eth-updown-5m-1780461000
poly_sniper_v5_eth_5m_l_ema50_hurst_grandparent_v8,1780461300000000,0.5205555555555553,1,0.9,eth-updown-5m-1780461000
poly_sniper_v5_eth_5m_v5repl_off120_v6,1780461300000000,0.1441391752577321,1,0.97,eth-updown-5m-1780461000
poly_sniper_v5_eth_5m_cloud_ribbon_mp_hurst_v6_vL,1780461300000000,0.5205555555555553,1,0.9,eth-updown-5m-1780461000
poly_sniper_v5_eth_5m_tr200_mp_sms_active_off120,1780461300000000,0.1441391752577321,1,0.97,eth-updown-5m-1780461000
poly_fast_taker_lagv2_eth_5m,1780461600000000,-10.184285714285716,0,0.63,eth-updown-5m-1780461300
poly_sniper_v5_eth_5m_bb_mp_hurst_band_V10,1780461600000000,4.269462264150942,1,0.53,eth-updown-5m-1780461300
poly_sniper_v5_eth_5m_cloud_vwap_hurstmp_v7,1780461600000000,4.269462264150942,1,0.53,eth-updown-5m-1780461300
poly_sniper_v5_eth_5m_bb_mp_hurst_band_v6,1780461600000000,4.269462264150942,1,0.53,eth-updown-5m-1780461300
poly_sniper_v5_eth_5m_bb_mp_hurst_band_v6_vL,1780461600000000,4.269462264150942,1,0.53,eth-updown-5m-1780461300
poly_sniper_v5_eth_5m_l_ema50_hurst_grandparent_v8,1780461600000000,4.269462264150942,1,0.53,eth-updown-5m-1780461300
poly_sniper_v5_eth_5m_cloud_vwap_hurstmp_v7_vL,1780461600000000,4.269462264150942,1,0.53,eth-updown-5m-1780461300
poly_sniper_v5_eth_5m_cloud_vwap_hurstmp_v7_vL,1780462200000000,2.868286831132239,1,0.6250372045955116,eth-updown-5m-1780461900
poly_sniper_v5_eth_5m_bb_mp_hurst_band_v6_vL,1780462200000000,2.868286831132239,1,0.6250372045955116,eth-updown-5m-1780461900
poly_sniper_v5_eth_5m_bb_mp_hurst_band_v6,1780462200000000,2.868286831132239,1,0.6250372045955116,eth-updown-5m-1780461900
poly_sniper_v5_eth_5m_cloud_ribbon_mp_hurst_v6_vL,1780462200000000,2.868286831132239,1,0.6250372045955116,eth-updown-5m-1780461900
poly_sniper_v5_eth_5m_cloud_ribbon_mp_hurst_v6,1780462200000000,2.868286831132239,1,0.6250372045955116,eth-updown-5m-1780461900
poly_sniper_v5_eth_5m_cloud_vwap_hurstmp_v7,1780462200000000,2.868286831132239,1,0.6250372045955116,eth-updown-5m-1780461900
poly_sniper_v5_eth_5m_ema50_hurst_parent15mrang_v7,1780462500000000,-5.0,0,0.71,eth-updown-5m-1780462200
poly_sniper_v5_eth_5m_cloud_vwap_hurstmp_v7,1780462500000000,-5.0,0,0.71,eth-updown-5m-1780462200
poly_sniper_v5_eth_5m_v6c3_parent15mrang_v7,1780462500000000,-5.0,0,0.71,eth-updown-5m-1780462200
poly_sniper_v5_eth_5m_cloud_vwap_hurstmp_v7_vL,1780462500000000,-5.0,0,0.71,eth-updown-5m-1780462200
poly_sniper_v5_eth_5m_bb_mp_hurst_band_v6_vL,1780462500000000,-5.0,0,0.71,eth-updown-5m-1780462200
poly_sniper_v5_eth_5m_v6c3_parent15mrang_v7_vL,1780462500000000,-5.0,0,0.71,eth-updown-5m-1780462200
poly_sniper_v5_eth_5m_cloud_ribbon_mp_hurst_v6_vL,1780462500000000,-5.0,0,0.71,eth-updown-5m-1780462200
poly_sniper_v5_eth_5m_cloud_ribbon_mp_hurst_v6,1780462500000000,-5.0,0,0.71,eth-updown-5m-1780462200
poly_sniper_v5_eth_5m_bb_mp_hurst_band_v6,1780462500000000,-5.0,0,0.71,eth-updown-5m-1780462200
poly_sniper_v5_eth_5m_ema50_hurst_parent15mrang_v7_vL,1780462500000000,-5.0,0,0.71,eth-updown-5m-1780462200
poly_sniper_v5_eth_5m_bb_mp_hurst_band_v6_vL,1780462800000000,1.3137442576581277,1,0.7824881141045958,eth-updown-5m-1780462500
poly_sniper_v5_eth_5m_ema50_hurst_parent15mrang_v7_vL,1780462800000000,1.3137442576581277,1,0.7824881141045958,eth-updown-5m-1780462500
poly_sniper_v5_eth_5m_cloud_vwap_hurstmp_v7,1780462800000000,1.3137442576581277,1,0.7824881141045958,eth-updown-5m-1780462500
poly_sniper_v5_eth_5m_cloud_ribbon_mp_hurst_v6,1780462800000000,1.3137442576581277,1,0.7824881141045958,eth-updown-5m-1780462500
poly_sniper_v5_eth_5m_v6c3_parent15mrang_v7_vL,1780462800000000,1.3137442576581277,1,0.7824881141045958,eth-updown-5m-1780462500
poly_sniper_v5_eth_5m_v6c3_parent15mrang_v7,1780462800000000,1.3137442576581277,1,0.7824881141045958,eth-updown-5m-1780462500
poly_sniper_v5_eth_5m_ema50_hurst_parent15mrang_v7,1780462800000000,1.3137442576581277,1,0.7824881141045958,eth-updown-5m-1780462500
poly_sniper_v5_eth_5m_cloud_vwap_hurstmp_v7_vL,1780462800000000,1.3137442576581277,1,0.7824881141045958,eth-updown-5m-1780462500
poly_sniper_v5_eth_5m_bb_mp_hurst_band_v6,1780462800000000,1.3137442576581277,1,0.7824881141045958,eth-updown-5m-1780462500
poly_sniper_v5_eth_5m_cloud_ribbon_mp_hurst_v6_vL,1780462800000000,1.3137442576581277,1,0.7824881141045958,eth-updown-5m-1780462500
poly_fast_taker_lagv2_eth_5m,1780463100000000,-9.182666666666666,0,0.5761076630000614,eth-updown-5m-1780462800
poly_sniper_v5_eth_5m_up_a2_hlcascade25k_v9,1780463100000000,2.8746169397349073,1,0.6245291248661723,eth-updown-5m-1780462800
poly_sniper_v5_eth_5m_ema50_hurst_parent15mrang_v7,1780463100000000,-5.0,0,0.5002452182442374,eth-updown-5m-1780462800
poly_sniper_v5_eth_5m_l_ema50_hurst_grandparent_v8,1780463100000000,-5.0,0,0.5002452182442374,eth-updown-5m-1780462800
poly_sniper_v5_eth_5m_a2_hlcascade50k_v9,1780463100000000,-5.0,0,0.39,eth-updown-5m-1780462800
poly_sniper_v5_eth_5m_a2_hlcascade50k_v9,1780463100000000,2.8746169397349073,1,0.6245291248661723,eth-updown-5m-1780462800
poly_sniper_v5_eth_5m_ema50_hurst_parent15mrang_v7_vL,1780463100000000,-5.0,0,0.5002452182442374,eth-updown-5m-1780462800
poly_sniper_v5_eth_5m_a2_hlcascade50k_v9,1780463400000000,-5.0,0,0.68,eth-updown-5m-1780463100
poly_sniper_v5_eth_5m_up_a2_hlcascade25k_v9,1780463400000000,9.91701515151515,1,0.33,eth-updown-5m-1780463100
poly_sniper_v5_eth_5m_a2_hlcascade50k_v9,1780463400000000,9.91701515151515,1,0.33,eth-updown-5m-1780463100
poly_sniper_v5_eth_5m_ema200_vwap_regimerang_xa3_v7,1780463400000000,5.234666666666668,1,0.4799999999999999,eth-updown-5m-1780463100
poly_fast_taker_b2_nomerge_eth_5m,1780463400000000,-2.0,0,0.65,eth-updown-5m-1780463100
poly_sniper_v5_eth_5m_cloud_ribbon_mp_hurst_v6,1780463700000000,-5.0,0,0.71,eth-updown-5m-1780463400
poly_sniper_v5_eth_5m_cloud_vwap_hurstmp_v7_vL,1780463700000000,-5.0,0,0.71,eth-updown-5m-1780463400
poly_sniper_v5_eth_5m_cloud_vwap_hurstmp_v7,1780463700000000,-5.0,0,0.71,eth-updown-5m-1780463400
poly_sniper_v5_eth_5m_v6c3_parent15mrang_v7_vL,1780463700000000,-5.0,0,0.71,eth-updown-5m-1780463400
poly_sniper_v5_eth_5m_bb_mp_hurst_band_v6_vL,1780463700000000,-5.0,0,0.71,eth-updown-5m-1780463400
poly_sniper_v5_eth_5m_v6c3_parent15mrang_v7,1780463700000000,-5.0,0,0.71,eth-updown-5m-1780463400
poly_sniper_v5_eth_5m_ema50_hurst_parent15mrang_v7,1780463700000000,-5.0,0,0.71,eth-updown-5m-1780463400
poly_sniper_v5_eth_5m_cloud_ribbon_mp_hurst_v6_vL,1780463700000000,-5.0,0,0.71,eth-updown-5m-1780463400
poly_sniper_v5_eth_5m_ema50_hurst_parent15mrang_v7_vL,1780463700000000,-5.0,0,0.71,eth-updown-5m-1780463400
poly_sniper_v5_eth_5m_a2_hlcascade50k_v9,1780463700000000,5.680565217391305,1,0.45999999999999996,eth-updown-5m-1780463400
poly_sniper_v5_eth_5m_a2_hlcascade50k_v9,1780463700000000,-5.0,0,0.55,eth-updown-5m-1780463400
poly_sniper_v5_eth_5m_bb_mp_hurst_band_v6,1780463700000000,-5.0,0,0.71,eth-updown-5m-1780463400
poly_sniper_v5_eth_5m_up_a2_hlcascade25k_v9,1780463700000000,-5.0,0,0.55,eth-updown-5m-1780463400
poly_fast_taker_b2_nomerge_eth_5m,1780463700000000,-2.0,0,0.49,eth-updown-5m-1780463400
poly_sniper_v5_eth_5m_ema50_hurst_parent15mrang_v7,1780464000000000,3.0602213114754098,1,0.61,eth-updown-5m-1780463700
poly_sniper_v5_eth_5m_bb_mp_hurst_band_v6,1780464000000000,3.0602213114754098,1,0.61,eth-updown-5m-1780463700
poly_sniper_v5_eth_5m_cloud_vwap_hurstmp_v7,1780464000000000,3.0602213114754098,1,0.61,eth-updown-5m-1780463700
poly_sniper_v5_eth_5m_bb_mp_hurst_band_v6_vL,1780464000000000,3.0602213114754098,1,0.61,eth-updown-5m-1780463700
poly_sniper_v5_eth_5m_ema50_hurst_parent15mrang_v7_vL,1780464000000000,3.0602213114754098,1,0.61,eth-updown-5m-1780463700
poly_sniper_v5_eth_5m_cloud_vwap_hurstmp_v7_vL,1780464000000000,3.0602213114754098,1,0.61,eth-updown-5m-1780463700
poly_sniper_v5_eth_5m_up_a2_hlcascade25k_v9,1780464000000000,3.3310762711864412,1,0.59,eth-updown-5m-1780463700
poly_sniper_v5_eth_5m_cloud_vwap_hurstmp_v7_vL,1780464300000000,1.4949473684210524,1,0.76,eth-updown-5m-1780464000
poly_sniper_v5_eth_5m_cloud_ribbon_mp_hurst_v6_vL,1780464300000000,1.4949473684210524,1,0.76,eth-updown-5m-1780464000
poly_sniper_v5_eth_5m_bb_mp_hurst_band_v6_vL,1780464300000000,1.4949473684210524,1,0.76,eth-updown-5m-1780464000
poly_fast_taker_lagv2_eth_5m,1780464900000000,9.232222222222223,1,0.72,eth-updown-5m-1780464600
poly_sniper_v5_eth_5m_cloud_ribbon_mp_hurst_v6_vL,1780464900000000,0.1441391752577321,1,0.97,eth-updown-5m-1780464600
poly_sniper_v5_eth_5m_ema200_vwap_regimerang_xa3_v7,1780465200000000,1.33325641025641,1,0.78,eth-updown-5m-1780464900
poly_sniper_v5_eth_5m_bb_mp_hurst_band_v6,1780465500000000,2.931516129032258,1,0.62,eth-updown-5m-1780465200
poly_sniper_v5_eth_5m_bb_mp_hurst_band_v6_vL,1780465500000000,2.931516129032258,1,0.62,eth-updown-5m-1780465200
poly_sniper_v5_eth_5m_cloud_ribbon_mp_hurst_v6_vL,1780465500000000,2.931516129032258,1,0.62,eth-updown-5m-1780465200
poly_sniper_v5_eth_5m_cloud_vwap_hurstmp_v7_vL,1780465500000000,2.931516129032258,1,0.62,eth-updown-5m-1780465200
poly_sniper_v5_eth_5m_cloud_vwap_hurstmp_v7,1780465500000000,2.931516129032258,1,0.62,eth-updown-5m-1780465200
poly_sniper_v5_eth_5m_cloud_ribbon_mp_hurst_v6,1780465500000000,2.931516129032258,1,0.62,eth-updown-5m-1780465200
poly_sniper_v5_eth_5m_cloud_vwap_hurstmp_v7_vL,1780465800000000,-5.0,0,0.66,eth-updown-5m-1780465500
poly_sniper_v5_eth_5m_l_ema50_hurst_grandparent_v8,1780465800000000,-5.0,0,0.66,eth-updown-5m-1780465500
poly_sniper_v5_eth_5m_bb_mp_hurst_band_v6,1780465800000000,-5.0,0,0.66,eth-updown-5m-1780465500
poly_sniper_v5_eth_5m_cloud_ribbon_mp_hurst_v6,1780465800000000,-5.0,0,0.66,eth-updown-5m-1780465500
poly_sniper_v5_eth_5m_bb_mp_hurst_band_v6_vL,1780465800000000,-5.0,0,0.66,eth-updown-5m-1780465500
poly_sniper_v5_eth_5m_ema200_vwap_regimerang_xa3_v7,1780465800000000,-5.0,0,0.64,eth-updown-5m-1780465500
poly_sniper_v5_eth_5m_cloud_ribbon_mp_hurst_v6_vL,1780465800000000,-5.0,0,0.66,eth-updown-5m-1780465500
poly_sniper_v5_eth_5m_cloud_vwap_hurstmp_v7,1780465800000000,-5.0,0,0.66,eth-updown-5m-1780465500
poly_sniper_v5_eth_5m_bb_mp_hurst_band_v6_vL,1780466100000000,1.33325641025641,1,0.78,eth-updown-5m-1780465800
poly_sniper_v5_eth_5m_cloud_vwap_hurstmp_v7_vL,1780466100000000,1.33325641025641,1,0.78,eth-updown-5m-1780465800
poly_sniper_v5_eth_5m_ema50_hurst_parent15mrang_v7,1780466100000000,1.33325641025641,1,0.78,eth-updown-5m-1780465800
poly_sniper_v5_eth_5m_bb_mp_hurst_band_v6,1780466100000000,1.33325641025641,1,0.78,eth-updown-5m-1780465800
poly_sniper_v5_eth_5m_ema50_hurst_parent15mrang_v7_vL,1780466100000000,1.33325641025641,1,0.78,eth-updown-5m-1780465800
poly_sniper_v5_eth_5m_cloud_vwap_hurstmp_v7,1780466100000000,1.33325641025641,1,0.78,eth-updown-5m-1780465800
poly_fast_taker_lagv2_eth_5m,1780466400000000,-8.670909090909092,0,0.55,eth-updown-5m-1780466100
poly_sniper_v5_eth_5m_lq_ema50_hurst_grandparent_prev15m_v8,1780466400000000,-5.0,0,0.5,eth-updown-5m-1780466100
poly_sniper_v5_eth_5m_ema200_vwap_regimerang_xa3_v7,1780466400000000,-5.0,0,0.64,eth-updown-5m-1780466100
poly_sniper_v5_eth_5m_lq_ema50_hurst_grandparent_prev15m_v8_vL,1780466400000000,-5.0,0,0.5,eth-updown-5m-1780466100
poly_sniper_v5_eth_5m_ema50_hurst_parent15mrang_v7_vL,1780466400000000,-5.0,0,0.5,eth-updown-5m-1780466100
poly_sniper_v5_eth_5m_a2_hlcascade50k_v9,1780466400000000,-5.0,0,0.29,eth-updown-5m-1780466100
poly_sniper_v5_eth_5m_l_ema50_hurst_grandparent_v8,1780466400000000,-5.0,0,0.5,eth-updown-5m-1780466100
poly_sniper_v5_eth_5m_ema50_hurst_parent15mrang_v7,1780466400000000,-5.0,0,0.5,eth-updown-5m-1780466100
poly_fast_taker_b2_nomerge_eth_5m,1780466400000000,2.1233333333333335,1,0.48,eth-updown-5m-1780466100
poly_fast_taker_lagv2_eth_5m,1780466700000000,-19.640544827586204,0,0.5720327281621573,eth-updown-5m-1780466400
poly_sniper_v5_eth_5m_tr200_mp_sms_active_off120,1780466700000000,2.8070079365079366,1,0.63,eth-updown-5m-1780466400
poly_sniper_v5_eth_5m_ema50_hurst_parent15mrang_v7,1780466700000000,4.632421568627452,1,0.51,eth-updown-5m-1780466400
poly_sniper_v5_eth_5m_cloud_mp_sms_active_off120,1780466700000000,2.8070079365079366,1,0.63,eth-updown-5m-1780466400
poly_sniper_v5_eth_5m_bb_mp_hurst_band_v6,1780466700000000,4.632421568627452,1,0.51,eth-updown-5m-1780466400
poly_fast_taker_b2_nomerge_eth_5m,1780466700000000,-2.0,0,0.48,eth-updown-5m-1780466400
poly_sniper_v5_eth_5m_bb_mp_hurst_band_V10,1780466700000000,4.632421568627452,1,0.51,eth-updown-5m-1780466400
poly_sniper_v5_eth_5m_l_ema50_hurst_grandparent_v8,1780466700000000,4.632421568627452,1,0.51,eth-updown-5m-1780466400
poly_sniper_v5_eth_5m_bb_mp_hurst_band_v6_vL,1780466700000000,4.632421568627452,1,0.51,eth-updown-5m-1780466400
poly_sniper_v5_eth_5m_ema50_hurst_parent15mrang_v7_vL,1780466700000000,4.632421568627452,1,0.51,eth-updown-5m-1780466400
poly_sniper_v5_eth_5m_v5repl_off120_v6,1780466700000000,2.8070079365079366,1,0.63,eth-updown-5m-1780466400
poly_sniper_v5_eth_5m_cloud_ribbon_mp_hurst_v6,1780467300000000,-5.0,0,0.69,eth-updown-5m-1780467000
poly_sniper_v5_eth_5m_cloud_ribbon_mp_hurst_v6_vL,1780467300000000,-5.0,0,0.69,eth-updown-5m-1780467000
poly_sniper_v5_eth_5m_cloud_vwap_hurstmp_v7_vL,1780467300000000,-5.0,0,0.69,eth-updown-5m-1780467000
poly_sniper_v5_eth_5m_ema50_hurst_parent15mrang_v7_vL,1780467300000000,-5.0,0,0.69,eth-updown-5m-1780467000
poly_sniper_v5_eth_5m_v6c3_parent15mrang_v7_vL,1780467300000000,-5.0,0,0.69,eth-updown-5m-1780467000
poly_sniper_v5_eth_5m_bb_mp_hurst_band_v6_vL,1780467300000000,-5.0,0,0.69,eth-updown-5m-1780467000
poly_sniper_v5_eth_5m_bb_mp_hurst_band_v6,1780467300000000,-5.0,0,0.69,eth-updown-5m-1780467000
poly_sniper_v5_eth_5m_v6c3_parent15mrang_v7,1780467300000000,-5.0,0,0.69,eth-updown-5m-1780467000
poly_sniper_v5_eth_5m_ema50_hurst_parent15mrang_v7,1780467300000000,-5.0,0,0.69,eth-updown-5m-1780467000
poly_sniper_v5_eth_5m_cloud_vwap_hurstmp_v7,1780467300000000,-5.0,0,0.69,eth-updown-5m-1780467000
poly_sniper_v5_eth_5m_ema50_hurst_parent15mrang_v7,1780467600000000,1.9040179456672615,1,0.7138607971445569,eth-updown-5m-1780467300
poly_sniper_v5_eth_5m_bb_mp_hurst_band_v6,1780467600000000,1.9040179456672615,1,0.7138607971445569,eth-updown-5m-1780467300
poly_sniper_v5_eth_5m_bb_mp_hurst_band_v6_vL,1780467600000000,1.9040179456672615,1,0.7138607971445569,eth-updown-5m-1780467300
poly_sniper_v5_eth_5m_ema50_hurst_parent15mrang_v7_vL,1780467600000000,1.9040179456672615,1,0.7138607971445569,eth-updown-5m-1780467300
poly_sniper_v5_eth_5m_cloud_vwap_hurstmp_v7,1780467600000000,1.9040179456672615,1,0.7138607971445569,eth-updown-5m-1780467300
poly_sniper_v5_eth_5m_cloud_vwap_hurstmp_v7_vL,1780467600000000,1.9040179456672615,1,0.7138607971445569,eth-updown-5m-1780467300
poly_sniper_v5_eth_5m_bb_mp_hurst_band_v6,1780467900000000,-5.0,0,0.65,eth-updown-5m-1780467600
poly_sniper_v5_eth_5m_cloud_vwap_hurstmp_v7,1780467900000000,-5.0,0,0.65,eth-updown-5m-1780467600
poly_sniper_v5_eth_5m_ema200_vwap_regimerang_xa3_v7,1780467900000000,1.8464444444444446,1,0.72,eth-updown-5m-1780467600
poly_sniper_v5_eth_5m_cloud_vwap_hurstmp_v7_vL,1780467900000000,-5.0,0,0.65,eth-updown-5m-1780467600
poly_sniper_v5_eth_5m_cloud_ribbon_mp_hurst_v6,1780467900000000,-5.0,0,0.65,eth-updown-5m-1780467600
poly_sniper_v5_eth_5m_cloud_ribbon_mp_hurst_v6_vL,1780467900000000,-5.0,0,0.65,eth-updown-5m-1780467600
poly_sniper_v5_eth_5m_bb_mp_hurst_band_v6_vL,1780467900000000,-5.0,0,0.65,eth-updown-5m-1780467600
poly_sniper_v5_eth_5m_ema200_vwap_regimerang_xa3_v7,1780468500000000,2.569807692307692,1,0.65,eth-updown-5m-1780468200
poly_fast_taker_b2_nomerge_eth_5m,1780468500000000,-2.0,0,0.63,eth-updown-5m-1780468200
poly_fast_taker_lagv2_eth_5m,1780468800000000,-10.984848484848484,0,0.66,eth-updown-5m-1780468500
poly_sniper_v5_eth_5m_cloud_vwap_hurstmp_v7,1780468800000000,4.632421568627452,1,0.51,eth-updown-5m-1780468500
poly_sniper_v5_eth_5m_bb_mp_hurst_band_v6,1780468800000000,4.632421568627452,1,0.51,eth-updown-5m-1780468500
poly_sniper_v5_eth_5m_l_ema50_hurst_grandparent_v8,1780468800000000,4.632421568627452,1,0.51,eth-updown-5m-1780468500
poly_sniper_v5_eth_5m_ema50_hurst_parent15mrang_v7,1780468800000000,4.632421568627452,1,0.51,eth-updown-5m-1780468500
poly_sniper_v5_eth_5m_bb_mp_hurst_band_V10,1780468800000000,4.632421568627452,1,0.51,eth-updown-5m-1780468500
poly_sniper_v5_eth_5m_bb_mp_hurst_band_v6_vL,1780468800000000,4.632421568627452,1,0.51,eth-updown-5m-1780468500
poly_sniper_v5_eth_5m_ema200_vwap_regimerang_xa3_v7,1780468800000000,2.456757575757575,1,0.66,eth-updown-5m-1780468500
poly_sniper_v5_eth_5m_ema50_hurst_parent15mrang_v7_vL,1780468800000000,4.632421568627452,1,0.51,eth-updown-5m-1780468500
poly_sniper_v5_eth_5m_cloud_vwap_hurstmp_v7_vL,1780468800000000,4.632421568627452,1,0.51,eth-updown-5m-1780468500
poly_sniper_v5_eth_5m_v6c3_parent15mrang_v7_vL,1780469100000000,-5.0,0,0.57,eth-updown-5m-1780468800
poly_sniper_v5_eth_5m_v6c3_parent15mrang_v7,1780469100000000,-5.0,0,0.57,eth-updown-5m-1780468800
poly_sniper_v5_eth_5m_cloud_vwap_hurstmp_v7_vL,1780469100000000,-5.0,0,0.57,eth-updown-5m-1780468800
poly_sniper_v5_eth_5m_bb_mp_hurst_band_v6_vL,1780469100000000,-5.0,0,0.57,eth-updown-5m-1780468800
poly_sniper_v5_eth_5m_cloud_ribbon_mp_hurst_v6_vL,1780469100000000,-5.0,0,0.57,eth-updown-5m-1780468800
poly_sniper_v5_eth_5m_ema50_hurst_parent15mrang_v7,1780469100000000,-5.0,0,0.57,eth-updown-5m-1780468800
poly_sniper_v5_eth_5m_ema50_hurst_parent15mrang_v7_vL,1780469100000000,-5.0,0,0.57,eth-updown-5m-1780468800
poly_sniper_v5_eth_5m_l_ema50_hurst_grandparent_v8,1780469100000000,-5.0,0,0.57,eth-updown-5m-1780468800
poly_sniper_v5_eth_5m_cloud_vwap_hurstmp_v7,1780469100000000,-5.0,0,0.57,eth-updown-5m-1780468800
poly_sniper_v5_eth_5m_cloud_ribbon_mp_hurst_v6,1780469100000000,-5.0,0,0.57,eth-updown-5m-1780468800
poly_sniper_v5_eth_5m_bb_mp_hurst_band_v6,1780469100000000,-5.0,0,0.57,eth-updown-5m-1780468800
poly_sniper_v5_eth_5m_ema50_hurst_parent15mrang_v7,1780469400000000,0.4529258716809166,1,0.9117757824423698,eth-updown-5m-1780469100
poly_sniper_v5_eth_5m_ema50_hurst_parent15mrang_v7_vL,1780469400000000,0.4529258716809166,1,0.9117757824423698,eth-updown-5m-1780469100
poly_sniper_v5_eth_5m_ema200_vwap_regimerang_xa3_v7,1780469700000000,-5.0,0,0.56,eth-updown-5m-1780469400
poly_fast_taker_b2_nomerge_eth_5m,1780469700000000,1.151111111111111,1,0.63,eth-updown-5m-1780469400
poly_sniper_v5_eth_5m_bb_mp_hurst_band_v6_vL,1780469700000000,2.8070079365079366,1,0.63,eth-updown-5m-1780469400
poly_sniper_v5_eth_5m_bb_mp_hurst_band_v6,1780469700000000,2.8070079365079366,1,0.63,eth-updown-5m-1780469400
poly_fast_taker_lagv2_eth_5m,1780469700000000,12.849038461538461,1,0.65,eth-updown-5m-1780469400
poly_sniper_v5_eth_5m_cloud_vwap_hurstmp_v7_vL,1780470000000000,3.0602213114754098,1,0.61,eth-updown-5m-1780469700
poly_sniper_v5_eth_5m_bb_mp_hurst_band_v6,1780470000000000,3.0602213114754098,1,0.61,eth-updown-5m-1780469700
poly_sniper_v5_eth_5m_cloud_ribbon_mp_hurst_v6,1780470000000000,3.0602213114754098,1,0.61,eth-updown-5m-1780469700
poly_sniper_v5_eth_5m_cloud_ribbon_mp_hurst_v6_vL,1780470000000000,3.0602213114754098,1,0.61,eth-updown-5m-1780469700
poly_sniper_v5_eth_5m_bb_mp_hurst_band_v6_vL,1780470000000000,3.0602213114754098,1,0.61,eth-updown-5m-1780469700
poly_sniper_v5_eth_5m_cloud_vwap_hurstmp_v7,1780470000000000,3.0602213114754098,1,0.61,eth-updown-5m-1780469700
poly_sniper_v5_eth_5m_cloud_ribbon_mp_hurst_v6,1780470300000000,-5.0,0,0.77,eth-updown-5m-1780470000
poly_sniper_v5_eth_5m_k_hurst_ts_cci_tod_euus_v8_vL,1780470300000000,-5.0,0,0.8900000000000001,eth-updown-5m-1780470000
poly_sniper_v5_eth_5m_bb_mp_hurst_band_v6_vL,1780470300000000,-5.0,0,0.77,eth-updown-5m-1780470000
poly_sniper_v5_eth_5m_cloud_vwap_hurstmp_v7_vL,1780470300000000,-5.0,0,0.77,eth-updown-5m-1780470000
poly_sniper_v5_eth_5m_cloud_vwap_hurstmp_v7,1780470300000000,-5.0,0,0.77,eth-updown-5m-1780470000
poly_sniper_v5_eth_5m_bb_mp_hurst_band_v6,1780470300000000,-5.0,0,0.77,eth-updown-5m-1780470000
poly_sniper_v5_eth_5m_cloud_ribbon_mp_hurst_v6_vL,1780470300000000,-5.0,0,0.77,eth-updown-5m-1780470000
poly_fast_taker_b2_nomerge_eth_5m,1780470300000000,-2.0,0,0.64,eth-updown-5m-1780470000
poly_sniper_v5_eth_5m_k_hurst_ts_cci_tod_euus_v8,1780470300000000,-5.0,0,0.8900000000000001,eth-updown-5m-1780470000
poly_sniper_v5_eth_5m_cloud_ribbon_mp_hurst_v6,1780470600000000,2.0378571428571433,1,0.7,eth-updown-5m-1780470300
poly_sniper_v5_eth_5m_v6c3_parent15mrang_v7,1780470600000000,2.0378571428571433,1,0.7,eth-updown-5m-1780470300
poly_sniper_v5_eth_5m_l_ema50_hurst_grandparent_v8,1780470600000000,2.0378571428571433,1,0.7,eth-updown-5m-1780470300
poly_sniper_v5_eth_5m_bb_mp_hurst_band_v6,1780470600000000,2.0378571428571433,1,0.7,eth-updown-5m-1780470300
poly_sniper_v5_eth_5m_v6c3_parent15mrang_v7_vL,1780470600000000,2.0378571428571433,1,0.7,eth-updown-5m-1780470300
poly_sniper_v5_eth_5m_ema50_hurst_parent15mrang_v7_vL,1780470600000000,2.0378571428571433,1,0.7,eth-updown-5m-1780470300
poly_sniper_v5_eth_5m_cloud_vwap_hurstmp_v7,1780470600000000,2.0378571428571433,1,0.7,eth-updown-5m-1780470300
poly_sniper_v5_eth_5m_ema50_hurst_parent15mrang_v7,1780470600000000,2.0378571428571433,1,0.7,eth-updown-5m-1780470300
poly_sniper_v5_eth_5m_cloud_ribbon_mp_hurst_v6_vL,1780470600000000,2.0378571428571433,1,0.7,eth-updown-5m-1780470300
poly_sniper_v5_eth_5m_cloud_vwap_hurstmp_v7_vL,1780470600000000,2.0378571428571433,1,0.7,eth-updown-5m-1780470300
poly_sniper_v5_eth_5m_bb_mp_hurst_band_v6_vL,1780470600000000,2.0378571428571433,1,0.7,eth-updown-5m-1780470300
poly_fast_taker_b2_nomerge_eth_5m,1780470600000000,1.201290322580645,1,0.62,eth-updown-5m-1780470300
poly_fast_taker_lagv2_eth_5m,1780470600000000,8.774075342465753,1,0.73,eth-updown-5m-1780470300
poly_fast_taker_lagv2_eth_5m,1780470900000000,-25.0,0,0.65,eth-updown-5m-1780470600
poly_fast_taker_lagv2_eth_5m,1780471200000000,-10.95890410958904,0,0.73,eth-updown-5m-1780470900
poly_sniper_v5_eth_5m_l_ema50_hurst_grandparent_v8,1780471200000000,7.940894736842105,1,0.38,eth-updown-5m-1780470900
poly_sniper_v5_eth_5m_ema50_hurst_parent15mrang_v7_vL,1780471200000000,7.940894736842105,1,0.38,eth-updown-5m-1780470900
poly_sniper_v5_eth_5m_ema50_hurst_parent15mrang_v7,1780471200000000,7.940894736842105,1,0.38,eth-updown-5m-1780470900
poly_sniper_v5_eth_5m_cloud_ribbon_mp_hurst_v6_vL,1780471500000000,3.3310762711864412,1,0.59,eth-updown-5m-1780471200
poly_sniper_v5_eth_5m_v6c3_parent15mrang_v7,1780471500000000,3.3310762711864412,1,0.59,eth-updown-5m-1780471200
poly_sniper_v5_eth_5m_ema50_hurst_parent15mrang_v7,1780471500000000,3.3310762711864412,1,0.59,eth-updown-5m-1780471200
poly_sniper_v5_eth_5m_cloud_ribbon_mp_hurst_v6,1780471500000000,3.3310762711864412,1,0.59,eth-updown-5m-1780471200
poly_sniper_v5_eth_5m_bb_mp_hurst_band_v6,1780471500000000,3.3310762711864412,1,0.59,eth-updown-5m-1780471200
poly_sniper_v5_eth_5m_cloud_vwap_hurstmp_v7_vL,1780471500000000,3.3310762711864412,1,0.59,eth-updown-5m-1780471200
poly_sniper_v5_eth_5m_ema50_hurst_parent15mrang_v7_vL,1780471500000000,3.3310762711864412,1,0.59,eth-updown-5m-1780471200
poly_sniper_v5_eth_5m_cloud_vwap_hurstmp_v7,1780471500000000,3.3310762711864412,1,0.59,eth-updown-5m-1780471200
poly_sniper_v5_eth_5m_bb_mp_hurst_band_v6_vL,1780471500000000,3.3310762711864412,1,0.59,eth-updown-5m-1780471200
poly_sniper_v5_eth_5m_v6c3_parent15mrang_v7_vL,1780471500000000,3.3310762711864412,1,0.59,eth-updown-5m-1780471200
poly_sniper_v5_eth_5m_k_hurst_ts_cci_tod_euus_v8_vL,1780471500000000,-5.0,0,0.22999999999999998,eth-updown-5m-1780471200
poly_sniper_v5_eth_5m_k_hurst_ts_cci_tod_euus_v8,1780471500000000,-5.0,0,0.22999999999999998,eth-updown-5m-1780471200
poly_fast_taker_lagv2_eth_5m,1780471800000000,-10.615263157894736,0,0.76,eth-updown-5m-1780471500
poly_sniper_v5_eth_5m_ema50_hurst_parent15mrang_v7_vL,1780471800000000,5.021568627450979,1,0.4901960784313726,eth-updown-5m-1780471500
poly_sniper_v5_eth_5m_ema50_hurst_parent15mrang_v7_vL,1780472100000000,2.3121141525917293,1,0.6732673267326733,eth-updown-5m-1780471800
poly_sniper_v5_eth_5m_ema200_vwap_regimerang_xa3_v7,1780472100000000,1.7461081145153998,1,0.7309652692718006,eth-updown-5m-1780471800
poly_sniper_v5_eth_5m_cloud_vwap_hurstmp_v7_vL,1780472100000000,2.3121141525917293,1,0.6732673267326733,eth-updown-5m-1780471800
poly_sniper_v5_eth_5m_bb_mp_hurst_band_v6_vL,1780472100000000,2.3121141525917293,1,0.6732673267326733,eth-updown-5m-1780471800
poly_sniper_v5_eth_5m_ema50_hurst_parent15mrang_v7,1780472400000000,0.9645963855421689,1,0.83,eth-updown-5m-1780472100
poly_sniper_v5_eth_5m_cloud_ribbon_mp_hurst_v6,1780472400000000,0.9645963855421689,1,0.83,eth-updown-5m-1780472100
poly_sniper_v5_eth_5m_v6c3_parent15mrang_v7_vL,1780472400000000,0.9645963855421689,1,0.83,eth-updown-5m-1780472100
poly_sniper_v5_eth_5m_cloud_ribbon_mp_hurst_v6_vL,1780472400000000,0.9645963855421689,1,0.83,eth-updown-5m-1780472100
poly_sniper_v5_eth_5m_k_hurst_ts_cci_tod_euus_v8_vL,1780472400000000,-5.0,0,0.23999999999999996,eth-updown-5m-1780472100
poly_sniper_v5_eth_5m_v6c3_parent15mrang_v7,1780472400000000,0.9645963855421689,1,0.83,eth-updown-5m-1780472100
poly_sniper_v5_eth_5m_ema50_hurst_parent15mrang_v7_vL,1780472400000000,0.9645963855421689,1,0.83,eth-updown-5m-1780472100
poly_sniper_v5_eth_5m_k_hurst_ts_cci_tod_euus_v8,1780472400000000,-5.0,0,0.23999999999999996,eth-updown-5m-1780472100
poly_sniper_v5_eth_5m_ema50_hurst_parent15mrang_v7,1780472700000000,1.4949473684210524,1,0.76,eth-updown-5m-1780472400
poly_sniper_v5_eth_5m_cloud_vwap_hurstmp_v7,1780472700000000,1.4949473684210524,1,0.76,eth-updown-5m-1780472400
poly_sniper_v5_eth_5m_v6c3_parent15mrang_v7,1780472700000000,1.4949473684210524,1,0.76,eth-updown-5m-1780472400
poly_sniper_v5_eth_5m_cloud_ribbon_mp_hurst_v6,1780472700000000,1.4949473684210524,1,0.76,eth-updown-5m-1780472400
poly_sniper_v5_eth_5m_bb_mp_hurst_band_v6,1780472700000000,1.4949473684210524,1,0.76,eth-updown-5m-1780472400
poly_sniper_v5_eth_5m_cloud_ribbon_mp_hurst_v6_vL,1780472700000000,1.4949473684210524,1,0.76,eth-updown-5m-1780472400
poly_sniper_v5_eth_5m_v6c3_parent15mrang_v7_vL,1780472700000000,1.4949473684210524,1,0.76,eth-updown-5m-1780472400
poly_sniper_v5_eth_5m_ema50_hurst_parent15mrang_v7_vL,1780472700000000,1.4949473684210524,1,0.76,eth-updown-5m-1780472400
poly_sniper_v5_eth_5m_bb_mp_hurst_band_v6_vL,1780472700000000,1.4949473684210524,1,0.76,eth-updown-5m-1780472400
poly_sniper_v5_eth_5m_cloud_vwap_hurstmp_v7_vL,1780472700000000,1.4949473684210524,1,0.76,eth-updown-5m-1780472400
poly_fast_taker_lagv2_eth_5m,1780472700000000,7.895833333333334,1,0.75,eth-updown-5m-1780472400
poly_sniper_v5_eth_5m_cloud_vwap_hurstmp_v7,1780473000000000,3.473689655172415,1,0.58,eth-updown-5m-1780472700
poly_sniper_v5_eth_5m_bb_mp_hurst_band_v6,1780473000000000,3.473689655172415,1,0.58,eth-updown-5m-1780472700
poly_sniper_v5_eth_5m_bb_mp_hurst_band_v6_vL,1780473000000000,3.473689655172415,1,0.58,eth-updown-5m-1780472700
poly_sniper_v5_eth_5m_ema50_hurst_parent15mrang_v7_vL,1780473000000000,3.473689655172415,1,0.58,eth-updown-5m-1780472700
poly_sniper_v5_eth_5m_lq_ema50_hurst_grandparent_prev15m_v8,1780473000000000,3.473689655172415,1,0.58,eth-updown-5m-1780472700
poly_sniper_v5_eth_5m_lq_ema50_hurst_grandparent_prev15m_v8_vL,1780473000000000,3.473689655172415,1,0.58,eth-updown-5m-1780472700
poly_sniper_v5_eth_5m_l_ema50_hurst_grandparent_v8,1780473000000000,3.473689655172415,1,0.58,eth-updown-5m-1780472700
poly_sniper_v5_eth_5m_cloud_vwap_hurstmp_v7_vL,1780473000000000,3.473689655172415,1,0.58,eth-updown-5m-1780472700
poly_sniper_v5_eth_5m_ema50_hurst_parent15mrang_v7,1780473000000000,3.473689655172415,1,0.58,eth-updown-5m-1780472700
poly_sniper_v5_eth_5m_v6c3_parent15mrang_v7,1780473300000000,-5.0,0,0.55,eth-updown-5m-1780473000
poly_sniper_v5_eth_5m_lq_ema50_hurst_grandparent_prev15m_v8,1780473300000000,-5.0,0,0.55,eth-updown-5m-1780473000
poly_sniper_v5_eth_5m_cloud_ribbon_mp_hurst_v6_vL,1780473300000000,-5.0,0,0.55,eth-updown-5m-1780473000
poly_sniper_v5_eth_5m_bb_mp_hurst_band_v6,1780473300000000,-5.0,0,0.55,eth-updown-5m-1780473000
poly_sniper_v5_eth_5m_v6c3_parent15mrang_v7_vL,1780473300000000,-5.0,0,0.55,eth-updown-5m-1780473000
poly_sniper_v5_eth_5m_k_hurst_ts_cci_tod_euus_v8_vL,1780473300000000,-5.0,0,0.56,eth-updown-5m-1780473000
poly_sniper_v5_eth_5m_l_ema50_hurst_grandparent_v8,1780473300000000,-5.0,0,0.55,eth-updown-5m-1780473000
poly_sniper_v5_eth_5m_cloud_vwap_hurstmp_v7,1780473300000000,-5.0,0,0.55,eth-updown-5m-1780473000
poly_sniper_v5_eth_5m_ema50_hurst_parent15mrang_v7_vL,1780473300000000,-5.0,0,0.55,eth-updown-5m-1780473000
poly_sniper_v5_eth_5m_lq_ema50_hurst_grandparent_prev15m_v8_vL,1780473300000000,-5.0,0,0.55,eth-updown-5m-1780473000
poly_sniper_v5_eth_5m_cloud_vwap_hurstmp_v7_vL,1780473300000000,-5.0,0,0.55,eth-updown-5m-1780473000
poly_sniper_v5_eth_5m_ema50_hurst_parent15mrang_v7,1780473300000000,-5.0,0,0.55,eth-updown-5m-1780473000
poly_sniper_v5_eth_5m_cloud_ribbon_mp_hurst_v6,1780473300000000,-5.0,0,0.55,eth-updown-5m-1780473000
poly_sniper_v5_eth_5m_bb_mp_hurst_band_V10,1780473300000000,-5.0,0,0.55,eth-updown-5m-1780473000
poly_sniper_v5_eth_5m_bb_mp_hurst_band_v6_vL,1780473300000000,-5.0,0,0.55,eth-updown-5m-1780473000
poly_sniper_v5_eth_5m_k_hurst_ts_cci_tod_euus_v8,1780473300000000,-5.0,0,0.56,eth-updown-5m-1780473000
poly_sniper_v5_eth_5m_ema50_hurst_parent15mrang_v7,1780473600000000,2.0378571428571433,1,0.7,eth-updown-5m-1780473300
poly_sniper_v5_eth_5m_cloud_ribbon_mp_hurst_v6_vL,1780473600000000,2.0378571428571433,1,0.7,eth-updown-5m-1780473300
poly_sniper_v5_eth_5m_v6c3_parent15mrang_v7_vL,1780473600000000,2.0378571428571433,1,0.7,eth-updown-5m-1780473300
poly_sniper_v5_eth_5m_v6c3_parent15mrang_v7,1780473600000000,2.0378571428571433,1,0.7,eth-updown-5m-1780473300
poly_sniper_v5_eth_5m_ema50_hurst_parent15mrang_v7_vL,1780473600000000,2.0378571428571433,1,0.7,eth-updown-5m-1780473300
poly_sniper_v5_eth_5m_cloud_vwap_hurstmp_v7_vL,1780473600000000,2.0378571428571433,1,0.7,eth-updown-5m-1780473300
poly_sniper_v5_eth_5m_cloud_ribbon_mp_hurst_v6,1780473600000000,2.0378571428571433,1,0.7,eth-updown-5m-1780473300
poly_sniper_v5_eth_5m_cloud_vwap_hurstmp_v7,1780473600000000,2.0378571428571433,1,0.7,eth-updown-5m-1780473300
poly_sniper_v5_eth_5m_bb_mp_hurst_band_v6_vL,1780473600000000,2.0378571428571433,1,0.7,eth-updown-5m-1780473300
poly_sniper_v5_eth_5m_bb_mp_hurst_band_v6,1780473600000000,2.0378571428571433,1,0.7,eth-updown-5m-1780473300
poly_sniper_v5_eth_5m_bb_mp_hurst_band_v6_vL,1780473900000000,-5.0,0,0.64,eth-updown-5m-1780473600
poly_sniper_v5_eth_5m_k_hurst_ts_cci_tod_euus_v8,1780473900000000,5.680565217391305,1,0.45999999999999996,eth-updown-5m-1780473600
poly_sniper_v5_eth_5m_ema50_hurst_parent15mrang_v7_vL,1780473900000000,-5.0,0,0.64,eth-updown-5m-1780473600
poly_sniper_v5_eth_5m_bb_mp_hurst_band_v6,1780473900000000,-5.0,0,0.64,eth-updown-5m-1780473600
poly_sniper_v5_eth_5m_ema50_hurst_parent15mrang_v7,1780473900000000,-5.0,0,0.64,eth-updown-5m-1780473600
poly_sniper_v5_eth_5m_k_hurst_ts_cci_tod_euus_v8_vL,1780473900000000,5.680565217391305,1,0.45999999999999996,eth-updown-5m-1780473600
poly_sniper_v5_eth_5m_bb_mp_hurst_band_v6_vL,1780474200000000,3.93340909090909,1,0.55,eth-updown-5m-1780473900
poly_sniper_v5_eth_5m_cloud_vwap_hurstmp_v7_vL,1780474200000000,3.93340909090909,1,0.55,eth-updown-5m-1780473900
poly_sniper_v5_eth_5m_v6c3_parent15mrang_v7_vL,1780474200000000,3.93340909090909,1,0.55,eth-updown-5m-1780473900
poly_sniper_v5_eth_5m_cloud_ribbon_mp_hurst_v6_vL,1780474200000000,3.93340909090909,1,0.55,eth-updown-5m-1780473900
poly_sniper_v5_eth_5m_k_hurst_ts_cci_tod_euus_v8,1780474200000000,0.4630054945054944,1,0.91,eth-updown-5m-1780473900
poly_sniper_v5_eth_5m_ema50_hurst_parent15mrang_v7_vL,1780474200000000,3.93340909090909,1,0.55,eth-updown-5m-1780473900
poly_sniper_v5_eth_5m_k_hurst_ts_cci_tod_euus_v8_vL,1780474200000000,0.4630054945054944,1,0.91,eth-updown-5m-1780473900
poly_sniper_v5_eth_5m_ema50_hurst_parent15mrang_v7_vL,1780474500000000,5.918611111111112,1,0.45,eth-updown-5m-1780474200
poly_sniper_v5_eth_5m_ema50_hurst_parent15mrang_v7,1780474500000000,5.918611111111112,1,0.45,eth-updown-5m-1780474200
poly_sniper_v5_eth_5m_k_hurst_ts_cci_tod_euus_v8,1780474500000000,8.664888888888889,1,0.36,eth-updown-5m-1780474200
poly_sniper_v5_eth_5m_k_hurst_ts_cci_tod_euus_v8_vL,1780474500000000,8.664888888888889,1,0.36,eth-updown-5m-1780474200
poly_sniper_v5_eth_5m_l_ema50_hurst_grandparent_v8,1780474800000000,2.0378571428571433,1,0.7,eth-updown-5m-1780474500
poly_sniper_v5_eth_5m_k_hurst_ts_cci_tod_euus_v8_vL,1780474800000000,-5.0,0,0.64,eth-updown-5m-1780474500
poly_sniper_v5_eth_5m_ema50_hurst_parent15mrang_v7,1780474800000000,2.0378571428571433,1,0.7,eth-updown-5m-1780474500
poly_sniper_v5_eth_5m_bb_mp_hurst_band_v6,1780474800000000,2.0378571428571433,1,0.7,eth-updown-5m-1780474500
poly_sniper_v5_eth_5m_ema50_hurst_parent15mrang_v7_vL,1780474800000000,2.0378571428571433,1,0.7,eth-updown-5m-1780474500
poly_sniper_v5_eth_5m_ema200_vwap_regimerang_xa3_v7,1780474800000000,-5.0,0,0.67,eth-updown-5m-1780474500
poly_sniper_v5_eth_5m_bb_mp_hurst_band_v6_vL,1780474800000000,2.0378571428571433,1,0.7,eth-updown-5m-1780474500
poly_sniper_v5_eth_5m_k_hurst_ts_cci_tod_euus_v8,1780474800000000,-5.0,0,0.64,eth-updown-5m-1780474500
poly_sniper_v5_eth_5m_k_hurst_ts_cci_tod_euus_v8_vL,1780475100000000,0.8963809523809526,1,0.84,eth-updown-5m-1780474800
poly_sniper_v5_eth_5m_ema50_hurst_parent15mrang_v7,1780475100000000,-5.0,0,0.37,eth-updown-5m-1780474800
poly_fast_taker_b2_nomerge_eth_5m,1780475100000000,0.9889352941176466,1,0.6646466621053662,eth-updown-5m-1780474800
poly_sniper_v5_eth_5m_l_ema50_hurst_grandparent_v8,1780475100000000,-5.0,0,0.37,eth-updown-5m-1780474800
poly_sniper_v5_eth_5m_k_hurst_ts_cci_tod_euus_v8,1780475100000000,0.8963809523809526,1,0.84,eth-updown-5m-1780474800
poly_sniper_v5_eth_5m_ema50_hurst_parent15mrang_v7_vL,1780475100000000,-5.0,0,0.37,eth-updown-5m-1780474800
poly_fast_taker_lagv2_eth_5m,1780475100000000,11.14013501676749,1,0.6812365727284216,eth-updown-5m-1780474800
poly_sniper_v5_eth_5m_ema50_hurst_parent15mrang_v7_vL,1780475400000000,-5.0,0,0.45,eth-updown-5m-1780475100
poly_sniper_v5_eth_5m_ema50_hurst_parent15mrang_v7,1780475400000000,-5.0,0,0.45,eth-updown-5m-1780475100
poly_sniper_v5_eth_5m_k_hurst_ts_cci_tod_euus_v8_vL,1780475400000000,-5.0,0,0.34,eth-updown-5m-1780475100
poly_sniper_v5_eth_5m_k_hurst_ts_cci_tod_euus_v8,1780475400000000,-5.0,0,0.34,eth-updown-5m-1780475100
poly_sniper_v5_eth_5m_ema50_hurst_parent15mrang_v7,1780476300000000,-5.0,0,0.5571847507331379,eth-updown-5m-1780476000
poly_sniper_v5_eth_5m_cloud_vwap_hurstmp_v7_vL,1780476300000000,-5.0,0,0.5571847507331379,eth-updown-5m-1780476000
poly_sniper_v5_eth_5m_bb_mp_hurst_band_v6,1780476300000000,-5.0,0,0.5571847507331379,eth-updown-5m-1780476000
poly_sniper_v5_eth_5m_cloud_vwap_hurstmp_v7,1780476300000000,-5.0,0,0.5571847507331379,eth-updown-5m-1780476000
poly_sniper_v5_eth_5m_ema50_hurst_parent15mrang_v7_vL,1780476300000000,-5.0,0,0.5571847507331379,eth-updown-5m-1780476000
poly_sniper_v5_eth_5m_bb_mp_hurst_band_v6_vL,1780476300000000,-5.0,0,0.5571847507331379,eth-updown-5m-1780476000
poly_sniper_v5_eth_5m_ema50_hurst_parent15mrang_v7,1780476600000000,5.025581632653061,1,0.49,eth-updown-5m-1780476300
poly_sniper_v5_eth_5m_ema200_vwap_regimerang_xa3_v7,1780476600000000,-5.0,0,0.74,eth-updown-5m-1780476300
poly_sniper_v5_eth_5m_ema50_hurst_parent15mrang_v7_vL,1780476600000000,5.025581632653061,1,0.49,eth-updown-5m-1780476300
poly_sniper_v5_eth_5m_l_ema50_hurst_grandparent_v8,1780476600000000,5.025581632653061,1,0.49,eth-updown-5m-1780476300
poly_fast_taker_lagv2_eth_5m,1780476900000000,-12.151549295774648,0,0.7004735595895817,eth-updown-5m-1780476600
poly_fast_taker_b2_nomerge_eth_5m,1780476900000000,-2.0,0,0.53,eth-updown-5m-1780476600
poly_sniper_v5_eth_5m_ema200_vwap_regimerang_xa3_v7,1780477200000000,-5.0,0,0.4343962878862671,eth-updown-5m-1780476900
poly_sniper_v5_eth_5m_bb_mp_hurst_band_v6,1780477500000000,3.0602213114754098,1,0.61,eth-updown-5m-1780477200
poly_sniper_v5_eth_5m_bb_mp_hurst_band_v6_vL,1780477500000000,3.0602213114754098,1,0.61,eth-updown-5m-1780477200
poly_sniper_v5_eth_5m_ema50_hurst_parent15mrang_v7_vL,1780477500000000,3.0602213114754098,1,0.61,eth-updown-5m-1780477200
poly_sniper_v5_eth_5m_l_ema50_hurst_grandparent_v8,1780477500000000,3.0602213114754098,1,0.61,eth-updown-5m-1780477200
poly_sniper_v5_eth_5m_ema50_hurst_parent15mrang_v7,1780477500000000,3.0602213114754098,1,0.61,eth-updown-5m-1780477200
poly_fast_taker_b2_nomerge_eth_5m,1780477500000000,0.965373134328358,1,0.67,eth-updown-5m-1780477200
poly_fast_taker_lagv2_eth_5m,1780477800000000,-23.88059701492537,0,0.67,eth-updown-5m-1780477500
poly_sniper_v5_eth_5m_ema50_hurst_parent15mrang_v7_vL,1780477800000000,-5.0,0,0.69,eth-updown-5m-1780477500
poly_sniper_v5_eth_5m_bb_mp_hurst_band_v6,1780477800000000,-5.0,0,0.69,eth-updown-5m-1780477500
poly_sniper_v5_eth_5m_ema50_hurst_parent15mrang_v7,1780477800000000,-5.0,0,0.69,eth-updown-5m-1780477500
poly_sniper_v5_eth_5m_bb_mp_hurst_band_v6_vL,1780477800000000,-5.0,0,0.69,eth-updown-5m-1780477500
poly_fast_taker_b2_nomerge_eth_5m,1780477800000000,-2.0,0,0.67,eth-updown-5m-1780477500
poly_fast_taker_b2_nomerge_eth_5m,1780478100000000,1.1025,1,0.64,eth-updown-5m-1780477800
poly_sniper_v5_eth_5m_cloud_ribbon_mp_hurst_v6,1780478100000000,0.579477528089887,1,0.8900000000000001,eth-updown-5m-1780477800
poly_sniper_v5_eth_5m_v6c3_parent15mrang_v7,1780478100000000,0.579477528089887,1,0.8900000000000001,eth-updown-5m-1780477800
poly_sniper_v5_eth_5m_ema50_hurst_parent15mrang_v7_vL,1780478100000000,0.579477528089887,1,0.8900000000000001,eth-updown-5m-1780477800
poly_fast_taker_lagv2_eth_5m,1780478100000000,6.66628205128205,1,0.78,eth-updown-5m-1780477800
poly_sniper_v5_eth_5m_ema50_hurst_parent15mrang_v7,1780478100000000,0.579477528089887,1,0.8900000000000001,eth-updown-5m-1780477800
poly_sniper_v5_eth_5m_cloud_ribbon_mp_hurst_v6_vL,1780478100000000,0.579477528089887,1,0.8900000000000001,eth-updown-5m-1780477800
poly_sniper_v5_eth_5m_v6c3_parent15mrang_v7_vL,1780478100000000,0.579477528089887,1,0.8900000000000001,eth-updown-5m-1780477800
poly_sniper_v5_eth_5m_ema200_vwap_regimerang_xa3_v7,1780478400000000,2.569807692307692,1,0.65,eth-updown-5m-1780478100
poly_sniper_v5_eth_5m_ema50_hurst_parent15mrang_v7,1780478700000000,2.569807692307692,1,0.65,eth-updown-5m-1780478400
poly_sniper_v5_eth_5m_cloud_ribbon_mp_hurst_v6_vL,1780478700000000,2.569807692307692,1,0.65,eth-updown-5m-1780478400
poly_sniper_v5_eth_5m_cloud_ribbon_mp_hurst_v6,1780478700000000,2.569807692307692,1,0.65,eth-updown-5m-1780478400
poly_sniper_v5_eth_5m_bb_mp_hurst_band_v6_vL,1780478700000000,2.569807692307692,1,0.65,eth-updown-5m-1780478400
poly_sniper_v5_eth_5m_v6c3_parent15mrang_v7_vL,1780478700000000,2.569807692307692,1,0.65,eth-updown-5m-1780478400
poly_sniper_v5_eth_5m_v6c3_parent15mrang_v7,1780478700000000,2.569807692307692,1,0.65,eth-updown-5m-1780478400
poly_sniper_v5_eth_5m_bb_mp_hurst_band_v6,1780478700000000,2.569807692307692,1,0.65,eth-updown-5m-1780478400
poly_sniper_v5_eth_5m_cloud_vwap_hurstmp_v7,1780478700000000,2.569807692307692,1,0.65,eth-updown-5m-1780478400
poly_sniper_v5_eth_5m_l_ema50_hurst_grandparent_v8,1780478700000000,2.569807692307692,1,0.65,eth-updown-5m-1780478400
poly_sniper_v5_eth_5m_cloud_vwap_hurstmp_v7_vL,1780478700000000,2.569807692307692,1,0.65,eth-updown-5m-1780478400
poly_sniper_v5_eth_5m_ema50_hurst_parent15mrang_v7_vL,1780478700000000,2.569807692307692,1,0.65,eth-updown-5m-1780478400
poly_sniper_v5_eth_5m_v6c3_parent15mrang_v7,1780479300000000,3.041423299611885,1,0.611439842209073,eth-updown-5m-1780479000
poly_sniper_v5_eth_5m_v6c3_parent15mrang_v7_vL,1780479300000000,3.041423299611885,1,0.611439842209073,eth-updown-5m-1780479000
poly_sniper_v5_eth_5m_cloud_vwap_hurstmp_v7,1780479300000000,3.041423299611885,1,0.611439842209073,eth-updown-5m-1780479000
poly_sniper_v5_eth_5m_cloud_vwap_hurstmp_v7_vL,1780479300000000,3.041423299611885,1,0.611439842209073,eth-updown-5m-1780479000
poly_sniper_v5_eth_5m_bb_mp_hurst_band_v6_vL,1780479300000000,3.041423299611885,1,0.611439842209073,eth-updown-5m-1780479000
poly_sniper_v5_eth_5m_ema50_hurst_parent15mrang_v7_vL,1780479300000000,3.041423299611885,1,0.611439842209073,eth-updown-5m-1780479000
poly_sniper_v5_eth_5m_bb_mp_hurst_band_v6,1780479300000000,3.041423299611885,1,0.611439842209073,eth-updown-5m-1780479000
poly_sniper_v5_eth_5m_ema200_vwap_regimerang_xa3_v7,1780479300000000,2.456757575757575,1,0.66,eth-updown-5m-1780479000
poly_sniper_v5_eth_5m_ema50_hurst_parent15mrang_v7,1780479300000000,3.041423299611885,1,0.611439842209073,eth-updown-5m-1780479000
poly_sniper_v5_eth_5m_cloud_ribbon_mp_hurst_v6,1780479300000000,3.041423299611885,1,0.611439842209073,eth-updown-5m-1780479000
poly_sniper_v5_eth_5m_cloud_ribbon_mp_hurst_v6_vL,1780479300000000,3.041423299611885,1,0.611439842209073,eth-updown-5m-1780479000
poly_sniper_v5_eth_5m_l_ema50_hurst_grandparent_v8,1780479900000000,-5.0,0,0.45,eth-updown-5m-1780479600
poly_sniper_v5_eth_5m_ema50_hurst_parent15mrang_v7_vL,1780479900000000,-5.0,0,0.45,eth-updown-5m-1780479600
poly_sniper_v5_eth_5m_ema50_hurst_parent15mrang_v7,1780479900000000,-5.0,0,0.45,eth-updown-5m-1780479600
poly_sniper_v5_eth_5m_bb_mp_hurst_band_v6_vL,1780480200000000,3.473689655172415,1,0.58,eth-updown-5m-1780479900
poly_sniper_v5_eth_5m_bb_mp_hurst_band_v6,1780480200000000,3.473689655172415,1,0.58,eth-updown-5m-1780479900
poly_sniper_v5_eth_5m_ema50_hurst_parent15mrang_v7,1780480200000000,3.473689655172415,1,0.58,eth-updown-5m-1780479900
poly_sniper_v5_eth_5m_cloud_vwap_hurstmp_v7,1780480200000000,3.473689655172415,1,0.58,eth-updown-5m-1780479900
poly_sniper_v5_eth_5m_cloud_vwap_hurstmp_v7_vL,1780480200000000,3.473689655172415,1,0.58,eth-updown-5m-1780479900
poly_sniper_v5_eth_5m_ema50_hurst_parent15mrang_v7_vL,1780480200000000,3.473689655172415,1,0.58,eth-updown-5m-1780479900
poly_sniper_v5_eth_5m_l_ema50_hurst_grandparent_v8,1780480200000000,3.473689655172415,1,0.58,eth-updown-5m-1780479900
poly_sniper_v5_eth_5m_ema200_vwap_regimerang_xa3_v7,1780480200000000,2.931516129032258,1,0.62,eth-updown-5m-1780479900
poly_sniper_v5_eth_5m_ema50_hurst_parent15mrang_v7,1780480500000000,0.2981489361702125,1,0.9400000000000001,eth-updown-5m-1780480200
poly_sniper_v5_eth_5m_l_ema50_hurst_grandparent_v8,1780480500000000,0.2981489361702125,1,0.9400000000000001,eth-updown-5m-1780480200
poly_sniper_v5_eth_5m_ema50_hurst_parent15mrang_v7_vL,1780480500000000,0.2981489361702125,1,0.9400000000000001,eth-updown-5m-1780480200
poly_fast_taker_lagv2_eth_5m,1780480500000000,9.232222222222223,1,0.72,eth-updown-5m-1780480200
poly_fast_taker_lagv2_eth_5m,1780481100000000,-13.135877777777777,0,0.6215641316058454,eth-updown-5m-1780480800
poly_fast_taker_b2_nomerge_eth_5m,1780481100000000,1.4193103448275863,1,0.58,eth-updown-5m-1780480800
poly_sniper_v5_eth_5m_ema50_hurst_parent15mrang_v7_vL,1780481400000000,1.8464444444444446,1,0.72,eth-updown-5m-1780481100
poly_sniper_v5_eth_5m_bb_mp_hurst_band_v6_vL,1780481400000000,1.8464444444444446,1,0.72,eth-updown-5m-1780481100
poly_sniper_v5_eth_5m_a2_hlcascade50k_v9,1780481700000000,-5.0,0,0.33,eth-updown-5m-1780481400
poly_sniper_v5_eth_5m_up_a2_hlcascade25k_v9,1780481700000000,-5.0,0,0.33,eth-updown-5m-1780481400
poly_sniper_v5_eth_5m_a2_hlcascade50k_v9,1780481700000000,2.2409411764705878,1,0.68,eth-updown-5m-1780481400
poly_fast_taker_b2_nomerge_eth_5m,1780481700000000,1.4785964912280705,1,0.57,eth-updown-5m-1780481400
poly_sniper_v5_eth_5m_ema200_vwap_regimerang_xa3_v7,1780482300000000,2.0378571428571433,1,0.7,eth-updown-5m-1780482000
poly_sniper_v5_eth_5m_ema200_vwap_regimerang_xa3_v7,1780482600000000,-5.0,0,0.66,eth-updown-5m-1780482300
poly_fast_taker_lagv2_eth_5m,1780483500000000,9.66409189510866,1,0.710830289268437,eth-updown-5m-1780483200
poly_fast_taker_b2_nomerge_eth_5m,1780484100000000,1.1025,1,0.64,eth-updown-5m-1780483800
poly_fast_taker_lagv2_eth_5m,1780484100000000,12.283787878787876,1,0.66,eth-updown-5m-1780483800
poly_fast_taker_lagv2_eth_5m,1780484400000000,7.065032467532466,1,0.77,eth-updown-5m-1780484100
poly_fast_taker_lagv2_eth_5m,1780485000000000,19.55702888244256,1,0.5513634430284031,eth-updown-5m-1780484700
poly_sniper_v5_eth_5m_ema200_vwap_regimerang_xa3_v7,1780485300000000,2.002189178837395,1,0.7036391025132799,eth-updown-5m-1780485000
poly_fast_taker_lagv2_eth_5m,1780485600000000,-6.726500000000001,0,0.6309148264984227,eth-updown-5m-1780485300
poly_fast_taker_b2_nomerge_eth_5m,1780485600000000,1.4193103448275863,1,0.58,eth-updown-5m-1780485300
poly_sniper_v5_eth_5m_ema200_vwap_regimerang_xa3_v7,1780485600000000,-5.0,0,0.31,eth-updown-5m-1780485300
poly_sniper_v5_eth_5m_tr200_mp_sms_active_off120,1780485900000000,1.4949473684210524,1,0.76,eth-updown-5m-1780485600
poly_fast_taker_lagv2_eth_5m,1780485900000000,8.774075342465753,1,0.73,eth-updown-5m-1780485600
poly_sniper_v5_eth_5m_v5repl_off120_v6,1780485900000000,1.4949473684210524,1,0.76,eth-updown-5m-1780485600
poly_fast_taker_lagv2_eth_5m,1780486500000000,5.172804878048781,1,0.82,eth-updown-5m-1780486200
poly_sniper_v5_eth_5m_ema200_vwap_regimerang_xa3_v7,1780488000000000,3.0602213114754098,1,0.61,eth-updown-5m-1780487700
poly_fast_taker_lagv2_eth_5m,1780488600000000,10.689384057971017,1,0.69,eth-updown-5m-1780488300
poly_fast_taker_lagv2_eth_5m,1780488900000000,-17.393017460317463,0,0.63,eth-updown-5m-1780488600
poly_fast_taker_lagv2_eth_5m,1780491900000000,-22.367766666666665,0,0.6,eth-updown-5m-1780491600
poly_fast_taker_lagv2_eth_5m,1780492200000000,-15.130390476190476,0,0.63,eth-updown-5m-1780491900
poly_sniper_v5_eth_5m_ema200_vwap_regimerang_xa3_v7,1780492200000000,-5.0,0,0.75,eth-updown-5m-1780491900
poly_sniper_v5_eth_5m_ema200_vwap_regimerang_xa3_v7,1780492500000000,-5.0,0,0.75,eth-updown-5m-1780492200
poly_sniper_v5_eth_5m_ema200_vwap_regimerang_xa3_v7,1780493100000000,1.4130064935064934,1,0.77,eth-updown-5m-1780492800
poly_fast_taker_b2_nomerge_eth_5m,1780493400000000,0.6189473684210529,1,0.7599999999999999,eth-updown-5m-1780493100
poly_fast_taker_lagv2_eth_5m,1780494000000000,14.035039682539683,1,0.63,eth-updown-5m-1780493700
poly_fast_taker_b2_nomerge_eth_5m,1780494000000000,1.201290322580645,1,0.62,eth-updown-5m-1780493700
poly_fast_taker_lagv2_eth_5m,1780494600000000,-6.355932203389828,0,0.59,eth-updown-5m-1780494300
poly_fast_taker_lagv2_eth_5m,1780494300000000,15.966666666666667,1,0.6,eth-updown-5m-1780494000
poly_fast_taker_lagv2_eth_5m,1780494900000000,-9.745762711864407,0,0.59,eth-updown-5m-1780494600
poly_fast_taker_b2_nomerge_eth_5m,1780494600000000,1.201290322580645,1,0.62,eth-updown-5m-1780494300
poly_sniper_v5_eth_5m_ema200_vwap_regimerang_xa3_v7,1780494600000000,-5.0,0,0.67,eth-updown-5m-1780494300
poly_sniper_v5_eth_5m_ema200_vwap_regimerang_xa3_v7,1780495800000000,5.680565217391305,1,0.45999999999999996,eth-updown-5m-1780495500
poly_fast_taker_lagv2_eth_5m,1780496100000000,-9.848484848484848,0,0.66,eth-updown-5m-1780495800
poly_fast_taker_b2_nomerge_eth_5m,1780496100000000,1.4785964912280705,1,0.57,eth-updown-5m-1780495800
poly_fast_taker_lagv2_eth_5m,1780496700000000,-8.898305084745763,0,0.59,eth-updown-5m-1780496400
poly_fast_taker_b2_nomerge_eth_5m,1780496700000000,-2.0,0,0.59,eth-updown-5m-1780496400
poly_sniper_v5_eth_5m_ema200_vwap_regimerang_xa3_v7,1780496700000000,3.473689655172415,1,0.58,eth-updown-5m-1780496400
poly_fast_taker_lagv2_eth_5m,1780497300000000,-6.355932203389828,0,0.59,eth-updown-5m-1780497000
poly_fast_taker_b2_nomerge_eth_5m,1780497300000000,-2.0,0,0.59,eth-updown-5m-1780497000
poly_fast_taker_b2_nomerge_eth_5m,1780497600000000,1.0553846153846151,1,0.65,eth-updown-5m-1780497300
poly_fast_taker_b2_nomerge_eth_5m,1780497900000000,1.362033898305085,1,0.59,eth-updown-5m-1780497600
poly_fast_taker_lagv2_eth_5m,1780497900000000,13.432500000000001,1,0.64,eth-updown-5m-1780497600
poly_fast_taker_lagv2_eth_5m,1780498500000000,-5.281690140845068,0,0.71,eth-updown-5m-1780498200
poly_sniper_v5_eth_5m_ema200_vwap_regimerang_xa3_v7,1780499100000000,-5.0,0,0.51,eth-updown-5m-1780498800
poly_sniper_v5_eth_5m_tr200_mp_sms_active_off120,1780499400000000,0.673147621112737,1,0.8745776187636654,eth-updown-5m-1780499100
poly_sniper_v5_eth_5m_v5repl_off120_v6,1780499400000000,0.673147621112737,1,0.8745776187636654,eth-updown-5m-1780499100
poly_fast_taker_b2_nomerge_eth_5m,1780499700000000,1.7381132075471695,1,0.53,eth-updown-5m-1780499400
poly_fast_taker_lagv2_eth_5m,1780500000000000,-4.23728813559322,0,0.59,eth-updown-5m-1780499700
poly_fast_taker_b2_nomerge_eth_5m,1780500000000000,-2.0,0,0.59,eth-updown-5m-1780499700
poly_fast_taker_lagv2_eth_5m,1780502700000000,0.7835245901639352,0,0.61,eth-updown-5m-1780502400
poly_fast_taker_b2_nomerge_eth_5m,1780502700000000,1.5399999999999998,1,0.56,eth-updown-5m-1780502400
poly_fast_taker_b2_nomerge_eth_5m,1780503000000000,-2.0,0,0.65,eth-updown-5m-1780502700
poly_fast_taker_lagv2_eth_5m,1780503600000000,-10.407142857142857,0,0.56,eth-updown-5m-1780503300
poly_fast_taker_b2_nomerge_eth_5m,1780504200000000,-1.9999999999999998,0,0.5041767584400177,eth-updown-5m-1780503900
poly_fast_taker_lagv2_eth_5m,1780504500000000,-9.274193548387096,0,0.62,eth-updown-5m-1780504200
poly_fast_taker_b2_nomerge_eth_5m,1780504500000000,1.201290322580645,1,0.62,eth-updown-5m-1780504200
poly_sniper_v5_eth_5m_a2_hlcascade50k_v9,1780504800000000,-4.999999999999999,0,0.61,eth-updown-5m-1780504500
poly_sniper_v5_eth_5m_up_a2_hlcascade25k_v9,1780504800000000,7.29,1,0.4,eth-updown-5m-1780504500
poly_sniper_v5_eth_5m_a2_hlcascade50k_v9,1780504800000000,7.29,1,0.4,eth-updown-5m-1780504500
poly_fast_taker_b2_nomerge_eth_5m,1780505100000000,-2.0,0,0.54,eth-updown-5m-1780504800
poly_fast_taker_lagv2_eth_5m,1780505400000000,-10.714285714285712,0,0.7,eth-updown-5m-1780505100
poly_fast_taker_lagv2_eth_5m,1780506300000000,-11.903965517241378,0,0.58,eth-updown-5m-1780506000
poly_sniper_v5_eth_5m_a2_hlcascade50k_v9,1780506300000000,5.918611111111112,1,0.45,eth-updown-5m-1780506000
poly_sniper_v5_eth_5m_up_a2_hlcascade25k_v9,1780506300000000,-5.0,0,0.56,eth-updown-5m-1780506000
poly_sniper_v5_eth_5m_a2_hlcascade50k_v9,1780506300000000,-5.0,0,0.56,eth-updown-5m-1780506000
poly_fast_taker_b2_nomerge_eth_5m,1780506300000000,1.4193103448275863,1,0.58,eth-updown-5m-1780506000
poly_fast_taker_b2_nomerge_eth_5m,1780506600000000,1.2531147540983607,1,0.61,eth-updown-5m-1780506300
poly_fast_taker_lagv2_eth_5m,1780506600000000,14.035039682539683,1,0.63,eth-updown-5m-1780506300
poly_fast_taker_lagv2_eth_5m,1780506900000000,12.283787878787876,1,0.66,eth-updown-5m-1780506600
poly_fast_taker_lagv2_eth_5m,1780507200000000,12.849038461538461,1,0.65,eth-updown-5m-1780506900
poly_fast_taker_b2_nomerge_eth_5m,1780507200000000,1.1025,1,0.64,eth-updown-5m-1780506900
poly_fast_taker_lagv2_eth_5m,1780507500000000,16.655381355932207,1,0.59,eth-updown-5m-1780507200
poly_fast_taker_lagv2_eth_5m,1780508100000000,-10.306060606060605,0,0.66,eth-updown-5m-1780507800
poly_sniper_v5_eth_5m_ema200_vwap_regimerang_xa3_v7,1780507800000000,1.8464444444444446,1,0.72,eth-updown-5m-1780507500
poly_fast_taker_lagv2_eth_5m,1780507800000000,14.657580645161291,1,0.62,eth-updown-5m-1780507500
poly_fast_taker_lagv2_eth_5m,1780508400000000,-25.0,0,0.62,eth-updown-5m-1780508100
poly_sniper_v5_eth_5m_up_a2_hlcascade25k_v9,1780508400000000,11.421666666666665,1,0.3,eth-updown-5m-1780508100
poly_fast_taker_b2_nomerge_eth_5m,1780508400000000,-2.0,0,0.62,eth-updown-5m-1780508100
poly_sniper_v5_eth_5m_ema50_hurst_parent15mrang_v7_vL,1780508700000000,3.621429824561404,1,0.57,eth-updown-5m-1780508400
poly_sniper_v5_eth_5m_l_ema50_hurst_grandparent_v8,1780508700000000,3.621429824561404,1,0.57,eth-updown-5m-1780508400
poly_sniper_v5_eth_5m_ema50_hurst_parent15mrang_v7,1780508700000000,3.621429824561404,1,0.57,eth-updown-5m-1780508400
poly_sniper_v5_eth_5m_l_ema50_hurst_grandparent_V10,1780508700000000,3.621429824561404,1,0.57,eth-updown-5m-1780508400
poly_sniper_v5_eth_5m_ema200_vwap_regimerang_xa3_v7,1780509600000000,5.025581632653061,1,0.49,eth-updown-5m-1780509300
poly_sniper_v5_eth_5m_ema200_vwap_regimerang_xa3_v7,1780510200000000,-5.0,0,0.42,eth-updown-5m-1780509900
poly_fast_taker_b2_nomerge_eth_5m,1780510800000000,1.2531147540983607,1,0.61,eth-updown-5m-1780510500
poly_sniper_v5_eth_5m_tr200_mp_sms_active_off120,1780511100000000,4.098259259259258,1,0.54,eth-updown-5m-1780510800
poly_sniper_v5_eth_5m_v5repl_off120_v6,1780511100000000,4.098259259259258,1,0.54,eth-updown-5m-1780510800
poly_fast_taker_b2_nomerge_eth_5m,1780511100000000,-2.0,0,0.64,eth-updown-5m-1780510800
poly_sniper_v5_eth_5m_cloud_mp_sms_active_off120,1780511100000000,4.098259259259258,1,0.54,eth-updown-5m-1780510800
poly_fast_taker_b2_nomerge_eth_5m,1780512300000000,1.151111111111111,1,0.63,eth-updown-5m-1780512000
poly_sniper_v5_eth_5m_ema200_vwap_regimerang_xa3_v7,1780512900000000,-5.0,0,0.47000000000000003,eth-updown-5m-1780512600
poly_sniper_v5_eth_5m_ema50_hurst_parent15mrang_v7_vL,1780512900000000,2.2409411764705878,1,0.68,eth-updown-5m-1780512600
poly_sniper_v5_eth_5m_ema50_hurst_parent15mrang_v7_vL,1780514100000000,1.940753521126761,1,0.71,eth-updown-5m-1780513800
poly_sniper_v5_eth_5m_bb_mp_hurst_band_v6_vL,1780514100000000,1.940753521126761,1,0.71,eth-updown-5m-1780513800
poly_sniper_v5_eth_5m_cloud_vwap_hurstmp_v7,1780514100000000,1.940753521126761,1,0.71,eth-updown-5m-1780513800
poly_sniper_v5_eth_5m_ema50_hurst_parent15mrang_v7,1780514100000000,1.940753521126761,1,0.71,eth-updown-5m-1780513800
poly_sniper_v5_eth_5m_ema200_vwap_regimerang_xa3_v7,1780514100000000,-5.0,0,0.31,eth-updown-5m-1780513800
poly_sniper_v5_eth_5m_cloud_vwap_hurstmp_v7_vL,1780514100000000,1.940753521126761,1,0.71,eth-updown-5m-1780513800
poly_sniper_v5_eth_5m_bb_mp_hurst_band_v6,1780514100000000,1.940753521126761,1,0.71,eth-updown-5m-1780513800
poly_sniper_v5_eth_5m_v6c3_parent15mrang_v7_vL,1780514400000000,1.254429135472018,1,0.7901546727771962,eth-updown-5m-1780514100
poly_sniper_v5_eth_5m_cloud_ribbon_mp_hurst_v6,1780514400000000,1.254429135472018,1,0.7901546727771962,eth-updown-5m-1780514100
poly_sniper_v5_eth_5m_cloud_ribbon_mp_hurst_v6_vL,1780514400000000,1.254429135472018,1,0.7901546727771962,eth-updown-5m-1780514100
poly_sniper_v5_eth_5m_ema50_hurst_parent15mrang_v7_vL,1780514400000000,1.254429135472018,1,0.7901546727771962,eth-updown-5m-1780514100
poly_sniper_v5_eth_5m_ema50_hurst_parent15mrang_v7,1780514400000000,1.254429135472018,1,0.7901546727771962,eth-updown-5m-1780514100
poly_sniper_v5_eth_5m_l_ema50_hurst_grandparent_V10,1780514400000000,1.254429135472018,1,0.7901546727771962,eth-updown-5m-1780514100
poly_sniper_v5_eth_5m_v6c3_parent15mrang_v7,1780514400000000,1.254429135472018,1,0.7901546727771962,eth-updown-5m-1780514100
poly_sniper_v5_eth_5m_l_ema50_hurst_grandparent_v8,1780514400000000,1.254429135472018,1,0.7901546727771962,eth-updown-5m-1780514100
poly_sniper_v5_eth_5m_ema50_hurst_parent15mrang_v7,1780514700000000,-5.0,0,0.45,eth-updown-5m-1780514400
poly_sniper_v5_eth_5m_ema50_hurst_parent15mrang_v7_vL,1780514700000000,-5.0,0,0.45,eth-updown-5m-1780514400
poly_fast_taker_b2_nomerge_eth_5m,1780514700000000,1.5399999999999998,1,0.56,eth-updown-5m-1780514400
poly_fast_taker_b2_nomerge_eth_5m,1780515000000000,-2.0,0,0.56,eth-updown-5m-1780514700
poly_sniper_v5_eth_5m_ema200_vwap_regimerang_xa3_v7,1780515000000000,2.3471865671641785,1,0.67,eth-updown-5m-1780514700
poly_sniper_v5_eth_5m_bb_mp_hurst_band_V10,1780515300000000,-5.0,0,0.3500038889320992,eth-updown-5m-1780515000
poly_sniper_v5_eth_5m_bb_mp_hurst_band_v6,1780515300000000,-5.0,0,0.3500038889320992,eth-updown-5m-1780515000
poly_sniper_v5_eth_5m_l_ema50_hurst_grandparent_v8,1780515300000000,-5.0,0,0.3500038889320992,eth-updown-5m-1780515000
poly_sniper_v5_eth_5m_cloud_vwap_hurstmp_v7,1780515300000000,-5.0,0,0.3500038889320992,eth-updown-5m-1780515000
poly_sniper_v5_eth_5m_ema50_hurst_parent15mrang_v7,1780515300000000,-5.0,0,0.3500038889320992,eth-updown-5m-1780515000
poly_sniper_v5_eth_5m_ema50_hurst_parent15mrang_v7_vL,1780515300000000,-5.0,0,0.3500038889320992,eth-updown-5m-1780515000
poly_sniper_v5_eth_5m_cloud_vwap_hurstmp_v7_vL,1780515300000000,-5.0,0,0.3500038889320992,eth-updown-5m-1780515000
poly_sniper_v5_eth_5m_bb_mp_hurst_band_v6_vL,1780515300000000,-5.0,0,0.3500038889320992,eth-updown-5m-1780515000
poly_fast_taker_b2_nomerge_eth_5m,1780515300000000,1.2531147540983607,1,0.61,eth-updown-5m-1780515000
poly_sniper_v5_eth_5m_ema200_vwap_regimerang_xa3_v7,1780515600000000,-5.0,0,0.67,eth-updown-5m-1780515300
poly_sniper_v5_eth_5m_ema50_hurst_parent15mrang_v7,1780515600000000,4.447384615384615,1,0.52,eth-updown-5m-1780515300
poly_sniper_v5_eth_5m_ema50_hurst_parent15mrang_v7_vL,1780515600000000,4.447384615384615,1,0.52,eth-updown-5m-1780515300
poly_sniper_v5_eth_5m_ema50_hurst_parent15mrang_v7,1780515900000000,-5.0,0,0.45999999999999996,eth-updown-5m-1780515600
poly_sniper_v5_eth_5m_ema200_vwap_regimerang_xa3_v7,1780515900000000,-5.0,0,0.65,eth-updown-5m-1780515600
poly_sniper_v5_eth_5m_ema50_hurst_parent15mrang_v7_vL,1780515900000000,-5.0,0,0.45999999999999996,eth-updown-5m-1780515600
poly_sniper_v5_eth_5m_l_ema50_hurst_grandparent_V10,1780516200000000,-5.0,0,0.36,eth-updown-5m-1780515900
poly_sniper_v5_eth_5m_ema50_hurst_parent15mrang_v7,1780516200000000,-5.0,0,0.36,eth-updown-5m-1780515900
poly_sniper_v5_eth_5m_ema50_hurst_parent15mrang_v7_vL,1780516200000000,-5.0,0,0.36,eth-updown-5m-1780515900
poly_sniper_v5_eth_5m_ema200_vwap_regimerang_xa3_v7,1780516200000000,1.33325641025641,1,0.78,eth-updown-5m-1780515900
poly_sniper_v5_eth_5m_l_ema50_hurst_grandparent_v8,1780516200000000,-5.0,0,0.36,eth-updown-5m-1780515900
poly_sniper_v5_eth_5m_ema50_hurst_parent15mrang_v7_vL,1780516500000000,0.4067826086956525,1,0.9199999999999999,eth-updown-5m-1780516200
poly_sniper_v5_eth_5m_cloud_ribbon_mp_hurst_v6_vL,1780516500000000,0.4067826086956525,1,0.9199999999999999,eth-updown-5m-1780516200
poly_sniper_v5_eth_5m_v6c3_parent15mrang_v7_vL,1780516500000000,0.4067826086956525,1,0.9199999999999999,eth-updown-5m-1780516200
poly_fast_taker_b2_nomerge_eth_5m,1780516500000000,0.965373134328358,1,0.67,eth-updown-5m-1780516200
poly_sniper_v5_eth_5m_l_ema50_hurst_grandparent_v8,1780516800000000,1.940753521126761,1,0.71,eth-updown-5m-1780516500
poly_sniper_v5_eth_5m_l_ema50_hurst_grandparent_V10,1780516800000000,1.940753521126761,1,0.71,eth-updown-5m-1780516500
poly_fast_taker_b2_nomerge_eth_5m,1780516800000000,1.6036363636363635,1,0.55,eth-updown-5m-1780516500
poly_sniper_v5_eth_5m_ema50_hurst_parent15mrang_v7_vL,1780516800000000,1.940753521126761,1,0.71,eth-updown-5m-1780516500
poly_sniper_v5_eth_5m_ema50_hurst_parent15mrang_v7,1780516800000000,1.940753521126761,1,0.71,eth-updown-5m-1780516500
poly_fast_taker_b2_nomerge_eth_5m,1780517400000000,1.5399999999999998,1,0.56,eth-updown-5m-1780517100
poly_fast_taker_b2_nomerge_eth_5m,1780517700000000,1.4785964912280705,1,0.57,eth-updown-5m-1780517400
poly_sniper_v5_eth_5m_cloud_ribbon_mp_hurst_v6_vL,1780517700000000,0.6398181818181817,1,0.88,eth-updown-5m-1780517400
poly_sniper_v5_eth_5m_l_ema50_hurst_grandparent_v8,1780518000000000,0.1441391752577321,1,0.97,eth-updown-5m-1780517700
poly_sniper_v5_eth_5m_a2_hlcascade50k_v9,1780518000000000,-5.0,0,0.15,eth-updown-5m-1780517700
poly_sniper_v5_eth_5m_l_ema50_hurst_grandparent_V10,1780518000000000,0.1441391752577321,1,0.97,eth-updown-5m-1780517700
poly_fast_taker_b2_nomerge_eth_5m,1780518000000000,0.6533333333333333,1,0.75,eth-updown-5m-1780517700
poly_sniper_v5_eth_5m_a2_hlcascade50k_v9,1780518000000000,0.7649534883720924,1,0.8600000000000001,eth-updown-5m-1780517700
poly_sniper_v5_eth_5m_up_a2_hlcascade25k_v9,1780518000000000,-5.0,0,0.15,eth-updown-5m-1780517700
poly_sniper_v5_eth_5m_bb_mp_hurst_band_v6_vL,1780518600000000,1.8464444444444446,1,0.72,eth-updown-5m-1780518300
poly_fast_taker_b2_nomerge_eth_5m,1780518600000000,1.201290322580645,1,0.62,eth-updown-5m-1780518300
poly_sniper_v5_eth_5m_cloud_vwap_hurstmp_v7_vL,1780518600000000,1.8464444444444446,1,0.72,eth-updown-5m-1780518300
poly_sniper_v5_eth_5m_cloud_ribbon_mp_hurst_v6,1780519800000000,1.5791666666666668,1,0.75,eth-updown-5m-1780519500
poly_sniper_v5_eth_5m_l_ema50_hurst_grandparent_v8,1780519800000000,1.5791666666666668,1,0.75,eth-updown-5m-1780519500
poly_sniper_v5_eth_5m_bb_mp_hurst_band_v6,1780519800000000,1.5791666666666668,1,0.75,eth-updown-5m-1780519500
poly_sniper_v5_eth_5m_cloud_vwap_hurstmp_v7_vL,1780519800000000,1.5791666666666668,1,0.75,eth-updown-5m-1780519500
poly_sniper_v5_eth_5m_cloud_ribbon_mp_hurst_v6_vL,1780519800000000,1.5791666666666668,1,0.75,eth-updown-5m-1780519500
poly_sniper_v5_eth_5m_bb_mp_hurst_band_v6_vL,1780519800000000,1.5791666666666668,1,0.75,eth-updown-5m-1780519500
poly_sniper_v5_eth_5m_l_ema50_hurst_grandparent_V10,1780519800000000,1.5791666666666668,1,0.75,eth-updown-5m-1780519500
poly_sniper_v5_eth_5m_cloud_vwap_hurstmp_v7,1780519800000000,1.5791666666666668,1,0.75,eth-updown-5m-1780519500
poly_sniper_v5_eth_5m_l_ema50_hurst_grandparent_v8,1780520100000000,1.8464444444444446,1,0.72,eth-updown-5m-1780519800
poly_sniper_v5_eth_5m_cloud_vwap_hurstmp_v7,1780520100000000,1.8464444444444446,1,0.72,eth-updown-5m-1780519800
poly_sniper_v5_eth_5m_bb_mp_hurst_band_v6,1780520100000000,1.8464444444444446,1,0.72,eth-updown-5m-1780519800
poly_sniper_v5_eth_5m_bb_mp_hurst_band_v6_vL,1780520100000000,1.8464444444444446,1,0.72,eth-updown-5m-1780519800
poly_sniper_v5_eth_5m_cloud_vwap_hurstmp_v7_vL,1780520100000000,1.8464444444444446,1,0.72,eth-updown-5m-1780519800
poly_fast_taker_b2_nomerge_eth_5m,1780520100000000,1.8092307692307688,1,0.52,eth-updown-5m-1780519800
poly_sniper_v5_eth_5m_cloud_ribbon_mp_hurst_v6,1780520100000000,1.8464444444444446,1,0.72,eth-updown-5m-1780519800
poly_sniper_v5_eth_5m_cloud_ribbon_mp_hurst_v6_vL,1780520100000000,1.8464444444444446,1,0.72,eth-updown-5m-1780519800
poly_sniper_v5_eth_5m_l_ema50_hurst_grandparent_v8,1780520400000000,1.224237472766884,1,0.7941176470588236,eth-updown-5m-1780520100
poly_sniper_v5_eth_5m_bb_mp_hurst_band_v6,1780520700000000,-5.0,0,0.73,eth-updown-5m-1780520400
poly_sniper_v5_eth_5m_bb_mp_hurst_band_v6_vL,1780520700000000,-5.0,0,0.73,eth-updown-5m-1780520400
poly_sniper_v5_eth_5m_l_ema50_hurst_grandparent_v8,1780520700000000,-5.0,0,0.73,eth-updown-5m-1780520400
poly_sniper_v5_eth_5m_a2_hlcascade50k_v9,1780521300000000,0.7016264367816085,1,0.8700000000000001,eth-updown-5m-1780521000
poly_sniper_v5_eth_5m_a2_hlcascade50k_v9,1780521300000000,-5.0,0,0.14,eth-updown-5m-1780521000
poly_fast_taker_b2_nomerge_eth_5m,1780521300000000,1.4785964912280705,1,0.57,eth-updown-5m-1780521000
poly_sniper_v5_eth_5m_cloud_ribbon_mp_hurst_v6_vL,1780521300000000,0.43777782507569296,1,0.9144583822038448,eth-updown-5m-1780521000
poly_sniper_v5_eth_5m_up_a2_hlcascade25k_v9,1780521300000000,-5.0,0,0.14,eth-updown-5m-1780521000
poly_fast_taker_b2_nomerge_eth_5m,1780521600000000,1.362033898305085,1,0.59,eth-updown-5m-1780521300
poly_sniper_v5_eth_5m_ema200_vwap_regimerang_xa3_v7,1780521900000000,4.269462264150942,1,0.53,eth-updown-5m-1780521600
poly_fast_taker_b2_nomerge_eth_5m,1780521900000000,-2.0,0,0.63,eth-updown-5m-1780521600
poly_fast_taker_b2_nomerge_eth_5m,1780522500000000,1.96,1,0.5,eth-updown-5m-1780522200
poly_sniper_v5_eth_5m_bb_mp_hurst_band_v6,1780522800000000,-5.0,0,0.59,eth-updown-5m-1780522500
poly_sniper_v5_eth_5m_bb_mp_hurst_band_v6_vL,1780522800000000,-5.0,0,0.59,eth-updown-5m-1780522500
poly_fast_taker_b2_nomerge_eth_5m,1780523100000000,-2.0,0,0.58,eth-updown-5m-1780522800
poly_sniper_v5_eth_5m_up_a2_hlcascade25k_v9,1780523400000000,7.60701282051282,1,0.39,eth-updown-5m-1780523100
poly_sniper_v5_eth_5m_a2_hlcascade50k_v9,1780523400000000,-5.0,0,0.6262425447316103,eth-updown-5m-1780523100
poly_sniper_v5_eth_5m_l_ema50_hurst_grandparent_V10,1780523400000000,-5.0,0,0.72,eth-updown-5m-1780523100
poly_sniper_v5_eth_5m_l_ema50_hurst_grandparent_v8,1780523400000000,-5.0,0,0.72,eth-updown-5m-1780523100
poly_sniper_v5_eth_5m_a2_hlcascade50k_v9,1780523400000000,7.60701282051282,1,0.39,eth-updown-5m-1780523100
poly_fast_taker_b2_nomerge_eth_5m,1780523400000000,-2.0,0,0.59,eth-updown-5m-1780523100
poly_sniper_v5_eth_5m_l_ema50_hurst_grandparent_V10,1780523700000000,1.8464444444444446,1,0.72,eth-updown-5m-1780523400
poly_sniper_v5_eth_5m_l_ema50_hurst_grandparent_v8,1780523700000000,1.8464444444444446,1,0.72,eth-updown-5m-1780523400
poly_sniper_v5_eth_5m_cloud_ribbon_mp_hurst_v6_vL,1780524000000000,1.0345609756097565,1,0.82,eth-updown-5m-1780523700
poly_sniper_v5_eth_5m_cloud_ribbon_mp_hurst_v6,1780524000000000,1.0345609756097565,1,0.82,eth-updown-5m-1780523700
poly_sniper_v5_eth_5m_cloud_vwap_hurstmp_v7,1780524300000000,-5.0,0,0.3326810176125245,eth-updown-5m-1780524000
poly_sniper_v5_eth_5m_cloud_vwap_hurstmp_v7_vL,1780524300000000,-5.0,0,0.3326810176125245,eth-updown-5m-1780524000
poly_sniper_v5_eth_5m_up_a2_hlcascade25k_v9,1780524300000000,-5.0,0,0.29,eth-updown-5m-1780524000
poly_fast_taker_b2_nomerge_eth_5m,1780524300000000,1.0553846153846151,1,0.65,eth-updown-5m-1780524000
poly_sniper_v5_eth_5m_l_ema50_hurst_grandparent_v8,1780524600000000,1.8464444444444446,1,0.72,eth-updown-5m-1780524300
poly_sniper_v5_eth_5m_lq_ema50_hurst_grandparent_prev15m_v8,1780524600000000,1.8464444444444446,1,0.72,eth-updown-5m-1780524300
poly_sniper_v5_eth_5m_lq_ema50_hurst_grandparent_prev15m_v8_vL,1780524600000000,1.8464444444444446,1,0.72,eth-updown-5m-1780524300
poly_sniper_v5_eth_5m_cloud_vwap_hurstmp_v7,1780524900000000,1.2556139240506328,1,0.79,eth-updown-5m-1780524600
poly_sniper_v5_eth_5m_bb_mp_hurst_band_v6_vL,1780524900000000,1.2556139240506328,1,0.79,eth-updown-5m-1780524600
poly_sniper_v5_eth_5m_cloud_vwap_hurstmp_v7_vL,1780524900000000,1.2556139240506328,1,0.79,eth-updown-5m-1780524600
poly_sniper_v5_eth_5m_cloud_ribbon_mp_hurst_v6,1780524900000000,1.2556139240506328,1,0.79,eth-updown-5m-1780524600
poly_sniper_v5_eth_5m_bb_mp_hurst_band_v6,1780524900000000,1.2556139240506328,1,0.79,eth-updown-5m-1780524600
poly_sniper_v5_eth_5m_cloud_ribbon_mp_hurst_v6_vL,1780524900000000,1.2556139240506328,1,0.79,eth-updown-5m-1780524600
poly_sniper_v5_eth_5m_a2_hlcascade50k_v9,1780525200000000,1.33325641025641,1,0.78,eth-updown-5m-1780524900
poly_sniper_v5_eth_5m_a2_hlcascade50k_v9,1780525200000000,-5.0,0,0.22999999999999998,eth-updown-5m-1780524900
poly_sniper_v5_eth_5m_up_a2_hlcascade25k_v9,1780525200000000,-5.0,0,0.22999999999999998,eth-updown-5m-1780524900
poly_fast_taker_b2_nomerge_eth_5m,1780525800000000,-2.0,0,0.56,eth-updown-5m-1780525500
poly_sniper_v5_eth_5m_l_ema50_hurst_grandparent_V10,1780526100000000,7.29,1,0.4,eth-updown-5m-1780525800
poly_sniper_v5_eth_5m_l_ema50_hurst_grandparent_v8,1780526100000000,7.29,1,0.4,eth-updown-5m-1780525800
poly_fast_taker_b2_nomerge_eth_5m,1780526100000000,-2.0,0,0.63,eth-updown-5m-1780525800
poly_sniper_v5_eth_5m_cloud_vwap_hurstmp_v7_vL,1780526400000000,-5.0,0,0.65,eth-updown-5m-1780526100
poly_sniper_v5_eth_5m_l_ema50_hurst_grandparent_V10,1780526400000000,-5.0,0,0.65,eth-updown-5m-1780526100
poly_sniper_v5_eth_5m_l_ema50_hurst_grandparent_v8,1780526400000000,-5.0,0,0.65,eth-updown-5m-1780526100
poly_sniper_v5_eth_5m_cloud_vwap_hurstmp_v7,1780526400000000,-5.0,0,0.65,eth-updown-5m-1780526100
poly_sniper_v5_eth_5m_bb_mp_hurst_band_v6,1780526400000000,-5.0,0,0.65,eth-updown-5m-1780526100
poly_sniper_v5_eth_5m_bb_mp_hurst_band_v6_vL,1780526400000000,-5.0,0,0.65,eth-updown-5m-1780526100
poly_sniper_v5_eth_5m_bb_mp_hurst_band_v6_vL,1780527000000000,3.621429824561404,1,0.57,eth-updown-5m-1780526700
poly_sniper_v5_eth_5m_bb_mp_hurst_band_v6,1780527000000000,3.621429824561404,1,0.57,eth-updown-5m-1780526700
poly_sniper_v5_eth_5m_cloud_vwap_hurstmp_v7,1780527000000000,3.621429824561404,1,0.57,eth-updown-5m-1780526700
poly_sniper_v5_eth_5m_cloud_vwap_hurstmp_v7_vL,1780527000000000,3.621429824561404,1,0.57,eth-updown-5m-1780526700
poly_sniper_v5_eth_5m_bb_mp_hurst_band_V10,1780527300000000,7.60701282051282,1,0.39,eth-updown-5m-1780527000
poly_sniper_v5_eth_5m_cloud_ribbon_mp_hurst_v6,1780527300000000,7.60701282051282,1,0.39,eth-updown-5m-1780527000
poly_sniper_v5_eth_5m_v6c3_parent15mrang_v7,1780527300000000,7.60701282051282,1,0.39,eth-updown-5m-1780527000
poly_sniper_v5_eth_5m_cloud_vwap_hurstmp_v7,1780527300000000,7.60701282051282,1,0.39,eth-updown-5m-1780527000
poly_sniper_v5_eth_5m_cloud_ribbon_mp_hurst_v6_vL,1780527300000000,7.60701282051282,1,0.39,eth-updown-5m-1780527000
poly_sniper_v5_eth_5m_v6c3_parent15mrang_v7_vL,1780527300000000,7.60701282051282,1,0.39,eth-updown-5m-1780527000
poly_sniper_v5_eth_5m_ema50_hurst_parent15mrang_v7,1780527300000000,7.60701282051282,1,0.39,eth-updown-5m-1780527000
poly_fast_taker_b2_nomerge_eth_5m,1780527300000000,-2.0,0,0.68,eth-updown-5m-1780527000
poly_sniper_v5_eth_5m_bb_mp_hurst_band_v6,1780527300000000,7.60701282051282,1,0.39,eth-updown-5m-1780527000
poly_sniper_v5_eth_5m_cloud_vwap_hurstmp_v7_vL,1780527300000000,7.60701282051282,1,0.39,eth-updown-5m-1780527000
poly_sniper_v5_eth_5m_bb_mp_hurst_band_v6_vL,1780527300000000,7.60701282051282,1,0.39,eth-updown-5m-1780527000
poly_sniper_v5_eth_5m_ema50_hurst_parent15mrang_v7_vL,1780527300000000,7.60701282051282,1,0.39,eth-updown-5m-1780527000
poly_sniper_v5_eth_5m_ema50_hurst_parent15mrang_v7_vL,1780527600000000,-5.0,0,0.53,eth-updown-5m-1780527300
poly_fast_taker_b2_nomerge_eth_5m,1780527600000000,1.4613827586206898,1,0.5728677959405403,eth-updown-5m-1780527300
poly_sniper_v5_eth_5m_ema50_hurst_parent15mrang_v7,1780527600000000,-5.0,0,0.53,eth-updown-5m-1780527300
poly_sniper_v5_eth_5m_cloud_vwap_hurstmp_v7_vL,1780527900000000,5.680565217391305,1,0.45999999999999996,eth-updown-5m-1780527600
poly_sniper_v5_eth_5m_ema50_hurst_parent15mrang_v7_vL,1780527900000000,5.680565217391305,1,0.45999999999999996,eth-updown-5m-1780527600
poly_sniper_v5_eth_5m_cloud_vwap_hurstmp_v7,1780527900000000,5.680565217391305,1,0.45999999999999996,eth-updown-5m-1780527600
poly_sniper_v5_eth_5m_ema50_hurst_parent15mrang_v7,1780527900000000,5.680565217391305,1,0.45999999999999996,eth-updown-5m-1780527600
poly_sniper_v5_eth_5m_ema50_hurst_parent15mrang_v7_vL,1780528200000000,-5.0,0,0.77,eth-updown-5m-1780527900
poly_fast_taker_b2_nomerge_eth_5m,1780528200000000,-2.0,0,0.6192568917299242,eth-updown-5m-1780527900
poly_sniper_v5_eth_5m_ema50_hurst_parent15mrang_v7,1780528200000000,-5.0,0,0.77,eth-updown-5m-1780527900
poly_sniper_v5_eth_5m_l_ema50_hurst_grandparent_v8,1780528500000000,-5.0,0,0.6,eth-updown-5m-1780528200
poly_sniper_v5_eth_5m_l_ema50_hurst_grandparent_V10,1780528500000000,-5.0,0,0.6,eth-updown-5m-1780528200
poly_sniper_v5_eth_5m_lq_ema50_hurst_grandparent_prev15m_v8_vL,1780528500000000,-5.0,0,0.6,eth-updown-5m-1780528200
poly_sniper_v5_eth_5m_lq_ema50_hurst_grandparent_prev15m_v8,1780528500000000,-5.0,0,0.6,eth-updown-5m-1780528200
poly_sniper_v5_eth_5m_ema50_hurst_parent15mrang_v7,1780528500000000,-5.0,0,0.6,eth-updown-5m-1780528200
poly_fast_taker_b2_nomerge_eth_5m,1780528500000000,1.4193103448275863,1,0.58,eth-updown-5m-1780528200
poly_sniper_v5_eth_5m_ema50_hurst_parent15mrang_v7_vL,1780528500000000,-5.0,0,0.6,eth-updown-5m-1780528200
poly_sniper_v5_eth_5m_ema50_hurst_parent15mrang_v7_vL,1780528800000000,-5.0,0,0.55,eth-updown-5m-1780528500
poly_sniper_v5_eth_5m_lq_ema50_hurst_grandparent_prev15m_v8_vL,1780529100000000,5.452797872340425,1,0.47000000000000003,eth-updown-5m-1780528800
poly_sniper_v5_eth_5m_ema50_hurst_parent15mrang_v7_vL,1780529100000000,5.452797872340425,1,0.47000000000000003,eth-updown-5m-1780528800
poly_sniper_v5_eth_5m_ema50_hurst_parent15mrang_v7,1780529100000000,5.452797872340425,1,0.47000000000000003,eth-updown-5m-1780528800
poly_sniper_v5_eth_5m_lq_ema50_hurst_grandparent_prev15m_v8,1780529100000000,5.452797872340425,1,0.47000000000000003,eth-updown-5m-1780528800
poly_sniper_v5_eth_5m_l_ema50_hurst_grandparent_v8,1780529100000000,5.452797872340425,1,0.47000000000000003,eth-updown-5m-1780528800
poly_sniper_v5_eth_5m_l_ema50_hurst_grandparent_V10,1780529100000000,5.452797872340425,1,0.47000000000000003,eth-updown-5m-1780528800
poly_fast_taker_b2_nomerge_eth_5m,1780529100000000,-2.0,0,0.59,eth-updown-5m-1780528800
poly_sniper_v5_eth_5m_ema50_hurst_parent15mrang_v7_vL,1780529400000000,0.4534377261979444,1,0.9116854288885365,eth-updown-5m-1780529100
poly_sniper_v5_eth_5m_v6c3_parent15mrang_v7,1780529400000000,0.4534377261979444,1,0.9116854288885365,eth-updown-5m-1780529100
poly_sniper_v5_eth_5m_cloud_ribbon_mp_hurst_v6_vL,1780529400000000,0.4534377261979444,1,0.9116854288885365,eth-updown-5m-1780529100
poly_sniper_v5_eth_5m_ema50_hurst_parent15mrang_v7,1780529400000000,0.4534377261979444,1,0.9116854288885365,eth-updown-5m-1780529100
poly_sniper_v5_eth_5m_cloud_ribbon_mp_hurst_v6,1780529400000000,0.4534377261979444,1,0.9116854288885365,eth-updown-5m-1780529100
poly_sniper_v5_eth_5m_up_a2_hlcascade25k_v9,1780529400000000,1.2516798418972326,1,0.790513833992095,eth-updown-5m-1780529100
poly_fast_taker_b2_nomerge_eth_5m,1780529400000000,1.201290322580645,1,0.62,eth-updown-5m-1780529100
poly_sniper_v5_eth_5m_v6c3_parent15mrang_v7_vL,1780529400000000,0.4534377261979444,1,0.9116854288885365,eth-updown-5m-1780529100
poly_sniper_v5_eth_5m_v6c3_parent15mrang_v7,1780529700000000,-5.0,0,0.82,eth-updown-5m-1780529400
poly_sniper_v5_eth_5m_ema50_hurst_parent15mrang_v7_vL,1780529700000000,-5.0,0,0.82,eth-updown-5m-1780529400
poly_sniper_v5_eth_5m_ema50_hurst_parent15mrang_v7,1780529700000000,-5.0,0,0.82,eth-updown-5m-1780529400
poly_fast_taker_b2_nomerge_eth_5m,1780529700000000,-2.0,0,0.62,eth-updown-5m-1780529400
poly_sniper_v5_eth_5m_v6c3_parent15mrang_v7_vL,1780529700000000,-5.0,0,0.82,eth-updown-5m-1780529400
poly_sniper_v5_eth_5m_cloud_ribbon_mp_hurst_v6,1780529700000000,-5.0,0,0.82,eth-updown-5m-1780529400
poly_sniper_v5_eth_5m_cloud_ribbon_mp_hurst_v6_vL,1780529700000000,-5.0,0,0.82,eth-updown-5m-1780529400
poly_sniper_v5_eth_5m_lq_ema50_hurst_grandparent_prev15m_v8,1780530000000000,2.931516129032258,1,0.62,eth-updown-5m-1780529700
poly_sniper_v5_eth_5m_lq_ema50_hurst_grandparent_prev15m_v8_vL,1780530000000000,2.931516129032258,1,0.62,eth-updown-5m-1780529700
poly_sniper_v5_eth_5m_ema50_hurst_parent15mrang_v7,1780530000000000,2.931516129032258,1,0.62,eth-updown-5m-1780529700
poly_sniper_v5_eth_5m_l_ema50_hurst_grandparent_v8,1780530000000000,2.931516129032258,1,0.62,eth-updown-5m-1780529700
poly_sniper_v5_eth_5m_ema50_hurst_parent15mrang_v7_vL,1780530000000000,2.931516129032258,1,0.62,eth-updown-5m-1780529700
poly_fast_taker_b2_nomerge_eth_5m,1780530300000000,0.8805797101449279,1,0.69,eth-updown-5m-1780530000
poly_sniper_v5_eth_5m_ema50_hurst_parent15mrang_v7,1780530600000000,2.456757575757575,1,0.66,eth-updown-5m-1780530300
poly_sniper_v5_eth_5m_bb_mp_hurst_band_v6_vL,1780530600000000,2.456757575757575,1,0.66,eth-updown-5m-1780530300
poly_sniper_v5_eth_5m_ema50_hurst_parent15mrang_v7_vL,1780530600000000,2.456757575757575,1,0.66,eth-updown-5m-1780530300
poly_fast_taker_b2_nomerge_eth_5m,1780530600000000,0.8805797101449279,1,0.69,eth-updown-5m-1780530300
poly_sniper_v5_eth_5m_bb_mp_hurst_band_v6,1780530600000000,2.456757575757575,1,0.66,eth-updown-5m-1780530300
poly_sniper_v5_eth_5m_ema50_hurst_parent15mrang_v7,1780530900000000,4.632421568627452,1,0.51,eth-updown-5m-1780530600
poly_sniper_v5_eth_5m_ema50_hurst_parent15mrang_v7_vL,1780530900000000,4.632421568627452,1,0.51,eth-updown-5m-1780530600
poly_sniper_v5_eth_5m_lq_ema50_hurst_grandparent_prev15m_v8_vL,1780530900000000,4.632421568627452,1,0.51,eth-updown-5m-1780530600
poly_sniper_v5_eth_5m_l_ema50_hurst_grandparent_V10,1780530900000000,4.632421568627452,1,0.51,eth-updown-5m-1780530600
poly_sniper_v5_eth_5m_lq_ema50_hurst_grandparent_prev15m_v8,1780530900000000,4.632421568627452,1,0.51,eth-updown-5m-1780530600
poly_sniper_v5_eth_5m_l_ema50_hurst_grandparent_v8,1780530900000000,4.632421568627452,1,0.51,eth-updown-5m-1780530600
poly_sniper_v5_eth_5m_cloud_ribbon_mp_hurst_v6,1780531200000000,-4.999999999999999,0,0.61,eth-updown-5m-1780530900
poly_sniper_v5_eth_5m_v6c3_parent15mrang_v7_vL,1780531200000000,-4.999999999999999,0,0.61,eth-updown-5m-1780530900
poly_sniper_v5_eth_5m_cloud_ribbon_mp_hurst_v6_vL,1780531200000000,-4.999999999999999,0,0.61,eth-updown-5m-1780530900
poly_sniper_v5_eth_5m_ema200_vwap_regimerang_xa3_v7,1780531200000000,2.6865,1,0.64,eth-updown-5m-1780530900
poly_sniper_v5_eth_5m_bb_mp_hurst_band_v6,1780531200000000,-4.999999999999999,0,0.61,eth-updown-5m-1780530900
poly_sniper_v5_eth_5m_cloud_vwap_hurstmp_v7_vL,1780531200000000,-4.999999999999999,0,0.61,eth-updown-5m-1780530900
poly_sniper_v5_eth_5m_cloud_vwap_hurstmp_v7,1780531200000000,-4.999999999999999,0,0.61,eth-updown-5m-1780530900
poly_sniper_v5_eth_5m_ema50_hurst_parent15mrang_v7_vL,1780531200000000,-4.999999999999999,0,0.61,eth-updown-5m-1780530900
poly_sniper_v5_eth_5m_bb_mp_hurst_band_v6_vL,1780531200000000,-4.999999999999999,0,0.61,eth-updown-5m-1780530900
poly_sniper_v5_eth_5m_v6c3_parent15mrang_v7,1780531200000000,-4.999999999999999,0,0.61,eth-updown-5m-1780530900
poly_sniper_v5_eth_5m_ema50_hurst_parent15mrang_v7,1780531200000000,-4.999999999999999,0,0.61,eth-updown-5m-1780530900
poly_sniper_v5_eth_5m_ema50_hurst_parent15mrang_v7,1780531500000000,0.3518440860215051,1,0.93,eth-updown-5m-1780531200
poly_sniper_v5_eth_5m_ema50_hurst_parent15mrang_v7_vL,1780531500000000,0.3518440860215051,1,0.93,eth-updown-5m-1780531200
poly_sniper_v5_eth_5m_lq_ema50_hurst_grandparent_prev15m_v8,1780531800000000,1.9798937388249322,1,0.7059338211899459,eth-updown-5m-1780531500
poly_fast_taker_b2_nomerge_eth_5m,1780531800000000,1.4785964912280705,1,0.57,eth-updown-5m-1780531500
poly_sniper_v5_eth_5m_bb_mp_hurst_band_v6,1780531800000000,1.9798937388249322,1,0.7059338211899459,eth-updown-5m-1780531500
poly_sniper_v5_eth_5m_l_ema50_hurst_grandparent_v8,1780531800000000,1.9798937388249322,1,0.7059338211899459,eth-updown-5m-1780531500
poly_sniper_v5_eth_5m_lq_ema50_hurst_grandparent_prev15m_v8_vL,1780531800000000,1.9798937388249322,1,0.7059338211899459,eth-updown-5m-1780531500
poly_sniper_v5_eth_5m_bb_mp_hurst_band_v6_vL,1780531800000000,1.9798937388249322,1,0.7059338211899459,eth-updown-5m-1780531500
poly_fast_taker_lagv2_eth_5m,1780532100000000,-12.621624999999998,0,0.64,eth-updown-5m-1780531800
poly_fast_taker_b2_nomerge_eth_5m,1780532100000000,-2.0,0,0.65,eth-updown-5m-1780531800
poly_fast_taker_lagv2_eth_5m,1780532400000000,-9.343017647058828,0,0.6706273126780122,eth-updown-5m-1780532100
poly_sniper_v5_eth_5m_bb_mp_hurst_band_V10,1780532400000000,5.452797872340425,1,0.47000000000000003,eth-updown-5m-1780532100
poly_sniper_v5_eth_5m_l_ema50_hurst_grandparent_v8,1780532400000000,5.452797872340425,1,0.47000000000000003,eth-updown-5m-1780532100
poly_sniper_v5_eth_5m_cloud_vwap_hurstmp_v7,1780532400000000,5.452797872340425,1,0.47000000000000003,eth-updown-5m-1780532100
poly_sniper_v5_eth_5m_bb_mp_hurst_band_v6,1780532400000000,5.452797872340425,1,0.47000000000000003,eth-updown-5m-1780532100
poly_sniper_v5_eth_5m_cloud_vwap_hurstmp_v7_vL,1780532400000000,5.452797872340425,1,0.47000000000000003,eth-updown-5m-1780532100
poly_sniper_v5_eth_5m_ema200_vwap_regimerang_xa3_v7,1780532400000000,1.6657567567567568,1,0.74,eth-updown-5m-1780532100
poly_sniper_v5_eth_5m_bb_mp_hurst_band_v6_vL,1780532400000000,5.452797872340425,1,0.47000000000000003,eth-updown-5m-1780532100
poly_fast_taker_lagv2_eth_5m,1780532700000000,-12.903225806451612,0,0.62,eth-updown-5m-1780532400
poly_sniper_v5_eth_5m_cloud_vwap_hurstmp_v7_vL,1780532700000000,-5.0,0,0.71,eth-updown-5m-1780532400
poly_sniper_v5_eth_5m_bb_mp_hurst_band_v6_vL,1780532700000000,-5.0,0,0.71,eth-updown-5m-1780532400
poly_sniper_v5_eth_5m_bb_mp_hurst_band_v6,1780532700000000,-5.0,0,0.71,eth-updown-5m-1780532400
poly_sniper_v5_eth_5m_cloud_vwap_hurstmp_v7,1780532700000000,-5.0,0,0.71,eth-updown-5m-1780532400
poly_sniper_v5_eth_5m_ema50_hurst_parent15mrang_v7,1780532700000000,-5.0,0,0.71,eth-updown-5m-1780532400
poly_sniper_v5_eth_5m_ema50_hurst_parent15mrang_v7_vL,1780532700000000,-5.0,0,0.71,eth-updown-5m-1780532400
poly_sniper_v5_eth_5m_cloud_ribbon_mp_hurst_v6,1780533000000000,0.579477528089887,1,0.8900000000000001,eth-updown-5m-1780532700
poly_sniper_v5_eth_5m_ema50_hurst_parent15mrang_v7_vL,1780533000000000,0.579477528089887,1,0.8900000000000001,eth-updown-5m-1780532700
poly_sniper_v5_eth_5m_v6c3_parent15mrang_v7,1780533000000000,0.579477528089887,1,0.8900000000000001,eth-updown-5m-1780532700
poly_sniper_v5_eth_5m_l_ema50_hurst_grandparent_v8,1780533000000000,0.579477528089887,1,0.8900000000000001,eth-updown-5m-1780532700
poly_sniper_v5_eth_5m_cloud_ribbon_mp_hurst_v6_vL,1780533000000000,0.579477528089887,1,0.8900000000000001,eth-updown-5m-1780532700
poly_sniper_v5_eth_5m_cloud_ribbon_mp_hurst_V10,1780533000000000,0.579477528089887,1,0.8900000000000001,eth-updown-5m-1780532700
poly_sniper_v5_eth_5m_ema50_hurst_parent15mrang_v7,1780533000000000,0.579477528089887,1,0.8900000000000001,eth-updown-5m-1780532700
poly_sniper_v5_eth_5m_l_ema50_hurst_grandparent_V10,1780533000000000,0.579477528089887,1,0.8900000000000001,eth-updown-5m-1780532700
poly_sniper_v5_eth_5m_v6c3_parent15mrang_v7_vL,1780533000000000,0.579477528089887,1,0.8900000000000001,eth-updown-5m-1780532700
poly_fast_taker_b2_nomerge_eth_5m,1780533300000000,1.6570909090909085,1,0.5418719211822661,eth-updown-5m-1780533000
poly_sniper_v5_eth_5m_ema50_hurst_parent15mrang_v7,1780533300000000,0.7016264367816085,1,0.8700000000000001,eth-updown-5m-1780533000
poly_sniper_v5_eth_5m_ema50_hurst_parent15mrang_v7_vL,1780533300000000,0.7016264367816085,1,0.8700000000000001,eth-updown-5m-1780533000
poly_sniper_v5_eth_5m_bb_mp_hurst_band_v6_vL,1780533600000000,2.931516129032258,1,0.62,eth-updown-5m-1780533300
poly_sniper_v5_eth_5m_cloud_vwap_hurstmp_v7,1780533600000000,2.931516129032258,1,0.62,eth-updown-5m-1780533300
poly_sniper_v5_eth_5m_cloud_ribbon_mp_hurst_v6,1780533600000000,2.931516129032258,1,0.62,eth-updown-5m-1780533300
poly_sniper_v5_eth_5m_lq_ema50_hurst_grandparent_prev15m_v8,1780533600000000,2.931516129032258,1,0.62,eth-updown-5m-1780533300
poly_sniper_v5_eth_5m_l_ema50_hurst_grandparent_v8,1780533600000000,2.931516129032258,1,0.62,eth-updown-5m-1780533300
poly_sniper_v5_eth_5m_cloud_ribbon_mp_hurst_v6_vL,1780533600000000,2.931516129032258,1,0.62,eth-updown-5m-1780533300
poly_sniper_v5_eth_5m_lq_ema50_hurst_grandparent_prev15m_v8_vL,1780533600000000,2.931516129032258,1,0.62,eth-updown-5m-1780533300
poly_sniper_v5_eth_5m_bb_mp_hurst_band_v6,1780533600000000,2.931516129032258,1,0.62,eth-updown-5m-1780533300
poly_sniper_v5_eth_5m_cloud_vwap_hurstmp_v7_vL,1780533600000000,2.931516129032258,1,0.62,eth-updown-5m-1780533300
poly_sniper_v5_eth_5m_cloud_ribbon_mp_hurst_V10,1780533600000000,2.931516129032258,1,0.62,eth-updown-5m-1780533300
poly_fast_taker_lagv2_eth_5m,1780533900000000,-6.866969696969696,0,0.66,eth-updown-5m-1780533600
poly_fast_taker_b2_nomerge_eth_5m,1780533900000000,1.1025,1,0.64,eth-updown-5m-1780533600
poly_sniper_v5_eth_5m_lq_ema50_hurst_grandparent_prev15m_v8_vL,1780534200000000,0.7016264367816085,1,0.8700000000000001,eth-updown-5m-1780533900
poly_sniper_v5_eth_5m_l_ema50_hurst_grandparent_v8,1780534200000000,0.7016264367816085,1,0.8700000000000001,eth-updown-5m-1780533900
poly_sniper_v5_eth_5m_lq_ema50_hurst_grandparent_prev15m_v8,1780534200000000,0.7016264367816085,1,0.8700000000000001,eth-updown-5m-1780533900
poly_fast_taker_b2_nomerge_eth_5m,1780534200000000,1.151111111111111,1,0.63,eth-updown-5m-1780533900
poly_sniper_v5_eth_5m_up_a2_hlcascade25k_v9,1780534200000000,-5.0,0,0.22999999999999998,eth-updown-5m-1780533900
poly_sniper_v5_eth_5m_bb_mp_hurst_band_v6,1780534500000000,-5.0,0,0.7200347194823641,eth-updown-5m-1780534200
poly_fast_taker_b2_nomerge_eth_5m,1780534500000000,-2.0,0,0.64,eth-updown-5m-1780534200
poly_sniper_v5_eth_5m_bb_mp_hurst_band_v6_vL,1780534500000000,-5.0,0,0.7200347194823641,eth-updown-5m-1780534200
poly_sniper_v5_eth_5m_bb_mp_hurst_band_v6_vL,1780534800000000,3.3310762711864412,1,0.59,eth-updown-5m-1780534500
poly_sniper_v5_eth_5m_cloud_vwap_hurstmp_v7_vL,1780534800000000,3.3310762711864412,1,0.59,eth-updown-5m-1780534500
poly_fast_taker_b2_nomerge_eth_5m,1780534800000000,1.5399999999999998,1,0.56,eth-updown-5m-1780534500
poly_fast_taker_lagv2_eth_5m,1780535400000000,-8.247503278688521,0,0.6012624540182073,eth-updown-5m-1780535100
poly_sniper_v5_eth_5m_cloud_vwap_hurstmp_v7_vL,1780535400000000,-5.0,0,0.5576208178438662,eth-updown-5m-1780535100
poly_sniper_v5_eth_5m_bb_mp_hurst_band_v6_vL,1780535400000000,-5.0,0,0.5576208178438662,eth-updown-5m-1780535100
poly_sniper_v5_eth_5m_ema200_vwap_regimerang_xa3_v7,1780535700000000,2.931516129032258,1,0.62,eth-updown-5m-1780535400
poly_sniper_v5_eth_5m_l_ema50_hurst_grandparent_V10,1780536000000000,1.940753521126761,1,0.71,eth-updown-5m-1780535700
poly_sniper_v5_eth_5m_l_ema50_hurst_grandparent_v8,1780536000000000,1.940753521126761,1,0.71,eth-updown-5m-1780535700
poly_fast_taker_b2_nomerge_eth_5m,1780536000000000,1.6036363636363635,1,0.55,eth-updown-5m-1780535700
poly_sniper_v5_eth_5m_lq_ema50_hurst_grandparent_prev15m_v8,1780536300000000,6.167636363636364,1,0.44,eth-updown-5m-1780536000
poly_sniper_v5_eth_5m_l_ema50_hurst_grandparent_v8,1780536300000000,6.167636363636364,1,0.44,eth-updown-5m-1780536000
poly_sniper_v5_eth_5m_l_ema50_hurst_grandparent_V10,1780536300000000,6.167636363636364,1,0.44,eth-updown-5m-1780536000
poly_sniper_v5_eth_5m_lq_ema50_hurst_grandparent_prev15m_v8_vL,1780536300000000,6.167636363636364,1,0.44,eth-updown-5m-1780536000
poly_fast_taker_lagv2_eth_5m,1780536600000000,14.035039682539683,1,0.63,eth-updown-5m-1780536300
poly_fast_taker_b2_nomerge_eth_5m,1780536600000000,1.1025,1,0.64,eth-updown-5m-1780536300
poly_fast_taker_b2_nomerge_eth_5m,1780536900000000,1.2531147540983607,1,0.61,eth-updown-5m-1780536600
poly_sniper_v5_eth_5m_a2_hlcascade50k_v9,1780537200000000,24.81812022583859,1,0.16605778811026237,eth-updown-5m-1780536900
poly_sniper_v5_eth_5m_up_a2_hlcascade25k_v9,1780537200000000,-5.0,0,0.85,eth-updown-5m-1780536900
poly_fast_taker_b2_nomerge_eth_5m,1780537200000000,-2.0,0,0.68,eth-updown-5m-1780536900
poly_sniper_v5_eth_5m_a2_hlcascade50k_v9,1780537200000000,-5.0,0,0.85,eth-updown-5m-1780536900
poly_sniper_v5_eth_5m_cloud_vwap_hurstmp_v7_vL,1780537500000000,2.719193061840121,1,0.6372549019607843,eth-updown-5m-1780537200
poly_sniper_v5_eth_5m_cloud_ribbon_mp_hurst_v6_vL,1780537500000000,2.719193061840121,1,0.6372549019607843,eth-updown-5m-1780537200
poly_sniper_v5_eth_5m_bb_mp_hurst_band_v6_vL,1780537500000000,2.719193061840121,1,0.6372549019607843,eth-updown-5m-1780537200
poly_sniper_v5_eth_5m_cloud_ribbon_mp_hurst_V10,1780537800000000,1.8062622503377759,1,0.7243500694582259,eth-updown-5m-1780537500
poly_sniper_v5_eth_5m_lq_ema50_hurst_grandparent_prev15m_v8,1780537800000000,1.8062622503377759,1,0.7243500694582259,eth-updown-5m-1780537500
poly_sniper_v5_eth_5m_cloud_vwap_hurstmp_v7,1780537800000000,1.8062622503377759,1,0.7243500694582259,eth-updown-5m-1780537500
poly_sniper_v5_eth_5m_cloud_ribbon_mp_hurst_v6_vL,1780537800000000,1.8062622503377759,1,0.7243500694582259,eth-updown-5m-1780537500
poly_sniper_v5_eth_5m_lq_ema50_hurst_grandparent_prev15m_v8_vL,1780537800000000,1.8062622503377759,1,0.7243500694582259,eth-updown-5m-1780537500
poly_sniper_v5_eth_5m_bb_mp_hurst_band_v6_vL,1780537800000000,1.8062622503377759,1,0.7243500694582259,eth-updown-5m-1780537500
poly_sniper_v5_eth_5m_cloud_ribbon_mp_hurst_v6,1780537800000000,1.8062622503377759,1,0.7243500694582259,eth-updown-5m-1780537500
poly_sniper_v5_eth_5m_bb_mp_hurst_band_v6,1780537800000000,1.8062622503377759,1,0.7243500694582259,eth-updown-5m-1780537500
poly_sniper_v5_eth_5m_l_ema50_hurst_grandparent_v8,1780537800000000,1.8062622503377759,1,0.7243500694582259,eth-updown-5m-1780537500
poly_sniper_v5_eth_5m_l_ema50_hurst_grandparent_V10,1780537800000000,1.8062622503377759,1,0.7243500694582259,eth-updown-5m-1780537500
poly_sniper_v5_eth_5m_cloud_vwap_hurstmp_v7_vL,1780537800000000,1.8062622503377759,1,0.7243500694582259,eth-updown-5m-1780537500
poly_sniper_v5_eth_5m_cloud_vwap_hurstmp_v7_vL,1780538100000000,1.2556139240506328,1,0.79,eth-updown-5m-1780537800
poly_sniper_v5_eth_5m_lq_ema50_hurst_grandparent_prev15m_v8_vL,1780538100000000,1.2556139240506328,1,0.79,eth-updown-5m-1780537800
poly_sniper_v5_eth_5m_l_ema50_hurst_grandparent_V10,1780538100000000,1.2556139240506328,1,0.79,eth-updown-5m-1780537800
poly_sniper_v5_eth_5m_cloud_vwap_hurstmp_v7,1780538100000000,1.2556139240506328,1,0.79,eth-updown-5m-1780537800
poly_sniper_v5_eth_5m_ema50_hurst_parent15mrang_v7_vL,1780538100000000,1.2556139240506328,1,0.79,eth-updown-5m-1780537800
poly_sniper_v5_eth_5m_lq_ema50_hurst_grandparent_prev15m_v8,1780538100000000,1.2556139240506328,1,0.79,eth-updown-5m-1780537800
poly_sniper_v5_eth_5m_v6c3_parent15mrang_v7_vL,1780538100000000,1.2556139240506328,1,0.79,eth-updown-5m-1780537800
poly_sniper_v5_eth_5m_l_ema50_hurst_grandparent_v8,1780538100000000,1.2556139240506328,1,0.79,eth-updown-5m-1780537800
poly_sniper_v5_eth_5m_v6c3_parent15mrang_v7,1780538100000000,1.2556139240506328,1,0.79,eth-updown-5m-1780537800
poly_sniper_v5_eth_5m_bb_mp_hurst_band_v6_vL,1780538100000000,1.2556139240506328,1,0.79,eth-updown-5m-1780537800
poly_sniper_v5_eth_5m_ema50_hurst_parent15mrang_v7,1780538100000000,1.2556139240506328,1,0.79,eth-updown-5m-1780537800
poly_sniper_v5_eth_5m_cloud_ribbon_mp_hurst_V10,1780538100000000,1.2556139240506328,1,0.79,eth-updown-5m-1780537800
poly_sniper_v5_eth_5m_cloud_ribbon_mp_hurst_v6,1780538100000000,1.2556139240506328,1,0.79,eth-updown-5m-1780537800
poly_sniper_v5_eth_5m_bb_mp_hurst_band_v6,1780538100000000,1.2556139240506328,1,0.79,eth-updown-5m-1780537800
poly_sniper_v5_eth_5m_cloud_ribbon_mp_hurst_v6_vL,1780538100000000,1.2556139240506328,1,0.79,eth-updown-5m-1780537800
poly_fast_taker_b2_nomerge_eth_5m,1780538100000000,1.2531147540983607,1,0.61,eth-updown-5m-1780537800
poly_fast_taker_lagv2_eth_5m,1780538400000000,-6.779661016949155,0,0.59,eth-updown-5m-1780538100
poly_sniper_v5_eth_5m_ema50_hurst_parent15mrang_v7,1780538400000000,5.025581632653061,1,0.49,eth-updown-5m-1780538100
poly_sniper_v5_eth_5m_ema50_hurst_parent15mrang_v7_vL,1780538400000000,5.025581632653061,1,0.49,eth-updown-5m-1780538100
poly_fast_taker_b2_nomerge_eth_5m,1780538400000000,-2.0,0,0.5365659777424483,eth-updown-5m-1780538100
poly_sniper_v5_eth_5m_ema50_hurst_parent15mrang_v7_vL,1780538700000000,2.569807692307692,1,0.65,eth-updown-5m-1780538400
poly_sniper_v5_eth_5m_l_ema50_hurst_grandparent_v8,1780538700000000,2.569807692307692,1,0.65,eth-updown-5m-1780538400
poly_sniper_v5_eth_5m_ema50_hurst_parent15mrang_v7,1780538700000000,2.569807692307692,1,0.65,eth-updown-5m-1780538400
poly_fast_taker_b2_nomerge_eth_5m,1780538700000000,1.96,1,0.5,eth-updown-5m-1780538400
poly_fast_taker_lagv2_eth_5m,1780538700000000,20.49129629629629,1,0.54,eth-updown-5m-1780538400
poly_sniper_v5_eth_5m_bb_mp_hurst_band_v6_vL,1780539300000000,1.8464444444444446,1,0.72,eth-updown-5m-1780539000
poly_fast_taker_b2_nomerge_eth_5m,1780539300000000,1.6036363636363635,1,0.55,eth-updown-5m-1780539000
poly_sniper_v5_eth_5m_bb_mp_hurst_band_v6,1780539300000000,1.8464444444444446,1,0.72,eth-updown-5m-1780539000
poly_sniper_v5_eth_5m_l_ema50_hurst_grandparent_V10,1780539600000000,-5.0,0,0.77,eth-updown-5m-1780539300
poly_sniper_v5_eth_5m_l_ema50_hurst_grandparent_v8,1780539600000000,-5.0,0,0.77,eth-updown-5m-1780539300
poly_sniper_v5_eth_5m_a2_hlcascade50k_v9,1780540200000000,1.4130064935064934,1,0.77,eth-updown-5m-1780539900
poly_sniper_v5_eth_5m_l_ema50_hurst_grandparent_V10,1780540200000000,0.8963809523809526,1,0.84,eth-updown-5m-1780539900
poly_sniper_v5_eth_5m_up_a2_hlcascade25k_v9,1780540200000000,-5.0,0,0.24752475247524752,eth-updown-5m-1780539900
poly_sniper_v5_eth_5m_a2_hlcascade50k_v9,1780540200000000,-5.0,0,0.24752475247524752,eth-updown-5m-1780539900
poly_fast_taker_b2_nomerge_eth_5m,1780540200000000,0.8805797101449279,1,0.69,eth-updown-5m-1780539900
poly_sniper_v5_eth_5m_l_ema50_hurst_grandparent_v8,1780540200000000,0.8963809523809526,1,0.84,eth-updown-5m-1780539900
poly_fast_taker_b2_nomerge_eth_5m,1780540500000000,-2.0,0,0.69,eth-updown-5m-1780540200
poly_fast_taker_lagv2_eth_5m,1780540800000000,-7.366207692307692,0,0.65,eth-updown-5m-1780540500
poly_sniper_v5_eth_5m_ema50_hurst_parent15mrang_v7_vL,1780540800000000,-5.0,0,0.76,eth-updown-5m-1780540500
poly_sniper_v5_eth_5m_v6c3_parent15mrang_v7_vL,1780540800000000,-5.0,0,0.76,eth-updown-5m-1780540500
poly_sniper_v5_eth_5m_cloud_vwap_hurstmp_v7_vL,1780540800000000,-5.0,0,0.76,eth-updown-5m-1780540500
poly_fast_taker_b2_nomerge_eth_5m,1780540800000000,-2.0,0,0.61,eth-updown-5m-1780540500
poly_sniper_v5_eth_5m_bb_mp_hurst_band_v6_vL,1780540800000000,-5.0,0,0.76,eth-updown-5m-1780540500
poly_sniper_v5_eth_5m_cloud_ribbon_mp_hurst_v6_vL,1780540800000000,-5.0,0,0.76,eth-updown-5m-1780540500
poly_sniper_v5_eth_5m_a2_hlcascade50k_v9,1780541400000000,5.918611111111112,1,0.45,eth-updown-5m-1780541100
poly_sniper_v5_eth_5m_a2_hlcascade50k_v9,1780541400000000,-4.999999999999999,0,0.5610678006142216,eth-updown-5m-1780541100
poly_sniper_v5_eth_5m_up_a2_hlcascade25k_v9,1780541400000000,5.918611111111112,1,0.45,eth-updown-5m-1780541100
poly_sniper_v5_eth_5m_up_a2_hlcascade25k_v9,1780541700000000,-5.0,0,0.64,eth-updown-5m-1780541400
poly_fast_taker_b2_nomerge_eth_5m,1780541700000000,-2.0,0,0.61,eth-updown-5m-1780541400
poly_sniper_v5_eth_5m_bb_mp_hurst_band_v6_vL,1780541700000000,-5.0,0,0.64,eth-updown-5m-1780541400
poly_sniper_v5_eth_5m_bb_mp_hurst_band_v6_vL,1780542000000000,-5.0,0,0.531496062992126,eth-updown-5m-1780541700
poly_sniper_v5_eth_5m_cloud_ribbon_mp_hurst_v6_vL,1780542000000000,-5.0,0,0.531496062992126,eth-updown-5m-1780541700
poly_sniper_v5_eth_5m_cloud_vwap_hurstmp_v7_vL,1780542000000000,-5.0,0,0.531496062992126,eth-updown-5m-1780541700
poly_fast_taker_lagv2_eth_5m,1780542900000000,-6.490347457627119,0,0.5814251420057,eth-updown-5m-1780542600
poly_sniper_v5_eth_5m_a2_hlcascade50k_v9,1780542600000000,-5.0,0,0.4313725490196078,eth-updown-5m-1780542300
poly_sniper_v5_eth_5m_a2_hlcascade50k_v9,1780542600000000,3.473689655172415,1,0.58,eth-updown-5m-1780542300
poly_fast_taker_b2_nomerge_eth_5m,1780542600000000,1.362033898305085,1,0.59,eth-updown-5m-1780542300
poly_sniper_v5_eth_5m_up_a2_hlcascade25k_v9,1780542600000000,3.473689655172415,1,0.58,eth-updown-5m-1780542300
poly_sniper_v5_eth_5m_ema50_hurst_parent15mrang_v7_vL,1780542900000000,3.193333333333334,1,0.6,eth-updown-5m-1780542600
poly_sniper_v5_eth_5m_bb_mp_hurst_band_v6_vL,1780542900000000,3.193333333333334,1,0.6,eth-updown-5m-1780542600
poly_fast_taker_b2_nomerge_eth_5m,1780542900000000,1.4193103448275863,1,0.58,eth-updown-5m-1780542600
poly_sniper_v5_eth_5m_up_a2_hlcascade25k_v9,1780542900000000,4.632421568627452,1,0.51,eth-updown-5m-1780542600
poly_sniper_v5_eth_5m_ema50_hurst_parent15mrang_v7_vL,1780543200000000,-5.0,0,0.4,eth-updown-5m-1780542900
poly_fast_taker_b2_nomerge_eth_5m,1780543200000000,2.1233333333333335,1,0.48,eth-updown-5m-1780542900
poly_sniper_v5_eth_5m_l_ema50_hurst_grandparent_v8,1780543500000000,1.4949473684210524,1,0.76,eth-updown-5m-1780543200
poly_fast_taker_lagv2_eth_5m,1780543500000000,12.849038461538461,1,0.65,eth-updown-5m-1780543200
poly_sniper_v5_eth_5m_l_ema50_hurst_grandparent_V10,1780543500000000,1.4949473684210524,1,0.76,eth-updown-5m-1780543200
poly_fast_taker_b2_nomerge_eth_5m,1780543500000000,1.0553846153846151,1,0.65,eth-updown-5m-1780543200
poly_fast_taker_b2_nomerge_eth_5m,1780543800000000,1.6036363636363635,1,0.55,eth-updown-5m-1780543500
poly_sniper_v5_eth_5m_bb_mp_hurst_band_v6_vL,1780544100000000,1.2556139240506328,1,0.79,eth-updown-5m-1780543800
poly_sniper_v5_eth_5m_bb_mp_hurst_band_v6,1780544100000000,1.2556139240506328,1,0.79,eth-updown-5m-1780543800
poly_fast_taker_b2_nomerge_eth_5m,1780544100000000,1.2061903225806452,1,0.6190404872447706,eth-updown-5m-1780543800
poly_sniper_v5_eth_5m_a2_hlcascade50k_v9,1780544400000000,2.931516129032258,1,0.62,eth-updown-5m-1780544100
poly_fast_taker_lagv2_eth_5m,1780544400000000,11.20470588235294,1,0.68,eth-updown-5m-1780544100
poly_sniper_v5_eth_5m_l_ema50_hurst_grandparent_v8,1780544400000000,0.8298529411764708,1,0.85,eth-updown-5m-1780544100
poly_fast_taker_b2_nomerge_eth_5m,1780544400000000,1.201290322580645,1,0.62,eth-updown-5m-1780544100
poly_sniper_v5_eth_5m_cloud_ribbon_mp_hurst_V10,1780544400000000,0.8298529411764708,1,0.85,eth-updown-5m-1780544100
poly_sniper_v5_eth_5m_up_a2_hlcascade25k_v9,1780544400000000,-5.0,0,0.39,eth-updown-5m-1780544100
poly_sniper_v5_eth_5m_cloud_ribbon_mp_hurst_v6,1780544400000000,0.8298529411764708,1,0.85,eth-updown-5m-1780544100
poly_sniper_v5_eth_5m_cloud_ribbon_mp_hurst_v6_vL,1780544400000000,0.8298529411764708,1,0.85,eth-updown-5m-1780544100
poly_sniper_v5_eth_5m_a2_hlcascade50k_v9,1780544400000000,-5.0,0,0.39,eth-updown-5m-1780544100
poly_sniper_v5_eth_5m_l_ema50_hurst_grandparent_V10,1780544400000000,0.8298529411764708,1,0.85,eth-updown-5m-1780544100
poly_fast_taker_lagv2_eth_5m,1780544700000000,-9.722222222222221,0,0.72,eth-updown-5m-1780544400
poly_sniper_v5_eth_5m_bb_mp_hurst_band_v6_vL,1780544700000000,4.825,1,0.5,eth-updown-5m-1780544400
poly_sniper_v5_eth_5m_cloud_ribbon_mp_hurst_v6_vL,1780544700000000,4.825,1,0.5,eth-updown-5m-1780544400
poly_sniper_v5_eth_5m_cloud_vwap_hurstmp_v7_vL,1780544700000000,4.825,1,0.5,eth-updown-5m-1780544400
poly_sniper_v5_eth_5m_cloud_vwap_hurstmp_v7,1780545300000000,1.4949473684210524,1,0.76,eth-updown-5m-1780545000
poly_sniper_v5_eth_5m_cloud_ribbon_mp_hurst_V10,1780545300000000,1.4949473684210524,1,0.76,eth-updown-5m-1780545000
poly_sniper_v5_eth_5m_bb_mp_hurst_band_v6_vL,1780545300000000,1.4949473684210524,1,0.76,eth-updown-5m-1780545000
poly_sniper_v5_eth_5m_cloud_ribbon_mp_hurst_v6_vL,1780545300000000,1.4949473684210524,1,0.76,eth-updown-5m-1780545000
poly_sniper_v5_eth_5m_cloud_vwap_hurstmp_v7_vL,1780545300000000,1.4949473684210524,1,0.76,eth-updown-5m-1780545000
poly_sniper_v5_eth_5m_cloud_ribbon_mp_hurst_v6,1780545300000000,1.4949473684210524,1,0.76,eth-updown-5m-1780545000
poly_sniper_v5_eth_5m_bb_mp_hurst_band_v6,1780545300000000,1.4949473684210524,1,0.76,eth-updown-5m-1780545000
poly_fast_taker_b2_nomerge_eth_5m,1780545600000000,-2.0,0,0.67,eth-updown-5m-1780545300
poly_fast_taker_lagv2_eth_5m,1780545600000000,-25.0,0,0.7004735595895817,eth-updown-5m-1780545300
poly_sniper_v5_eth_5m_cloud_ribbon_mp_hurst_v6_vL,1780545900000000,2.3471865671641785,1,0.67,eth-updown-5m-1780545600
poly_sniper_v5_eth_5m_bb_mp_hurst_band_v6,1780545900000000,2.3471865671641785,1,0.67,eth-updown-5m-1780545600
poly_sniper_v5_eth_5m_cloud_vwap_hurstmp_v7,1780545900000000,2.3471865671641785,1,0.67,eth-updown-5m-1780545600
poly_sniper_v5_eth_5m_cloud_vwap_hurstmp_v7_vL,1780545900000000,2.3471865671641785,1,0.67,eth-updown-5m-1780545600
poly_sniper_v5_eth_5m_cloud_ribbon_mp_hurst_v6,1780545900000000,2.3471865671641785,1,0.67,eth-updown-5m-1780545600
poly_sniper_v5_eth_5m_bb_mp_hurst_band_v6_vL,1780545900000000,2.3471865671641785,1,0.67,eth-updown-5m-1780545600
poly_fast_taker_b2_nomerge_eth_5m,1780546200000000,1.3066666666666669,1,0.6,eth-updown-5m-1780545900
poly_fast_taker_lagv2_eth_5m,1780546800000000,-9.246586206896554,0,0.5713047418293572,eth-updown-5m-1780546500
poly_sniper_v5_eth_5m_a2_hlcascade50k_v9,1780546500000000,-5.0,0,0.44,eth-updown-5m-1780546200
poly_sniper_v5_eth_5m_up_a2_hlcascade25k_v9,1780546500000000,3.621429824561404,1,0.57,eth-updown-5m-1780546200
poly_fast_taker_lagv2_eth_5m,1780546500000000,19.152339314104015,1,0.5564387917329094,eth-updown-5m-1780546200
poly_sniper_v5_eth_5m_a2_hlcascade50k_v9,1780546500000000,3.621429824561404,1,0.57,eth-updown-5m-1780546200
poly_fast_taker_b2_nomerge_eth_5m,1780546500000000,1.6036363636363635,1,0.55,eth-updown-5m-1780546200
poly_sniper_v5_eth_5m_l_ema50_hurst_grandparent_v8,1780546800000000,2.8070079365079366,1,0.63,eth-updown-5m-1780546500
poly_sniper_v5_eth_5m_l_ema50_hurst_grandparent_V10,1780546800000000,2.8070079365079366,1,0.63,eth-updown-5m-1780546500
poly_sniper_v5_eth_5m_ema50_hurst_parent15mrang_v7_vL,1780547100000000,2.8070079365079366,1,0.63,eth-updown-5m-1780546800
poly_sniper_v5_eth_5m_ema50_hurst_parent15mrang_v7,1780547100000000,2.8070079365079366,1,0.63,eth-updown-5m-1780546800
poly_sniper_v5_eth_5m_tr200_mp_mpnx_sms_off120,1780547400000000,1.0345609756097565,1,0.82,eth-updown-5m-1780547100
poly_sniper_v5_eth_5m_v5repl_off120_v6,1780547400000000,1.0345609756097565,1,0.82,eth-updown-5m-1780547100
poly_sniper_v5_eth_5m_ema50_hurst_parent15mrang_v7_vL,1780547400000000,1.1799999999999997,1,0.8,eth-updown-5m-1780547100
poly_sniper_v5_eth_5m_tr200_mp_sms_active_off120,1780547400000000,1.0345609756097565,1,0.82,eth-updown-5m-1780547100
poly_fast_taker_lagv2_eth_5m,1780547700000000,-13.703335593220338,0,0.5862899571511475,eth-updown-5m-1780547400
poly_sniper_v5_eth_5m_l_ema50_hurst_grandparent_v8,1780547700000000,6.866398985629758,1,0.4142011834319526,eth-updown-5m-1780547400
poly_sniper_v5_eth_5m_ema50_hurst_parent15mrang_v7_vL,1780547700000000,6.866398985629758,1,0.4142011834319526,eth-updown-5m-1780547400
poly_sniper_v5_eth_5m_bb_mp_hurst_band_V10,1780547700000000,6.866398985629758,1,0.4142011834319526,eth-updown-5m-1780547400
poly_sniper_v5_eth_5m_bb_mp_hurst_band_v6,1780547700000000,6.866398985629758,1,0.4142011834319526,eth-updown-5m-1780547400
poly_sniper_v5_eth_5m_ema50_hurst_parent15mrang_v7,1780547700000000,6.866398985629758,1,0.4142011834319526,eth-updown-5m-1780547400
poly_sniper_v5_eth_5m_bb_mp_hurst_band_v6_vL,1780547700000000,6.866398985629758,1,0.4142011834319526,eth-updown-5m-1780547400
poly_sniper_v5_eth_5m_l_ema50_hurst_grandparent_V10,1780547700000000,6.866398985629758,1,0.4142011834319526,eth-updown-5m-1780547400
poly_sniper_v5_eth_5m_cloud_vwap_hurstmp_v7,1780547700000000,6.866398985629758,1,0.4142011834319526,eth-updown-5m-1780547400
poly_sniper_v5_eth_5m_cloud_vwap_hurstmp_v7_vL,1780547700000000,6.866398985629758,1,0.4142011834319526,eth-updown-5m-1780547400
poly_sniper_v5_eth_5m_ema50_hurst_parent15mrang_v7_vL,1780548000000000,0.9645963855421689,1,0.83,eth-updown-5m-1780547700
poly_sniper_v5_eth_5m_v6c3_parent15mrang_v7_vL,1780548000000000,0.9645963855421689,1,0.83,eth-updown-5m-1780547700
poly_sniper_v5_eth_5m_ema200_vwap_regimerang_xa3_v7,1780548000000000,1.5791666666666668,1,0.75,eth-updown-5m-1780547700
poly_sniper_v5_eth_5m_cloud_ribbon_mp_hurst_v6_vL,1780548000000000,0.9645963855421689,1,0.83,eth-updown-5m-1780547700
poly_sniper_v5_eth_5m_cloud_ribbon_mp_hurst_v6,1780548000000000,0.9645963855421689,1,0.83,eth-updown-5m-1780547700
poly_fast_taker_b2_nomerge_eth_5m,1780548000000000,0.6189473684210529,1,0.7599999999999999,eth-updown-5m-1780547700
poly_sniper_v5_eth_5m_v6c3_parent15mrang_v7,1780548000000000,0.9645963855421689,1,0.83,eth-updown-5m-1780547700
poly_sniper_v5_eth_5m_ema50_hurst_parent15mrang_v7,1780548000000000,0.9645963855421689,1,0.83,eth-updown-5m-1780547700
poly_sniper_v5_eth_5m_ema200_vwap_regimerang_xa3_v7,1780548300000000,2.1378768115942033,1,0.69,eth-updown-5m-1780548000
poly_sniper_v5_eth_5m_ema50_hurst_parent15mrang_v7,1780549200000000,1.4130064935064934,1,0.77,eth-updown-5m-1780548900
poly_sniper_v5_eth_5m_l_ema50_hurst_grandparent_v8,1780549200000000,1.4130064935064934,1,0.77,eth-updown-5m-1780548900
poly_sniper_v5_eth_5m_ema50_hurst_parent15mrang_v7_vL,1780549200000000,1.4130064935064934,1,0.77,eth-updown-5m-1780548900
poly_sniper_v5_eth_5m_l_ema50_hurst_grandparent_V10,1780549200000000,1.4130064935064934,1,0.77,eth-updown-5m-1780548900
poly_sniper_v5_eth_5m_lq_ema50_hurst_grandparent_prev15m_v8,1780549200000000,1.4130064935064934,1,0.77,eth-updown-5m-1780548900
poly_sniper_v5_eth_5m_lq_ema50_hurst_grandparent_prev15m_v8_vL,1780549200000000,1.4130064935064934,1,0.77,eth-updown-5m-1780548900
poly_fast_taker_lagv2_eth_5m,1780549800000000,-9.285714285714285,0,0.7,eth-updown-5m-1780549500
poly_sniper_v5_eth_5m_lq_ema50_hurst_grandparent_prev15m_v8_vL,1780549500000000,1.1063395061728392,1,0.81,eth-updown-5m-1780549200
poly_sniper_v5_eth_5m_cloud_ribbon_mp_hurst_v6_vL,1780549500000000,1.1063395061728392,1,0.81,eth-updown-5m-1780549200
poly_sniper_v5_eth_5m_ema50_hurst_parent15mrang_v7_vL,1780549500000000,1.1063395061728392,1,0.81,eth-updown-5m-1780549200
poly_sniper_v5_eth_5m_v6c3_parent15mrang_v7_vL,1780549500000000,1.1063395061728392,1,0.81,eth-updown-5m-1780549200
poly_sniper_v5_eth_5m_l_ema50_hurst_grandparent_V10,1780549800000000,3.3310762711864412,1,0.59,eth-updown-5m-1780549500
poly_sniper_v5_eth_5m_ema50_hurst_parent15mrang_v7_vL,1780549800000000,3.3310762711864412,1,0.59,eth-updown-5m-1780549500
poly_sniper_v5_eth_5m_lq_ema50_hurst_grandparent_prev15m_v8,1780549800000000,3.3310762711864412,1,0.59,eth-updown-5m-1780549500
poly_sniper_v5_eth_5m_l_ema50_hurst_grandparent_v8,1780549800000000,3.3310762711864412,1,0.59,eth-updown-5m-1780549500
poly_fast_taker_b2_nomerge_eth_5m,1780549800000000,-2.0,0,0.59,eth-updown-5m-1780549500
poly_sniper_v5_eth_5m_ema200_vwap_regimerang_xa3_v7,1780549800000000,2.3471865671641785,1,0.67,eth-updown-5m-1780549500
poly_sniper_v5_eth_5m_lq_ema50_hurst_grandparent_prev15m_v8_vL,1780549800000000,3.3310762711864412,1,0.59,eth-updown-5m-1780549500
poly_sniper_v5_eth_5m_ema50_hurst_parent15mrang_v7,1780549800000000,3.3310762711864412,1,0.59,eth-updown-5m-1780549500
poly_sniper_v5_eth_5m_lq_ema50_hurst_grandparent_prev15m_v8_vL,1780550100000000,-5.0,0,0.66,eth-updown-5m-1780549800
poly_sniper_v5_eth_5m_cloud_vwap_hurstmp_v7,1780550100000000,-5.0,0,0.66,eth-updown-5m-1780549800
poly_sniper_v5_eth_5m_v6c3_parent15mrang_v7_vL,1780550100000000,-5.0,0,0.66,eth-updown-5m-1780549800
poly_sniper_v5_eth_5m_l_ema50_hurst_grandparent_v8,1780550100000000,-5.0,0,0.66,eth-updown-5m-1780549800
poly_sniper_v5_eth_5m_cloud_ribbon_mp_hurst_v6_vL,1780550100000000,-5.0,0,0.66,eth-updown-5m-1780549800
poly_sniper_v5_eth_5m_cloud_vwap_hurstmp_v7_vL,1780550100000000,-5.0,0,0.66,eth-updown-5m-1780549800
poly_sniper_v5_eth_5m_ema50_hurst_parent15mrang_v7,1780550100000000,-5.0,0,0.66,eth-updown-5m-1780549800
poly_sniper_v5_eth_5m_bb_mp_hurst_band_v6_vL,1780550100000000,-5.0,0,0.66,eth-updown-5m-1780549800
poly_sniper_v5_eth_5m_bb_mp_hurst_band_v6,1780550100000000,-5.0,0,0.66,eth-updown-5m-1780549800
poly_sniper_v5_eth_5m_cloud_ribbon_mp_hurst_v6,1780550100000000,-5.0,0,0.66,eth-updown-5m-1780549800
poly_fast_taker_b2_nomerge_eth_5m,1780550100000000,-2.0,0,0.55,eth-updown-5m-1780549800
poly_sniper_v5_eth_5m_ema50_hurst_parent15mrang_v7_vL,1780550100000000,-5.0,0,0.66,eth-updown-5m-1780549800
poly_sniper_v5_eth_5m_lq_ema50_hurst_grandparent_prev15m_v8,1780550100000000,-5.0,0,0.66,eth-updown-5m-1780549800
poly_sniper_v5_eth_5m_v6c3_parent15mrang_v7,1780550100000000,-5.0,0,0.66,eth-updown-5m-1780549800
poly_fast_taker_lagv2_eth_5m,1780550700000000,-10.042645161290322,0,0.62,eth-updown-5m-1780550400
poly_sniper_v5_eth_5m_l_ema50_hurst_grandparent_v8,1780550700000000,1.5791666666666668,1,0.75,eth-updown-5m-1780550400
poly_sniper_v5_eth_5m_lq_ema50_hurst_grandparent_prev15m_v8_vL,1780550700000000,1.5791666666666668,1,0.75,eth-updown-5m-1780550400
poly_sniper_v5_eth_5m_lq_ema50_hurst_grandparent_prev15m_v8,1780550700000000,1.5791666666666668,1,0.75,eth-updown-5m-1780550400
poly_fast_taker_b2_nomerge_eth_5m,1780550700000000,-2.0,0,0.62,eth-updown-5m-1780550400
poly_sniper_v5_eth_5m_lq_ema50_hurst_grandparent_prev15m_v8,1780551000000000,2.2409411764705878,1,0.68,eth-updown-5m-1780550700
poly_sniper_v5_eth_5m_lq_ema50_hurst_grandparent_prev15m_v8_vL,1780551000000000,2.2409411764705878,1,0.68,eth-updown-5m-1780550700
poly_sniper_v5_eth_5m_l_ema50_hurst_grandparent_v8,1780551000000000,2.2409411764705878,1,0.68,eth-updown-5m-1780550700
poly_sniper_v5_eth_5m_l_ema50_hurst_grandparent_V10,1780551000000000,2.2409411764705878,1,0.68,eth-updown-5m-1780550700
poly_fast_taker_lagv2_eth_5m,1780551300000000,-12.523375862068962,0,0.5706774137686749,eth-updown-5m-1780551000
poly_sniper_v5_eth_5m_ema200_vwap_regimerang_xa3_v7,1780551300000000,-5.0,0,0.7247671809535157,eth-updown-5m-1780551000
poly_sniper_v5_eth_5m_lq_ema50_hurst_grandparent_prev15m_v8_vL,1780551300000000,-5.0,0,0.68,eth-updown-5m-1780551000
poly_fast_taker_b2_nomerge_eth_5m,1780551300000000,-2.0,0,0.57,eth-updown-5m-1780551000
poly_fast_taker_lagv2_eth_5m,1780551600000000,-10.59322033898305,0,0.59,eth-updown-5m-1780551300
poly_sniper_v5_eth_5m_tr200_mp_mpnx_sms_off120,1780551600000000,-5.0,0,0.4799999999999999,eth-updown-5m-1780551300
poly_sniper_v5_eth_5m_a2_hlcascade50k_v9,1780551600000000,9.474882352941174,1,0.34,eth-updown-5m-1780551300
poly_sniper_v5_eth_5m_a2_hlcascade50k_v9,1780551600000000,-5.0,0,0.67,eth-updown-5m-1780551300
poly_sniper_v5_eth_5m_cloud_ribbon_mp_hurst_v6,1780551600000000,-5.0,0,0.72,eth-updown-5m-1780551300
poly_sniper_v5_eth_5m_bb_mp_hurst_band_v6_vL,1780551600000000,-5.0,0,0.72,eth-updown-5m-1780551300
poly_sniper_v5_eth_5m_up_a2_hlcascade25k_v9,1780551600000000,-5.0,0,0.67,eth-updown-5m-1780551300
poly_sniper_v5_eth_5m_cloud_vwap_hurstmp_v7_vL,1780551600000000,-5.0,0,0.72,eth-updown-5m-1780551300
poly_sniper_v5_eth_5m_cloud_ribbon_mp_hurst_v6_vL,1780551600000000,-5.0,0,0.72,eth-updown-5m-1780551300
poly_sniper_v5_eth_5m_v5repl_off120_v6,1780551600000000,-5.0,0,0.4799999999999999,eth-updown-5m-1780551300
poly_sniper_v5_eth_5m_bb_mp_hurst_band_v6,1780551600000000,-5.0,0,0.72,eth-updown-5m-1780551300
poly_sniper_v5_eth_5m_tr200_mp_sms_active_off120,1780551600000000,-5.0,0,0.4799999999999999,eth-updown-5m-1780551300
poly_sniper_v5_eth_5m_cloud_vwap_hurstmp_v7,1780551600000000,-5.0,0,0.72,eth-updown-5m-1780551300
poly_sniper_v5_eth_5m_lq_ema50_hurst_grandparent_prev15m_v8,1780551900000000,-5.0,0,0.55,eth-updown-5m-1780551600
poly_sniper_v5_eth_5m_lq_ema50_hurst_grandparent_prev15m_v8_vL,1780551900000000,-5.0,0,0.55,eth-updown-5m-1780551600
poly_sniper_v5_eth_5m_l_ema50_hurst_grandparent_v8,1780551900000000,-5.0,0,0.55,eth-updown-5m-1780551600
poly_sniper_v5_eth_5m_cloud_vwap_hurstmp_v7,1780552500000000,2.569807692307692,1,0.65,eth-updown-5m-1780552200
poly_sniper_v5_eth_5m_cloud_ribbon_mp_hurst_v6_vL,1780552500000000,2.569807692307692,1,0.65,eth-updown-5m-1780552200
poly_sniper_v5_eth_5m_v6c3_parent15mrang_v7,1780552500000000,2.569807692307692,1,0.65,eth-updown-5m-1780552200
poly_sniper_v5_eth_5m_l_ema50_hurst_grandparent_V10,1780552500000000,2.569807692307692,1,0.65,eth-updown-5m-1780552200
poly_sniper_v5_eth_5m_l_ema50_hurst_grandparent_v8,1780552500000000,2.569807692307692,1,0.65,eth-updown-5m-1780552200
poly_sniper_v5_eth_5m_bb_mp_hurst_band_v6,1780552500000000,2.569807692307692,1,0.65,eth-updown-5m-1780552200
poly_sniper_v5_eth_5m_cloud_ribbon_mp_hurst_v6,1780552500000000,2.569807692307692,1,0.65,eth-updown-5m-1780552200
poly_sniper_v5_eth_5m_ema50_hurst_parent15mrang_v7,1780552500000000,2.569807692307692,1,0.65,eth-updown-5m-1780552200
poly_sniper_v5_eth_5m_ema50_hurst_parent15mrang_v7_vL,1780552500000000,2.569807692307692,1,0.65,eth-updown-5m-1780552200
poly_sniper_v5_eth_5m_cloud_vwap_hurstmp_v7_vL,1780552500000000,2.569807692307692,1,0.65,eth-updown-5m-1780552200
poly_sniper_v5_eth_5m_v6c3_parent15mrang_v7_vL,1780552500000000,2.569807692307692,1,0.65,eth-updown-5m-1780552200
poly_sniper_v5_eth_5m_bb_mp_hurst_band_v6_vL,1780552500000000,2.569807692307692,1,0.65,eth-updown-5m-1780552200
poly_fast_taker_lagv2_eth_5m,1780552500000000,18.87285714285714,1,0.56,eth-updown-5m-1780552200
poly_sniper_v5_eth_5m_ema50_hurst_parent15mrang_v7_vL,1780552800000000,-5.0,0,0.47000000000000003,eth-updown-5m-1780552500
poly_fast_taker_lagv2_eth_5m,1780552800000000,15.301106557377052,1,0.61,eth-updown-5m-1780552500
poly_sniper_v5_eth_5m_ema50_hurst_parent15mrang_v7,1780552800000000,-5.0,0,0.47000000000000003,eth-updown-5m-1780552500
poly_sniper_v5_eth_5m_ema200_vwap_regimerang_xa3_v7,1780552800000000,-5.0,0,0.45999999999999996,eth-updown-5m-1780552500
poly_fast_taker_b2_nomerge_eth_5m,1780552800000000,1.151111111111111,1,0.63,eth-updown-5m-1780552500
poly_sniper_v5_eth_5m_ema50_hurst_parent15mrang_v7_vL,1780553100000000,-5.0,0,0.6818181818181819,eth-updown-5m-1780552800
poly_sniper_v5_eth_5m_bb_mp_hurst_band_v6_vL,1780553100000000,-5.0,0,0.6818181818181819,eth-updown-5m-1780552800
poly_sniper_v5_eth_5m_bb_mp_hurst_band_v6,1780553100000000,-5.0,0,0.6818181818181819,eth-updown-5m-1780552800
poly_sniper_v5_eth_5m_l_ema50_hurst_grandparent_v8,1780553100000000,-5.0,0,0.6818181818181819,eth-updown-5m-1780552800
poly_sniper_v5_eth_5m_ema200_vwap_regimerang_xa3_v7,1780553100000000,-5.0,0,0.64,eth-updown-5m-1780552800
poly_sniper_v5_eth_5m_ema50_hurst_parent15mrang_v7,1780553100000000,-5.0,0,0.6818181818181819,eth-updown-5m-1780552800
poly_sniper_v5_eth_5m_ema50_hurst_parent15mrang_v7_vL,1780553400000000,6.428406976744185,1,0.43000000000000005,eth-updown-5m-1780553100
poly_sniper_v5_eth_5m_bb_mp_hurst_band_v6_vL,1780553400000000,6.428406976744185,1,0.43000000000000005,eth-updown-5m-1780553100
poly_sniper_v5_eth_5m_cloud_ribbon_mp_hurst_v6_vL,1780553400000000,6.428406976744185,1,0.43000000000000005,eth-updown-5m-1780553100
poly_sniper_v5_eth_5m_cloud_vwap_hurstmp_v7_vL,1780553400000000,6.428406976744185,1,0.43000000000000005,eth-updown-5m-1780553100
poly_fast_taker_b2_nomerge_eth_5m,1780553400000000,-2.0,0,0.62,eth-updown-5m-1780553100
poly_sniper_v5_eth_5m_v6c3_parent15mrang_v7_vL,1780553400000000,6.428406976744185,1,0.43000000000000005,eth-updown-5m-1780553100
poly_sniper_v5_eth_5m_lq_ema50_hurst_grandparent_prev15m_v8,1780553700000000,-4.999999999999999,0,0.61,eth-updown-5m-1780553400
poly_sniper_v5_eth_5m_bb_mp_hurst_band_v6_vL,1780553700000000,-4.999999999999999,0,0.61,eth-updown-5m-1780553400
poly_sniper_v5_eth_5m_ema50_hurst_parent15mrang_v7_vL,1780553700000000,-4.999999999999999,0,0.61,eth-updown-5m-1780553400
poly_sniper_v5_eth_5m_lq_ema50_hurst_grandparent_prev15m_v8_vL,1780553700000000,-4.999999999999999,0,0.61,eth-updown-5m-1780553400
poly_sniper_v5_eth_5m_bb_mp_hurst_band_v6,1780553700000000,-4.999999999999999,0,0.61,eth-updown-5m-1780553400
poly_sniper_v5_eth_5m_ema50_hurst_parent15mrang_v7,1780553700000000,-4.999999999999999,0,0.61,eth-updown-5m-1780553400
poly_fast_taker_b2_nomerge_eth_5m,1780553700000000,-2.0,0,0.57,eth-updown-5m-1780553400
poly_sniper_v5_eth_5m_l_ema50_hurst_grandparent_V10,1780553700000000,-4.999999999999999,0,0.61,eth-updown-5m-1780553400
poly_sniper_v5_eth_5m_l_ema50_hurst_grandparent_v8,1780553700000000,-4.999999999999999,0,0.61,eth-updown-5m-1780553400
poly_fast_taker_lagv2_eth_5m,1780554300000000,-7.725316129032255,0,0.62,eth-updown-5m-1780554000
poly_sniper_v5_eth_5m_bb_mp_hurst_band_v6_vL,1780554300000000,4.588359406618958,1,0.5123455573728497,eth-updown-5m-1780554000
poly_sniper_v5_eth_5m_ema50_hurst_parent15mrang_v7,1780554300000000,4.588359406618958,1,0.5123455573728497,eth-updown-5m-1780554000
poly_sniper_v5_eth_5m_bb_mp_hurst_band_V10,1780554300000000,4.588359406618958,1,0.5123455573728497,eth-updown-5m-1780554000
poly_sniper_v5_eth_5m_v6c3_parent15mrang_v7,1780554300000000,4.588359406618958,1,0.5123455573728497,eth-updown-5m-1780554000
poly_sniper_v5_eth_5m_cloud_vwap_hurstmp_v7,1780554300000000,4.588359406618958,1,0.5123455573728497,eth-updown-5m-1780554000
poly_sniper_v5_eth_5m_cloud_vwap_hurstmp_v7_vL,1780554300000000,4.588359406618958,1,0.5123455573728497,eth-updown-5m-1780554000
poly_sniper_v5_eth_5m_lq_ema50_hurst_grandparent_prev15m_v8,1780554300000000,4.588359406618958,1,0.5123455573728497,eth-updown-5m-1780554000
poly_sniper_v5_eth_5m_cloud_ribbon_mp_hurst_v6,1780554300000000,4.588359406618958,1,0.5123455573728497,eth-updown-5m-1780554000
poly_sniper_v5_eth_5m_cloud_ribbon_mp_hurst_v6_vL,1780554300000000,4.588359406618958,1,0.5123455573728497,eth-updown-5m-1780554000
poly_sniper_v5_eth_5m_up_a2_hlcascade25k_v9,1780554300000000,-4.999999999999999,0,0.61,eth-updown-5m-1780554000
poly_sniper_v5_eth_5m_ema200_vwap_regimerang_xa3_v7,1780554300000000,-5.0,0,0.6,eth-updown-5m-1780554000
poly_sniper_v5_eth_5m_v6c3_parent15mrang_v7_vL,1780554300000000,4.588359406618958,1,0.5123455573728497,eth-updown-5m-1780554000
poly_sniper_v5_eth_5m_lq_ema50_hurst_grandparent_prev15m_v8_vL,1780554300000000,4.588359406618958,1,0.5123455573728497,eth-updown-5m-1780554000
poly_fast_taker_b2_nomerge_eth_5m,1780554300000000,-2.0,0,0.56,eth-updown-5m-1780554000
poly_sniper_v5_eth_5m_ema50_hurst_parent15mrang_v7_vL,1780554300000000,4.588359406618958,1,0.5123455573728497,eth-updown-5m-1780554000
poly_sniper_v5_eth_5m_l_ema50_hurst_grandparent_v8,1780554300000000,4.588359406618958,1,0.5123455573728497,eth-updown-5m-1780554000
poly_sniper_v5_eth_5m_bb_mp_hurst_band_v6,1780554300000000,4.588359406618958,1,0.5123455573728497,eth-updown-5m-1780554000
poly_sniper_v5_eth_5m_l_ema50_hurst_grandparent_V10,1780554300000000,4.588359406618958,1,0.5123455573728497,eth-updown-5m-1780554000
poly_fast_taker_lagv2_eth_5m,1780554600000000,9.232222222222223,1,0.72,eth-updown-5m-1780554300
poly_sniper_v5_eth_5m_ema50_hurst_parent15mrang_v7,1780554600000000,1.5791666666666668,1,0.75,eth-updown-5m-1780554300
poly_sniper_v5_eth_5m_ema50_hurst_parent15mrang_v7_vL,1780554600000000,1.5791666666666668,1,0.75,eth-updown-5m-1780554300
poly_fast_taker_b2_nomerge_eth_5m,1780555800000000,1.151111111111111,1,0.63,eth-updown-5m-1780555500
poly_fast_taker_lagv2_eth_5m,1780555800000000,14.035039682539683,1,0.63,eth-updown-5m-1780555500
poly_fast_taker_lagv2_eth_5m,1780556100000000,-19.583333333333336,0,0.6,eth-updown-5m-1780555800
poly_fast_taker_b2_nomerge_eth_5m,1780556400000000,1.3066666666666669,1,0.6,eth-updown-5m-1780556100
poly_sniper_v5_eth_5m_l_ema50_hurst_grandparent_v8,1780556700000000,4.098259259259258,1,0.54,eth-updown-5m-1780556400
poly_sniper_v5_eth_5m_l_ema50_hurst_grandparent_V10,1780556700000000,4.098259259259258,1,0.54,eth-updown-5m-1780556400
poly_sniper_v5_eth_5m_cloud_vwap_hurstmp_v7,1780557000000000,1.940753521126761,1,0.71,eth-updown-5m-1780556700
poly_fast_taker_lagv2_eth_5m,1780557000000000,21.347311320754713,1,0.53,eth-updown-5m-1780556700
poly_sniper_v5_eth_5m_l_ema50_hurst_grandparent_v8,1780557000000000,1.940753521126761,1,0.71,eth-updown-5m-1780556700
poly_sniper_v5_eth_5m_l_ema50_hurst_grandparent_V10,1780557000000000,1.940753521126761,1,0.71,eth-updown-5m-1780556700
poly_fast_taker_b2_nomerge_eth_5m,1780557000000000,1.7381132075471695,1,0.53,eth-updown-5m-1780556700
poly_sniper_v5_eth_5m_lq_ema50_hurst_grandparent_prev15m_v8_vL,1780557000000000,1.940753521126761,1,0.71,eth-updown-5m-1780556700
poly_sniper_v5_eth_5m_cloud_vwap_hurstmp_v7_vL,1780557000000000,1.940753521126761,1,0.71,eth-updown-5m-1780556700
poly_sniper_v5_eth_5m_cloud_ribbon_mp_hurst_v6,1780557000000000,1.940753521126761,1,0.71,eth-updown-5m-1780556700
poly_sniper_v5_eth_5m_lq_ema50_hurst_grandparent_prev15m_v8,1780557000000000,1.940753521126761,1,0.71,eth-updown-5m-1780556700
poly_sniper_v5_eth_5m_bb_mp_hurst_band_v6,1780557000000000,1.940753521126761,1,0.71,eth-updown-5m-1780556700
poly_sniper_v5_eth_5m_cloud_ribbon_mp_hurst_v6_vL,1780557000000000,1.940753521126761,1,0.71,eth-updown-5m-1780556700
poly_sniper_v5_eth_5m_bb_mp_hurst_band_v6_vL,1780557000000000,1.940753521126761,1,0.71,eth-updown-5m-1780556700
poly_sniper_v5_eth_5m_l_ema50_hurst_grandparent_v8,1780557300000000,-5.0,0,0.4799999999999999,eth-updown-5m-1780557000
poly_sniper_v5_eth_5m_lq_ema50_hurst_grandparent_prev15m_v8_vL,1780557300000000,-5.0,0,0.4799999999999999,eth-updown-5m-1780557000
poly_sniper_v5_eth_5m_l_ema50_hurst_grandparent_V10,1780557300000000,-5.0,0,0.4799999999999999,eth-updown-5m-1780557000
poly_sniper_v5_eth_5m_lq_ema50_hurst_grandparent_prev15m_v8,1780557300000000,-5.0,0,0.4799999999999999,eth-updown-5m-1780557000
poly_sniper_v5_eth_5m_cloud_vwap_hurstmp_v7_vL,1780557600000000,3.3310762711864412,1,0.59,eth-updown-5m-1780557300
poly_sniper_v5_eth_5m_lq_ema50_hurst_grandparent_prev15m_v8,1780557600000000,3.3310762711864412,1,0.59,eth-updown-5m-1780557300
poly_sniper_v5_eth_5m_l_ema50_hurst_grandparent_v8,1780557600000000,3.3310762711864412,1,0.59,eth-updown-5m-1780557300
poly_sniper_v5_eth_5m_lq_ema50_hurst_grandparent_prev15m_v8_vL,1780557600000000,3.3310762711864412,1,0.59,eth-updown-5m-1780557300
poly_sniper_v5_eth_5m_bb_mp_hurst_band_v6_vL,1780557600000000,3.3310762711864412,1,0.59,eth-updown-5m-1780557300
poly_sniper_v5_eth_5m_bb_mp_hurst_band_v6,1780557600000000,3.3310762711864412,1,0.59,eth-updown-5m-1780557300
poly_sniper_v5_eth_5m_cloud_vwap_hurstmp_v7,1780557600000000,3.3310762711864412,1,0.59,eth-updown-5m-1780557300
poly_sniper_v5_eth_5m_ema200_vwap_regimerang_xa3_v7,1780557900000000,-5.0,0,0.65,eth-updown-5m-1780557600
poly_sniper_v5_eth_5m_k_hurst_ts_cci_tod_euus_v8,1780558200000000,-5.0,0,0.79,eth-updown-5m-1780557900
poly_sniper_v5_eth_5m_l_ema50_hurst_grandparent_v8,1780558200000000,-5.0,0,0.58,eth-updown-5m-1780557900
poly_sniper_v5_eth_5m_ema200_vwap_regimerang_xa3_v7,1780558200000000,-5.0,0,0.67,eth-updown-5m-1780557900
poly_sniper_v5_eth_5m_k_hurst_ts_cci_tod_euus_v8_vL,1780558200000000,-5.0,0,0.79,eth-updown-5m-1780557900
poly_sniper_v5_eth_5m_lq_ema50_hurst_grandparent_prev15m_v8,1780558200000000,-5.0,0,0.58,eth-updown-5m-1780557900
poly_sniper_v5_eth_5m_lq_ema50_hurst_grandparent_prev15m_v8_vL,1780558200000000,-5.0,0,0.58,eth-updown-5m-1780557900
poly_fast_taker_lagv2_eth_5m,1780558500000000,10.689384057971017,1,0.69,eth-updown-5m-1780558200
poly_sniper_v5_eth_5m_cloud_ribbon_mp_hurst_v6,1780558500000000,1.940753521126761,1,0.71,eth-updown-5m-1780558200
poly_sniper_v5_eth_5m_cloud_ribbon_mp_hurst_v6_vL,1780558500000000,1.940753521126761,1,0.71,eth-updown-5m-1780558200
poly_sniper_v5_eth_5m_cloud_vwap_hurstmp_v7_vL,1780558500000000,1.940753521126761,1,0.71,eth-updown-5m-1780558200
poly_sniper_v5_eth_5m_bb_mp_hurst_band_v6,1780558500000000,1.940753521126761,1,0.71,eth-updown-5m-1780558200
poly_sniper_v5_eth_5m_bb_mp_hurst_band_v6_vL,1780558500000000,1.940753521126761,1,0.71,eth-updown-5m-1780558200
poly_sniper_v5_eth_5m_cloud_vwap_hurstmp_v7,1780558500000000,1.940753521126761,1,0.71,eth-updown-5m-1780558200
poly_fast_taker_lagv2_eth_5m,1780558800000000,-13.114754098360656,0,0.61,eth-updown-5m-1780558500
poly_fast_taker_lagv2_eth_5m,1780559100000000,-10.15625,0,0.64,eth-updown-5m-1780558800
poly_sniper_v5_eth_5m_a2_hlcascade50k_v9,1780558800000000,-5.0,0,0.40196078431372545,eth-updown-5m-1780558500
poly_sniper_v5_eth_5m_a2_hlcascade50k_v9,1780558800000000,3.0602213114754098,1,0.61,eth-updown-5m-1780558500
poly_sniper_v5_eth_5m_up_a2_hlcascade25k_v9,1780558800000000,3.0602213114754098,1,0.61,eth-updown-5m-1780558500
poly_sniper_v5_eth_5m_ema200_vwap_regimerang_xa3_v7,1780558800000000,1.4254555823418098,1,0.7684630738522954,eth-updown-5m-1780558500
poly_sniper_v5_eth_5m_l_ema50_hurst_grandparent_v8,1780559400000000,2.0378571428571433,1,0.7,eth-updown-5m-1780559100
poly_sniper_v5_eth_5m_cloud_vwap_hurstmp_v7,1780559400000000,2.0378571428571433,1,0.7,eth-updown-5m-1780559100
poly_sniper_v5_eth_5m_a2_hlcascade50k_v9,1780559400000000,1.7548150684931507,1,0.73,eth-updown-5m-1780559100
poly_sniper_v5_eth_5m_up_a2_hlcascade25k_v9,1780559400000000,-5.0,0,0.3021619198003782,eth-updown-5m-1780559100
poly_sniper_v5_eth_5m_cloud_vwap_hurstmp_v7_vL,1780559400000000,2.0378571428571433,1,0.7,eth-updown-5m-1780559100
poly_sniper_v5_eth_5m_a2_hlcascade50k_v9,1780559400000000,-5.0,0,0.3021619198003782,eth-updown-5m-1780559100
poly_sniper_v5_eth_5m_l_ema50_hurst_grandparent_V10,1780559400000000,2.0378571428571433,1,0.7,eth-updown-5m-1780559100
poly_sniper_v5_eth_5m_bb_mp_hurst_band_v6_vL,1780559400000000,2.0378571428571433,1,0.7,eth-updown-5m-1780559100
poly_sniper_v5_eth_5m_bb_mp_hurst_band_v6,1780559400000000,2.0378571428571433,1,0.7,eth-updown-5m-1780559100
poly_fast_taker_lagv2_eth_5m,1780559400000000,9.232222222222223,1,0.72,eth-updown-5m-1780559100
poly_sniper_v5_eth_5m_bb_mp_hurst_band_v6_vL,1780559700000000,2.4628966388529787,1,0.6594488188976378,eth-updown-5m-1780559400
poly_sniper_v5_eth_5m_ema50_hurst_parent15mrang_v7,1780559700000000,-5.0,0,0.36,eth-updown-5m-1780559400
poly_sniper_v5_eth_5m_bb_mp_hurst_band_v6,1780559700000000,2.4628966388529787,1,0.6594488188976378,eth-updown-5m-1780559400
poly_fast_taker_lagv2_eth_5m,1780559700000000,11.20470588235294,1,0.68,eth-updown-5m-1780559400
poly_sniper_v5_eth_5m_ema50_hurst_parent15mrang_v7_vL,1780559700000000,-5.0,0,0.36,eth-updown-5m-1780559400
poly_fast_taker_lagv2_eth_5m,1780560300000000,-9.155469230769233,0,0.65,eth-updown-5m-1780560000
poly_sniper_v5_eth_5m_bb_mp_hurst_band_v6_vL,1780560000000000,3.3310762711864412,1,0.59,eth-updown-5m-1780559700
poly_sniper_v5_eth_5m_cloud_vwap_hurstmp_v7,1780560000000000,3.3310762711864412,1,0.59,eth-updown-5m-1780559700
poly_sniper_v5_eth_5m_l_ema50_hurst_grandparent_V10,1780560000000000,3.3310762711864412,1,0.59,eth-updown-5m-1780559700
poly_sniper_v5_eth_5m_l_ema50_hurst_grandparent_v8,1780560000000000,3.3310762711864412,1,0.59,eth-updown-5m-1780559700
poly_sniper_v5_eth_5m_bb_mp_hurst_band_v6,1780560000000000,3.3310762711864412,1,0.59,eth-updown-5m-1780559700
poly_sniper_v5_eth_5m_cloud_vwap_hurstmp_v7_vL,1780560000000000,3.3310762711864412,1,0.59,eth-updown-5m-1780559700
poly_sniper_v5_eth_5m_ema50_hurst_parent15mrang_v7,1780560000000000,3.3310762711864412,1,0.59,eth-updown-5m-1780559700
poly_sniper_v5_eth_5m_ema50_hurst_parent15mrang_v7_vL,1780560000000000,3.3310762711864412,1,0.59,eth-updown-5m-1780559700
poly_sniper_v5_eth_5m_ema50_hurst_parent15mrang_v7_vL,1780560300000000,-5.0,0,0.62,eth-updown-5m-1780560000
poly_sniper_v5_eth_5m_bb_mp_hurst_band_v6,1780560300000000,-5.0,0,0.62,eth-updown-5m-1780560000
poly_sniper_v5_eth_5m_ema50_hurst_parent15mrang_v7,1780560300000000,-5.0,0,0.62,eth-updown-5m-1780560000
poly_sniper_v5_eth_5m_l_ema50_hurst_grandparent_V10,1780560300000000,-5.0,0,0.62,eth-updown-5m-1780560000
poly_sniper_v5_eth_5m_l_ema50_hurst_grandparent_v8,1780560300000000,-5.0,0,0.62,eth-updown-5m-1780560000
poly_sniper_v5_eth_5m_ema200_vwap_regimerang_xa3_v7,1780560300000000,-5.0,0,0.79,eth-updown-5m-1780560000
poly_sniper_v5_eth_5m_bb_mp_hurst_band_v6_vL,1780560300000000,-5.0,0,0.62,eth-updown-5m-1780560000
poly_fast_taker_b2_nomerge_eth_5m,1780560300000000,1.0553846153846151,1,0.65,eth-updown-5m-1780560000
poly_fast_taker_lagv2_eth_5m,1780560900000000,-7.10418823529412,0,0.6705479560120541,eth-updown-5m-1780560600
poly_sniper_v5_eth_5m_ema50_hurst_parent15mrang_v7,1780560600000000,2.5207949510261183,1,0.6542968750000001,eth-updown-5m-1780560300
poly_sniper_v5_eth_5m_bb_mp_hurst_band_v6_vL,1780560600000000,2.5207949510261183,1,0.6542968750000001,eth-updown-5m-1780560300
poly_sniper_v5_eth_5m_ema50_hurst_parent15mrang_v7_vL,1780560600000000,2.5207949510261183,1,0.6542968750000001,eth-updown-5m-1780560300
poly_sniper_v5_eth_5m_bb_mp_hurst_band_v6,1780560600000000,2.5207949510261183,1,0.6542968750000001,eth-updown-5m-1780560300
poly_sniper_v5_eth_5m_ema50_hurst_parent15mrang_v7,1780560900000000,6.137745098039216,1,0.44117647058823534,eth-updown-5m-1780560600
poly_sniper_v5_eth_5m_ema50_hurst_parent15mrang_v7_vL,1780560900000000,6.137745098039216,1,0.44117647058823534,eth-updown-5m-1780560600
poly_sniper_v5_eth_5m_bb_mp_hurst_band_v6,1780560900000000,6.137745098039216,1,0.44117647058823534,eth-updown-5m-1780560600
poly_sniper_v5_eth_5m_bb_mp_hurst_band_v6_vL,1780560900000000,6.137745098039216,1,0.44117647058823534,eth-updown-5m-1780560600
poly_sniper_v5_eth_5m_bb_mp_hurst_band_V10,1780560900000000,6.137745098039216,1,0.44117647058823534,eth-updown-5m-1780560600
poly_fast_taker_lagv2_eth_5m,1780561200000000,-10.634190909090911,0,0.55,eth-updown-5m-1780560900
poly_fast_taker_b2_nomerge_eth_5m,1780561200000000,-2.0,0,0.55,eth-updown-5m-1780560900
poly_fast_taker_lagv2_eth_5m,1780561500000000,-11.782874193548386,0,0.62,eth-updown-5m-1780561200
poly_fast_taker_b2_nomerge_eth_5m,1780561500000000,-2.0,0,0.56,eth-updown-5m-1780561200
poly_sniper_v5_eth_5m_ema200_vwap_regimerang_xa3_v7,1780561800000000,-5.0,0,0.38,eth-updown-5m-1780561500
poly_fast_taker_lagv2_eth_5m,1780561800000000,18.10714912280702,1,0.57,eth-updown-5m-1780561500
poly_fast_taker_b2_nomerge_eth_5m,1780561800000000,1.4785964912280705,1,0.57,eth-updown-5m-1780561500
poly_fast_taker_lagv2_eth_5m,1780562100000000,12.283787878787876,1,0.66,eth-updown-5m-1780561800
poly_fast_taker_b2_nomerge_eth_5m,1780562100000000,1.0096969696969698,1,0.66,eth-updown-5m-1780561800
poly_fast_taker_lagv2_eth_5m,1780562400000000,-12.122035593220339,0,0.59,eth-updown-5m-1780562100
poly_fast_taker_lagv2_eth_5m,1780562700000000,-11.378409836065574,0,0.61,eth-updown-5m-1780562400
poly_fast_taker_lagv2_eth_5m,1780563000000000,12.283787878787876,1,0.66,eth-updown-5m-1780562700
poly_fast_taker_lagv2_eth_5m,1780563300000000,-11.070202898550722,0,0.69,eth-updown-5m-1780563000
poly_fast_taker_lagv2_eth_5m,1780563600000000,-8.780526315789473,0,0.57,eth-updown-5m-1780563300
poly_fast_taker_b2_nomerge_eth_5m,1780563300000000,-2.0,0,0.59,eth-updown-5m-1780563000
poly_fast_taker_b2_nomerge_eth_5m,1780564200000000,-2.0,0,0.58,eth-updown-5m-1780563900
poly_fast_taker_b2_nomerge_eth_5m,1780564500000000,-2.0,0,0.68,eth-updown-5m-1780564200
poly_sniper_v5_eth_5m_cloud_mp_sms_active_off120,1780564500000000,-5.0,0,0.4253214638971316,eth-updown-5m-1780564200
poly_sniper_v5_eth_5m_v5repl_off120_v6,1780564500000000,-5.0,0,0.4253214638971316,eth-updown-5m-1780564200
poly_sniper_v5_eth_5m_tr200_mp_sms_active_off120,1780564500000000,-5.0,0,0.4253214638971316,eth-updown-5m-1780564200
poly_sniper_v5_eth_5m_ema200_vwap_regimerang_xa3_v7,1780564800000000,1.6657567567567568,1,0.74,eth-updown-5m-1780564500
poly_fast_taker_b2_nomerge_eth_5m,1780564800000000,1.362033898305085,1,0.59,eth-updown-5m-1780564500
poly_fast_taker_b2_nomerge_eth_5m,1780565100000000,-2.0,0,0.57,eth-updown-5m-1780564800
poly_fast_taker_lagv2_eth_5m,1780565400000000,19.667045454545455,1,0.55,eth-updown-5m-1780565100
poly_fast_taker_b2_nomerge_eth_5m,1780565700000000,-2.0,0,0.63,eth-updown-5m-1780565400
poly_fast_taker_lagv2_eth_5m,1780566000000000,22.228465097946394,1,0.520093263516537,eth-updown-5m-1780565700
poly_fast_taker_b2_nomerge_eth_5m,1780566000000000,1.8092307692307688,1,0.52,eth-updown-5m-1780565700
poly_fast_taker_lagv2_eth_5m,1780566300000000,-8.47457627118644,0,0.59,eth-updown-5m-1780566000
poly_fast_taker_b2_nomerge_eth_5m,1780566600000000,1.2531147540983607,1,0.61,eth-updown-5m-1780566300
poly_fast_taker_lagv2_eth_5m,1780566900000000,15.966666666666667,1,0.6,eth-updown-5m-1780566600
poly_fast_taker_b2_nomerge_eth_5m,1780566900000000,1.362033898305085,1,0.59,eth-updown-5m-1780566600
poly_sniper_v5_eth_5m_up_a2_hlcascade25k_v9,1780567500000000,-5.0,0,0.37,eth-updown-5m-1780567200
poly_sniper_v5_eth_5m_ema200_vwap_regimerang_xa3_v7,1780567800000000,1.5791666666666668,1,0.75,eth-updown-5m-1780567500
poly_fast_taker_lagv2_eth_5m,1780568100000000,-9.523809523809524,0,0.63,eth-updown-5m-1780567800
poly_fast_taker_b2_nomerge_eth_5m,1780568100000000,1.151111111111111,1,0.63,eth-updown-5m-1780567800
poly_fast_taker_lagv2_eth_5m,1780568700000000,-7.971014492753625,0,0.69,eth-updown-5m-1780568400
poly_fast_taker_b2_nomerge_eth_5m,1780568700000000,1.4193103448275863,1,0.58,eth-updown-5m-1780568400
poly_sniper_v5_eth_5m_l_ema50_hurst_grandparent_v8,1780569000000000,3.473689655172415,1,0.58,eth-updown-5m-1780568700
poly_sniper_v5_eth_5m_ema50_hurst_parent15mrang_v7,1780569000000000,3.473689655172415,1,0.58,eth-updown-5m-1780568700
poly_sniper_v5_eth_5m_ema50_hurst_parent15mrang_v7_vL,1780569000000000,3.473689655172415,1,0.58,eth-updown-5m-1780568700
poly_sniper_v5_eth_5m_l_ema50_hurst_grandparent_V10,1780569000000000,3.473689655172415,1,0.58,eth-updown-5m-1780568700
poly_sniper_v5_eth_5m_ema50_hurst_parent15mrang_v7_vL,1780569300000000,1.2556139240506328,1,0.79,eth-updown-5m-1780569000
poly_fast_taker_b2_nomerge_eth_5m,1780569300000000,-2.0,0,0.59,eth-updown-5m-1780569000
poly_sniper_v5_eth_5m_ema50_hurst_parent15mrang_v7,1780569300000000,1.2556139240506328,1,0.79,eth-updown-5m-1780569000
poly_fast_taker_lagv2_eth_5m,1780569600000000,-13.331163636363637,0,0.55,eth-updown-5m-1780569300
poly_sniper_v5_eth_5m_v6c3_parent15mrang_v7,1780569600000000,2.931516129032258,1,0.62,eth-updown-5m-1780569300
poly_sniper_v5_eth_5m_cloud_vwap_hurstmp_v7,1780569600000000,2.931516129032258,1,0.62,eth-updown-5m-1780569300
poly_sniper_v5_eth_5m_l_ema50_hurst_grandparent_v8,1780569600000000,2.931516129032258,1,0.62,eth-updown-5m-1780569300
poly_sniper_v5_eth_5m_ema50_hurst_parent15mrang_v7_vL,1780569600000000,2.931516129032258,1,0.62,eth-updown-5m-1780569300
poly_sniper_v5_eth_5m_cloud_vwap_hurstmp_v7_vL,1780569600000000,2.931516129032258,1,0.62,eth-updown-5m-1780569300
poly_sniper_v5_eth_5m_ema50_hurst_parent15mrang_v7,1780569600000000,2.931516129032258,1,0.62,eth-updown-5m-1780569300
poly_sniper_v5_eth_5m_l_ema50_hurst_grandparent_V10,1780569600000000,2.931516129032258,1,0.62,eth-updown-5m-1780569300
poly_sniper_v5_eth_5m_bb_mp_hurst_band_v6,1780569600000000,2.931516129032258,1,0.62,eth-updown-5m-1780569300
poly_sniper_v5_eth_5m_cloud_ribbon_mp_hurst_v6,1780569600000000,2.931516129032258,1,0.62,eth-updown-5m-1780569300
poly_sniper_v5_eth_5m_bb_mp_hurst_band_v6_vL,1780569600000000,2.931516129032258,1,0.62,eth-updown-5m-1780569300
poly_sniper_v5_eth_5m_v6c3_parent15mrang_v7_vL,1780569600000000,2.931516129032258,1,0.62,eth-updown-5m-1780569300
poly_sniper_v5_eth_5m_cloud_ribbon_mp_hurst_v6_vL,1780569600000000,2.931516129032258,1,0.62,eth-updown-5m-1780569300
poly_sniper_v5_eth_5m_ema50_hurst_parent15mrang_v7,1780569900000000,2.3471865671641785,1,0.67,eth-updown-5m-1780569600
poly_fast_taker_lagv2_eth_5m,1780569900000000,15.301106557377052,1,0.61,eth-updown-5m-1780569600
poly_fast_taker_b2_nomerge_eth_5m,1780569900000000,1.1025,1,0.64,eth-updown-5m-1780569600
poly_sniper_v5_eth_5m_l_ema50_hurst_grandparent_v8,1780569900000000,2.3471865671641785,1,0.67,eth-updown-5m-1780569600
poly_sniper_v5_eth_5m_ema50_hurst_parent15mrang_v7_vL,1780569900000000,2.3471865671641785,1,0.67,eth-updown-5m-1780569600
poly_sniper_v5_eth_5m_l_ema50_hurst_grandparent_V10,1780569900000000,2.3471865671641785,1,0.67,eth-updown-5m-1780569600
poly_sniper_v5_eth_5m_bb_mp_hurst_band_v6,1780570200000000,1.7548150684931507,1,0.73,eth-updown-5m-1780569900
poly_sniper_v5_eth_5m_v6c3_parent15mrang_v7,1780570200000000,1.7548150684931507,1,0.73,eth-updown-5m-1780569900
poly_sniper_v5_eth_5m_ema50_hurst_parent15mrang_v7_vL,1780570200000000,1.7548150684931507,1,0.73,eth-updown-5m-1780569900
poly_sniper_v5_eth_5m_bb_mp_hurst_band_v6_vL,1780570200000000,1.7548150684931507,1,0.73,eth-updown-5m-1780569900
poly_sniper_v5_eth_5m_ema50_hurst_parent15mrang_v7,1780570200000000,1.7548150684931507,1,0.73,eth-updown-5m-1780569900
poly_sniper_v5_eth_5m_cloud_ribbon_mp_hurst_v6,1780570200000000,1.7548150684931507,1,0.73,eth-updown-5m-1780569900
poly_sniper_v5_eth_5m_l_ema50_hurst_grandparent_v8,1780570200000000,1.7548150684931507,1,0.73,eth-updown-5m-1780569900
poly_sniper_v5_eth_5m_cloud_ribbon_mp_hurst_v6_vL,1780570200000000,1.7548150684931507,1,0.73,eth-updown-5m-1780569900
poly_sniper_v5_eth_5m_cloud_vwap_hurstmp_v7,1780570200000000,1.7548150684931507,1,0.73,eth-updown-5m-1780569900
poly_sniper_v5_eth_5m_l_ema50_hurst_grandparent_V10,1780570200000000,1.7548150684931507,1,0.73,eth-updown-5m-1780569900
poly_sniper_v5_eth_5m_v6c3_parent15mrang_v7_vL,1780570200000000,1.7548150684931507,1,0.73,eth-updown-5m-1780569900
poly_sniper_v5_eth_5m_cloud_vwap_hurstmp_v7_vL,1780570200000000,1.7548150684931507,1,0.73,eth-updown-5m-1780569900
poly_fast_taker_lagv2_eth_5m,1780570800000000,-7.0347898305084735,0,0.59,eth-updown-5m-1780570500
poly_fast_taker_lagv2_eth_5m,1780571100000000,-5.468750000000001,0,0.64,eth-updown-5m-1780570800
poly_fast_taker_b2_nomerge_eth_5m,1780570800000000,-2.0,0,0.55,eth-updown-5m-1780570500
poly_fast_taker_b2_nomerge_eth_5m,1780571100000000,1.0553846153846151,1,0.65,eth-updown-5m-1780570800
poly_fast_taker_lagv2_eth_5m,1780571400000000,-10.508412698412698,0,0.63,eth-updown-5m-1780571100
poly_fast_taker_lagv2_eth_5m,1780571700000000,-0.49626865671641707,0,0.67,eth-updown-5m-1780571400
poly_fast_taker_lagv2_eth_5m,1780572000000000,17.360943723800773,1,0.5801034353922089,eth-updown-5m-1780571700
poly_fast_taker_b2_nomerge_eth_5m,1780572600000000,-1.9999999999999998,0,0.72,eth-updown-5m-1780572300
poly_fast_taker_lagv2_eth_5m,1780573500000000,13.432500000000001,1,0.64,eth-updown-5m-1780573200
poly_fast_taker_lagv2_eth_5m,1780573800000000,12.849038461538461,1,0.65,eth-updown-5m-1780573500
poly_sniper_v5_eth_5m_up_a2_hlcascade25k_v9,1780574100000000,-5.0,0,0.44,eth-updown-5m-1780573800
poly_fast_taker_lagv2_eth_5m,1780574700000000,-9.750260317460318,0,0.63,eth-updown-5m-1780574400
poly_fast_taker_b2_nomerge_eth_5m,1780574700000000,-2.0,0,0.57,eth-updown-5m-1780574400
poly_fast_taker_b2_nomerge_eth_5m,1780575000000000,0.965373134328358,1,0.67,eth-updown-5m-1780574700
poly_sniper_v5_eth_5m_up_a2_hlcascade25k_v9,1780575000000000,-5.0,0,0.2,eth-updown-5m-1780574700
poly_fast_taker_b2_nomerge_eth_5m,1780575900000000,1.4193103448275863,1,0.58,eth-updown-5m-1780575600
poly_fast_taker_lagv2_eth_5m,1780575900000000,14.657580645161291,1,0.62,eth-updown-5m-1780575600
poly_fast_taker_lagv2_eth_5m,1780576200000000,-11.987081967213115,0,0.61,eth-updown-5m-1780575900
poly_fast_taker_lagv2_eth_5m,1780576500000000,-8.299329824561404,0,0.57,eth-updown-5m-1780576200
poly_sniper_v5_eth_5m_v5repl_off120_v6,1780576200000000,-5.0,0,0.9,eth-updown-5m-1780575900
poly_sniper_v5_eth_5m_a2_hlcascade50k_v9,1780576200000000,-5.0,0,0.71,eth-updown-5m-1780575900
poly_sniper_v5_eth_5m_tr200_mp_sms_active_off120,1780576200000000,-5.0,0,0.9,eth-updown-5m-1780575900
poly_sniper_v5_eth_5m_cloud_mp_sms_active_off120,1780576200000000,-5.0,0,0.9,eth-updown-5m-1780575900
poly_sniper_v5_eth_5m_a2_hlcascade50k_v9,1780576200000000,11.421666666666665,1,0.3,eth-updown-5m-1780575900
poly_sniper_v5_eth_5m_up_a2_hlcascade25k_v9,1780576200000000,11.421666666666665,1,0.3,eth-updown-5m-1780575900
poly_fast_taker_b2_nomerge_eth_5m,1780576200000000,-2.0,0,0.59,eth-updown-5m-1780575900
poly_sniper_v5_eth_5m_l_ema50_hurst_grandparent_v8,1780576500000000,-5.0,0,0.62,eth-updown-5m-1780576200
poly_sniper_v5_eth_5m_ema50_hurst_parent15mrang_v7,1780576500000000,-5.0,0,0.62,eth-updown-5m-1780576200
poly_sniper_v5_eth_5m_l_ema50_hurst_grandparent_V10,1780576500000000,-5.0,0,0.62,eth-updown-5m-1780576200
poly_fast_taker_b2_nomerge_eth_5m,1780576500000000,1.4785964912280705,1,0.57,eth-updown-5m-1780576200
poly_sniper_v5_eth_5m_ema50_hurst_parent15mrang_v7_vL,1780576500000000,-5.0,0,0.62,eth-updown-5m-1780576200
poly_fast_taker_lagv2_eth_5m,1780576800000000,-2.419354838709675,0,0.62,eth-updown-5m-1780576500
poly_sniper_v5_eth_5m_bb_mp_hurst_band_v6_vL,1780576800000000,8.241538461538461,1,0.37142857142857144,eth-updown-5m-1780576500
poly_sniper_v5_eth_5m_cloud_vwap_hurstmp_v7_vL,1780576800000000,8.241538461538461,1,0.37142857142857144,eth-updown-5m-1780576500
poly_sniper_v5_eth_5m_bb_mp_hurst_band_V10,1780576800000000,8.241538461538461,1,0.37142857142857144,eth-updown-5m-1780576500
poly_sniper_v5_eth_5m_bb_mp_hurst_band_v6,1780576800000000,8.241538461538461,1,0.37142857142857144,eth-updown-5m-1780576500
poly_sniper_v5_eth_5m_cloud_vwap_hurstmp_v7,1780576800000000,8.241538461538461,1,0.37142857142857144,eth-updown-5m-1780576500
poly_fast_taker_b2_nomerge_eth_5m,1780576800000000,-2.0,0,0.62,eth-updown-5m-1780576500
poly_fast_taker_lagv2_eth_5m,1780577400000000,-10.595846153846153,0,0.65,eth-updown-5m-1780577100
poly_sniper_v5_eth_5m_cloud_vwap_hurstmp_v7,1780577100000000,-5.0,0,0.3952569169960474,eth-updown-5m-1780576800
poly_sniper_v5_eth_5m_cloud_vwap_hurstmp_v7_vL,1780577100000000,-5.0,0,0.3952569169960474,eth-updown-5m-1780576800
poly_sniper_v5_eth_5m_bb_mp_hurst_band_v6_vL,1780577100000000,-5.0,0,0.3952569169960474,eth-updown-5m-1780576800
poly_fast_taker_lagv2_eth_5m,1780577100000000,16.655381355932207,1,0.59,eth-updown-5m-1780576800
poly_sniper_v5_eth_5m_bb_mp_hurst_band_V10,1780577100000000,-5.0,0,0.3952569169960474,eth-updown-5m-1780576800
poly_sniper_v5_eth_5m_bb_mp_hurst_band_v6,1780577100000000,-5.0,0,0.3952569169960474,eth-updown-5m-1780576800
poly_fast_taker_b2_nomerge_eth_5m,1780577100000000,1.362033898305085,1,0.59,eth-updown-5m-1780576800
poly_sniper_v5_eth_5m_bb_mp_hurst_band_v6_vL,1780577400000000,4.098259259259258,1,0.54,eth-updown-5m-1780577100
poly_fast_taker_b2_nomerge_eth_5m,1780577400000000,-2.0,0,0.65,eth-updown-5m-1780577100
poly_sniper_v5_eth_5m_l_ema50_hurst_grandparent_v8,1780577400000000,-5.0,0,0.47000000000000003,eth-updown-5m-1780577100
poly_sniper_v5_eth_5m_bb_mp_hurst_band_v6,1780577400000000,4.098259259259258,1,0.54,eth-updown-5m-1780577100
poly_sniper_v5_eth_5m_l_ema50_hurst_grandparent_V10,1780577400000000,-5.0,0,0.47000000000000003,eth-updown-5m-1780577100
poly_sniper_v5_eth_5m_bb_mp_hurst_band_V10,1780577400000000,4.098259259259258,1,0.54,eth-updown-5m-1780577100
poly_sniper_v5_eth_5m_cloud_vwap_hurstmp_v7,1780577700000000,-5.0,0,0.571992110453649,eth-updown-5m-1780577400
poly_sniper_v5_eth_5m_bb_mp_hurst_band_v6_vL,1780577700000000,-5.0,0,0.571992110453649,eth-updown-5m-1780577400
poly_sniper_v5_eth_5m_cloud_vwap_hurstmp_v7_vL,1780577700000000,-5.0,0,0.571992110453649,eth-updown-5m-1780577400
poly_sniper_v5_eth_5m_cloud_ribbon_mp_hurst_v6,1780577700000000,-5.0,0,0.571992110453649,eth-updown-5m-1780577400
poly_sniper_v5_eth_5m_bb_mp_hurst_band_v6,1780577700000000,-5.0,0,0.571992110453649,eth-updown-5m-1780577400
poly_fast_taker_b2_nomerge_eth_5m,1780577700000000,1.4193103448275863,1,0.58,eth-updown-5m-1780577400
poly_sniper_v5_eth_5m_cloud_ribbon_mp_hurst_v6_vL,1780577700000000,-5.0,0,0.571992110453649,eth-updown-5m-1780577400
poly_fast_taker_lagv2_eth_5m,1780578000000000,16.655381355932207,1,0.59,eth-updown-5m-1780577700
poly_sniper_v5_eth_5m_l_ema50_hurst_grandparent_v8,1780578000000000,3.473689655172415,1,0.58,eth-updown-5m-1780577700
poly_sniper_v5_eth_5m_l_ema50_hurst_grandparent_V10,1780578000000000,3.473689655172415,1,0.58,eth-updown-5m-1780577700
poly_fast_taker_b2_nomerge_eth_5m,1780578000000000,1.4193103448275863,1,0.58,eth-updown-5m-1780577700
poly_fast_taker_lagv2_eth_5m,1780578600000000,-8.164305084745761,0,0.59,eth-updown-5m-1780578300
poly_sniper_v5_eth_5m_l_ema50_hurst_grandparent_v8,1780578600000000,6.167636363636364,1,0.44,eth-updown-5m-1780578300
poly_sniper_v5_eth_5m_cloud_vwap_hurstmp_v7,1780578600000000,6.167636363636364,1,0.44,eth-updown-5m-1780578300
poly_sniper_v5_eth_5m_bb_mp_hurst_band_v6,1780578600000000,6.167636363636364,1,0.44,eth-updown-5m-1780578300
poly_sniper_v5_eth_5m_cloud_vwap_hurstmp_v7_vL,1780578600000000,6.167636363636364,1,0.44,eth-updown-5m-1780578300
poly_sniper_v5_eth_5m_bb_mp_hurst_band_V10,1780578600000000,6.167636363636364,1,0.44,eth-updown-5m-1780578300
poly_sniper_v5_eth_5m_bb_mp_hurst_band_v6_vL,1780578600000000,6.167636363636364,1,0.44,eth-updown-5m-1780578300
poly_sniper_v5_eth_5m_l_ema50_hurst_grandparent_V10,1780578600000000,6.167636363636364,1,0.44,eth-updown-5m-1780578300
poly_fast_taker_lagv2_eth_5m,1780578900000000,-10.816949152542373,0,0.59,eth-updown-5m-1780578600
poly_sniper_v5_eth_5m_cloud_ribbon_mp_hurst_v6_vL,1780578900000000,2.931516129032258,1,0.62,eth-updown-5m-1780578600
poly_sniper_v5_eth_5m_bb_mp_hurst_band_v6,1780578900000000,2.931516129032258,1,0.62,eth-updown-5m-1780578600
poly_sniper_v5_eth_5m_l_ema50_hurst_grandparent_V10,1780578900000000,2.931516129032258,1,0.62,eth-updown-5m-1780578600
poly_sniper_v5_eth_5m_cloud_ribbon_mp_hurst_v6,1780578900000000,2.931516129032258,1,0.62,eth-updown-5m-1780578600
poly_sniper_v5_eth_5m_cloud_vwap_hurstmp_v7_vL,1780578900000000,2.931516129032258,1,0.62,eth-updown-5m-1780578600
poly_sniper_v5_eth_5m_cloud_vwap_hurstmp_v7,1780578900000000,2.931516129032258,1,0.62,eth-updown-5m-1780578600
poly_sniper_v5_eth_5m_bb_mp_hurst_band_v6_vL,1780578900000000,2.931516129032258,1,0.62,eth-updown-5m-1780578600
poly_sniper_v5_eth_5m_l_ema50_hurst_grandparent_v8,1780578900000000,2.931516129032258,1,0.62,eth-updown-5m-1780578600
poly_sniper_v5_eth_5m_bb_mp_hurst_band_v6,1780579200000000,4.632421568627452,1,0.51,eth-updown-5m-1780578900
poly_sniper_v5_eth_5m_l_ema50_hurst_grandparent_V10,1780579200000000,4.632421568627452,1,0.51,eth-updown-5m-1780578900
poly_sniper_v5_eth_5m_l_ema50_hurst_grandparent_v8,1780579200000000,4.632421568627452,1,0.51,eth-updown-5m-1780578900
poly_sniper_v5_eth_5m_bb_mp_hurst_band_V10,1780579200000000,4.632421568627452,1,0.51,eth-updown-5m-1780578900
poly_sniper_v5_eth_5m_bb_mp_hurst_band_v6_vL,1780579200000000,4.632421568627452,1,0.51,eth-updown-5m-1780578900
poly_sniper_v5_eth_5m_ema50_hurst_parent15mrang_v7_vL,1780579500000000,1.4949473684210524,1,0.76,eth-updown-5m-1780579200
poly_sniper_v5_eth_5m_l_ema50_hurst_grandparent_v8,1780579500000000,1.4949473684210524,1,0.76,eth-updown-5m-1780579200
poly_sniper_v5_eth_5m_l_ema50_hurst_grandparent_V10,1780579500000000,1.4949473684210524,1,0.76,eth-updown-5m-1780579200
poly_sniper_v5_eth_5m_ema50_hurst_parent15mrang_v7,1780579500000000,1.4949473684210524,1,0.76,eth-updown-5m-1780579200
poly_fast_taker_b2_nomerge_eth_5m,1780579500000000,-2.0,0,0.62,eth-updown-5m-1780579200
poly_sniper_v5_eth_5m_bb_mp_hurst_band_V10,1780579800000000,9.058214285714287,1,0.35,eth-updown-5m-1780579500
poly_sniper_v5_eth_5m_l_ema50_hurst_grandparent_v8,1780579800000000,-5.0,0,0.66,eth-updown-5m-1780579500
poly_sniper_v5_eth_5m_cloud_vwap_hurstmp_v7,1780579800000000,9.058214285714287,1,0.35,eth-updown-5m-1780579500
poly_sniper_v5_eth_5m_bb_mp_hurst_band_v6_vL,1780579800000000,9.058214285714287,1,0.35,eth-updown-5m-1780579500
poly_sniper_v5_eth_5m_ema50_hurst_parent15mrang_v7_vL,1780579800000000,-5.0,0,0.66,eth-updown-5m-1780579500
poly_fast_taker_b2_nomerge_eth_5m,1780579800000000,-2.0,0,0.61,eth-updown-5m-1780579500
poly_sniper_v5_eth_5m_l_ema50_hurst_grandparent_V10,1780579800000000,-5.0,0,0.66,eth-updown-5m-1780579500
poly_sniper_v5_eth_5m_bb_mp_hurst_band_v6,1780579800000000,9.058214285714287,1,0.35,eth-updown-5m-1780579500
poly_sniper_v5_eth_5m_cloud_vwap_hurstmp_v7_vL,1780579800000000,9.058214285714287,1,0.35,eth-updown-5m-1780579500
poly_sniper_v5_eth_5m_ema50_hurst_parent15mrang_v7,1780579800000000,-5.0,0,0.66,eth-updown-5m-1780579500
poly_sniper_v5_eth_5m_ema50_hurst_parent15mrang_v7,1780580100000000,1.1063395061728392,1,0.81,eth-updown-5m-1780579800
poly_sniper_v5_eth_5m_v6c3_parent15mrang_v7,1780580100000000,1.1063395061728392,1,0.81,eth-updown-5m-1780579800
poly_sniper_v5_eth_5m_ema50_hurst_parent15mrang_v7_vL,1780580100000000,1.1063395061728392,1,0.81,eth-updown-5m-1780579800
poly_sniper_v5_eth_5m_cloud_ribbon_mp_hurst_v6_vL,1780580100000000,1.1063395061728392,1,0.81,eth-updown-5m-1780579800
poly_sniper_v5_eth_5m_v6c3_parent15mrang_v7_vL,1780580100000000,1.1063395061728392,1,0.81,eth-updown-5m-1780579800
poly_fast_taker_b2_nomerge_eth_5m,1780580100000000,-2.0,0,0.58,eth-updown-5m-1780579800
poly_sniper_v5_eth_5m_cloud_ribbon_mp_hurst_v6,1780580100000000,1.1063395061728392,1,0.81,eth-updown-5m-1780579800
poly_fast_taker_lagv2_eth_5m,1780580400000000,18.87285714285714,1,0.56,eth-updown-5m-1780580100
poly_fast_taker_lagv2_eth_5m,1780580700000000,-6.46551724137931,0,0.58,eth-updown-5m-1780580400
poly_fast_taker_lagv2_eth_5m,1780581000000000,-6.630337288135593,0,0.5805029713880908,eth-updown-5m-1780580700
poly_sniper_v5_eth_5m_cloud_vwap_hurstmp_v7_vL,1780581000000000,6.988621951219514,1,0.41,eth-updown-5m-1780580700
poly_sniper_v5_eth_5m_l_ema50_hurst_grandparent_V10,1780581000000000,-5.0,0,0.6,eth-updown-5m-1780580700
poly_fast_taker_b2_nomerge_eth_5m,1780581000000000,-2.0,0,0.57,eth-updown-5m-1780580700
poly_sniper_v5_eth_5m_cloud_vwap_hurstmp_v7,1780581000000000,6.988621951219514,1,0.41,eth-updown-5m-1780580700
poly_sniper_v5_eth_5m_l_ema50_hurst_grandparent_v8,1780581000000000,-5.0,0,0.6,eth-updown-5m-1780580700
poly_fast_taker_lagv2_eth_5m,1780581300000000,-5.158730158730159,0,0.63,eth-updown-5m-1780581000
poly_fast_taker_lagv2_eth_5m,1780581900000000,-5.000000000000003,0,0.6,eth-updown-5m-1780581600
poly_fast_taker_lagv2_eth_5m,1780582200000000,-7.661290322580647,0,0.62,eth-updown-5m-1780581900
poly_sniper_v5_eth_5m_l_ema50_hurst_grandparent_v8,1780582200000000,3.621429824561404,1,0.57,eth-updown-5m-1780581900
poly_sniper_v5_eth_5m_l_ema50_hurst_grandparent_V10,1780582200000000,3.621429824561404,1,0.57,eth-updown-5m-1780581900
poly_sniper_v5_eth_5m_l_ema50_hurst_grandparent_v8,1780582500000000,2.0378571428571433,1,0.7,eth-updown-5m-1780582200
poly_sniper_v5_eth_5m_ema200_vwap_regimerang_xa3_v7,1780582500000000,1.1799999999999997,1,0.8,eth-updown-5m-1780582200
poly_fast_taker_lagv2_eth_5m,1780582800000000,-9.01639344262295,0,0.61,eth-updown-5m-1780582500
poly_fast_taker_b2_nomerge_eth_5m,1780582800000000,1.4785964912280705,1,0.57,eth-updown-5m-1780582500
poly_fast_taker_lagv2_eth_5m,1780583400000000,16.655381355932207,1,0.59,eth-updown-5m-1780583100
poly_sniper_v5_eth_5m_ema200_vwap_regimerang_xa3_v7,1780583400000000,-5.0,0,0.38,eth-updown-5m-1780583100
poly_fast_taker_lagv2_eth_5m,1780583700000000,12.283787878787876,1,0.66,eth-updown-5m-1780583400
poly_fast_taker_b2_nomerge_eth_5m,1780584000000000,0.9223529411764704,1,0.68,eth-updown-5m-1780583700
poly_fast_taker_lagv2_eth_5m,1780584000000000,16.655381355932207,1,0.59,eth-updown-5m-1780583700
poly_fast_taker_lagv2_eth_5m,1780584300000000,-4.258,0,0.7,eth-updown-5m-1780584000
poly_sniper_v5_eth_5m_ema200_vwap_regimerang_xa3_v7,1780584300000000,1.5791666666666668,1,0.75,eth-updown-5m-1780584000
poly_fast_taker_lagv2_eth_5m,1780585500000000,-7.508463492063497,0,0.6288755704799819,eth-updown-5m-1780585200
poly_fast_taker_b2_nomerge_eth_5m,1780585500000000,-2.0,0,0.62,eth-updown-5m-1780585200
poly_fast_taker_lagv2_eth_5m,1780586100000000,-8.613882352941177,0,0.671299952614121,eth-updown-5m-1780585800
poly_sniper_v5_eth_5m_l_ema50_hurst_grandparent_V10,1780585800000000,0.8298529411764708,1,0.85,eth-updown-5m-1780585500
poly_sniper_v5_eth_5m_l_ema50_hurst_grandparent_v8,1780585800000000,0.8298529411764708,1,0.85,eth-updown-5m-1780585500
poly_sniper_v5_eth_5m_cloud_vwap_hurstmp_v7,1780586100000000,2.5465687270758193,1,0.6520300517731326,eth-updown-5m-1780585800
poly_sniper_v5_eth_5m_cloud_vwap_hurstmp_v7_vL,1780586100000000,2.5465687270758193,1,0.6520300517731326,eth-updown-5m-1780585800
poly_sniper_v5_eth_5m_bb_mp_hurst_band_v6_vL,1780586100000000,2.5465687270758193,1,0.6520300517731326,eth-updown-5m-1780585800
poly_sniper_v5_eth_5m_bb_mp_hurst_band_v6,1780586100000000,2.5465687270758193,1,0.6520300517731326,eth-updown-5m-1780585800
poly_sniper_v5_eth_5m_cloud_ribbon_mp_hurst_v6,1780586100000000,2.5465687270758193,1,0.6520300517731326,eth-updown-5m-1780585800
poly_sniper_v5_eth_5m_cloud_ribbon_mp_hurst_v6_vL,1780586100000000,2.5465687270758193,1,0.6520300517731326,eth-updown-5m-1780585800
poly_fast_taker_b2_nomerge_eth_5m,1780586400000000,-2.0,0,0.52,eth-updown-5m-1780586100
poly_fast_taker_lagv2_eth_5m,1780586700000000,9.232222222222223,1,0.72,eth-updown-5m-1780586400
poly_fast_taker_lagv2_eth_5m,1780587000000000,14.657580645161291,1,0.62,eth-updown-5m-1780586700
poly_fast_taker_lagv2_eth_5m,1780587600000000,-0.6624499999999993,0,0.64,eth-updown-5m-1780587300
poly_fast_taker_b2_nomerge_eth_5m,1780587600000000,-2.0,0,0.63,eth-updown-5m-1780587300
poly_sniper_v5_eth_5m_cloud_mp_sms_active_off120,1780588200000000,-5.0,0,0.49,eth-updown-5m-1780587900
poly_sniper_v5_eth_5m_v5repl_off120_v6,1780588200000000,-5.0,0,0.49,eth-updown-5m-1780587900
poly_fast_taker_lagv2_eth_5m,1780588200000000,18.87285714285714,1,0.56,eth-updown-5m-1780587900
poly_sniper_v5_eth_5m_tr200_mp_sms_active_off120,1780588200000000,-5.0,0,0.49,eth-updown-5m-1780587900
poly_fast_taker_lagv2_eth_5m,1780588800000000,-11.25,0,0.6,eth-updown-5m-1780588500
poly_fast_taker_b2_nomerge_eth_5m,1780588800000000,-2.0,0,0.54,eth-updown-5m-1780588500
poly_fast_taker_b2_nomerge_eth_5m,1780589400000000,-2.0,0,0.57,eth-updown-5m-1780589100
poly_sniper_v5_eth_5m_ema200_vwap_regimerang_xa3_v7,1780589400000000,-5.000000000000001,0,0.54,eth-updown-5m-1780589100
poly_fast_taker_lagv2_eth_5m,1780590000000000,13.934444922840365,1,0.6316470987659194,eth-updown-5m-1780589700
poly_fast_taker_b2_nomerge_eth_5m,1780590000000000,1.1560888888888894,1,0.6289936102236421,eth-updown-5m-1780589700
poly_sniper_v5_eth_5m_ema200_vwap_regimerang_xa3_v7,1780590300000000,3.0602213114754098,1,0.61,eth-updown-5m-1780590000
poly_fast_taker_lagv2_eth_5m,1780590600000000,-12.096774193548386,0,0.62,eth-updown-5m-1780590300
poly_sniper_v5_eth_5m_ema200_vwap_regimerang_xa3_v7,1780590600000000,1.4130064935064934,1,0.77,eth-updown-5m-1780590300
poly_fast_taker_lagv2_eth_5m,1780590900000000,-0.5122307692307669,0,0.65,eth-updown-5m-1780590600
poly_sniper_v5_eth_5m_ema200_vwap_regimerang_xa3_v7,1780590900000000,1.4130064935064934,1,0.77,eth-updown-5m-1780590600
poly_fast_taker_lagv2_eth_5m,1780592700000000,-11.567164179104479,0,0.67,eth-updown-5m-1780592400
poly_fast_taker_lagv2_eth_5m,1780593000000000,-20.700139344262293,0,0.61,eth-updown-5m-1780592700
poly_fast_taker_b2_nomerge_eth_5m,1780593000000000,-2.0,0,0.62,eth-updown-5m-1780592700
poly_fast_taker_lagv2_eth_5m,1780593600000000,12.849038461538461,1,0.65,eth-updown-5m-1780593300
poly_fast_taker_b2_nomerge_eth_5m,1780593900000000,-2.0,0,0.57,eth-updown-5m-1780593600
poly_fast_taker_lagv2_eth_5m,1780594200000000,7.065032467532466,1,0.77,eth-updown-5m-1780593900
poly_fast_taker_b2_nomerge_eth_5m,1780594200000000,-1.9999999999999998,0,0.47,eth-updown-5m-1780593900
poly_sniper_v5_eth_5m_ema200_vwap_regimerang_xa3_v7,1780594800000000,-5.0,0,0.68,eth-updown-5m-1780594500
poly_sniper_v5_eth_5m_ema200_vwap_regimerang_xa3_v7,1780595100000000,2.0378571428571433,1,0.7,eth-updown-5m-1780594800
poly_fast_taker_lagv2_eth_5m,1780595400000000,-9.154929577464788,0,0.71,eth-updown-5m-1780595100
poly_sniper_v5_eth_5m_cloud_vwap_hurstmp_v7_vL,1780595400000000,8.694647074258723,1,0.3592233009708738,eth-updown-5m-1780595100
poly_sniper_v5_eth_5m_l_ema50_hurst_grandparent_v8,1780595400000000,8.694647074258723,1,0.3592233009708738,eth-updown-5m-1780595100
poly_sniper_v5_eth_5m_v5repl_off120_v6,1780595400000000,1.2620300051565596,1,0.7891634867040936,eth-updown-5m-1780595100
poly_sniper_v5_eth_5m_ema50_hurst_parent15mrang_v7_vL,1780595400000000,8.694647074258723,1,0.3592233009708738,eth-updown-5m-1780595100
poly_sniper_v5_eth_5m_cloud_vwap_hurstmp_v7,1780595400000000,8.694647074258723,1,0.3592233009708738,eth-updown-5m-1780595100
poly_fast_taker_b2_nomerge_eth_5m,1780595400000000,-2.0,0,0.59,eth-updown-5m-1780595100
poly_sniper_v5_eth_5m_tr200_mp_sms_active_off120,1780595400000000,1.2620300051565596,1,0.7891634867040936,eth-updown-5m-1780595100
poly_sniper_v5_eth_5m_ema50_hurst_parent15mrang_v7,1780595400000000,8.694647074258723,1,0.3592233009708738,eth-updown-5m-1780595100
poly_sniper_v5_eth_5m_cloud_mp_sms_active_off120,1780595400000000,1.2620300051565596,1,0.7891634867040936,eth-updown-5m-1780595100
poly_sniper_v5_eth_5m_l_ema50_hurst_grandparent_V10,1780595400000000,8.694647074258723,1,0.3592233009708738,eth-updown-5m-1780595100
poly_sniper_v5_eth_5m_ema200_vwap_regimerang_xa3_v7,1780595400000000,3.93340909090909,1,0.55,eth-updown-5m-1780595100
poly_sniper_v5_eth_5m_a2_hlcascade50k_v9,1780596000000000,-5.0,0,0.22,eth-updown-5m-1780595700
poly_sniper_v5_eth_5m_a2_hlcascade50k_v9,1780596000000000,1.2556139240506328,1,0.79,eth-updown-5m-1780595700
poly_fast_taker_b2_nomerge_eth_5m,1780596000000000,1.2531147540983607,1,0.61,eth-updown-5m-1780595700
poly_sniper_v5_eth_5m_ema50_hurst_parent15mrang_v7,1780596000000000,1.0345609756097565,1,0.82,eth-updown-5m-1780595700
poly_sniper_v5_eth_5m_ema50_hurst_parent15mrang_v7_vL,1780596000000000,1.0345609756097565,1,0.82,eth-updown-5m-1780595700
poly_sniper_v5_eth_5m_up_a2_hlcascade25k_v9,1780596000000000,-5.0,0,0.22,eth-updown-5m-1780595700
poly_sniper_v5_eth_5m_ema200_vwap_regimerang_xa3_v7,1780596600000000,2.6865,1,0.64,eth-updown-5m-1780596300
poly_fast_taker_b2_nomerge_eth_5m,1780597200000000,1.4193103448275863,1,0.58,eth-updown-5m-1780596900
poly_sniper_v5_eth_5m_ema200_vwap_regimerang_xa3_v7,1780597500000000,-5.0,0,0.57,eth-updown-5m-1780597200
poly_sniper_v5_eth_5m_ema200_vwap_regimerang_xa3_v7,1780597800000000,13.145108695652171,1,0.27173913043478265,eth-updown-5m-1780597500
poly_sniper_v5_eth_5m_cloud_vwap_hurstmp_v7_vL,1780598100000000,4.825,1,0.5,eth-updown-5m-1780597800
poly_fast_taker_b2_nomerge_eth_5m,1780598100000000,1.4863333333333335,1,0.5687203791469194,eth-updown-5m-1780597800
poly_sniper_v5_eth_5m_cloud_vwap_hurstmp_v7,1780598100000000,4.825,1,0.5,eth-updown-5m-1780597800
poly_sniper_v5_eth_5m_ema50_hurst_parent15mrang_v7_vL,1780598100000000,4.825,1,0.5,eth-updown-5m-1780597800
poly_sniper_v5_eth_5m_ema50_hurst_parent15mrang_v7,1780598100000000,4.825,1,0.5,eth-updown-5m-1780597800
poly_sniper_v5_eth_5m_ema200_vwap_regimerang_xa3_v7,1780598100000000,1.8464444444444446,1,0.72,eth-updown-5m-1780597800
poly_sniper_v5_eth_5m_ema50_hurst_parent15mrang_v7_vL,1780598400000000,4.447384615384615,1,0.52,eth-updown-5m-1780598100
poly_sniper_v5_eth_5m_a2_hlcascade50k_v9,1780598400000000,-5.0,0,0.53,eth-updown-5m-1780598100
poly_sniper_v5_eth_5m_cloud_vwap_hurstmp_v7,1780598400000000,4.447384615384615,1,0.52,eth-updown-5m-1780598100
poly_sniper_v5_eth_5m_ema50_hurst_parent15mrang_v7,1780598400000000,4.447384615384615,1,0.52,eth-updown-5m-1780598100
poly_sniper_v5_eth_5m_bb_mp_hurst_band_v6_vL,1780598400000000,4.447384615384615,1,0.52,eth-updown-5m-1780598100
poly_sniper_v5_eth_5m_up_a2_hlcascade25k_v9,1780598400000000,5.234666666666668,1,0.4799999999999999,eth-updown-5m-1780598100
poly_sniper_v5_eth_5m_bb_mp_hurst_band_V10,1780598400000000,4.447384615384615,1,0.52,eth-updown-5m-1780598100
poly_sniper_v5_eth_5m_l_ema50_hurst_grandparent_v8,1780598400000000,4.447384615384615,1,0.52,eth-updown-5m-1780598100
poly_sniper_v5_eth_5m_cloud_vwap_hurstmp_v7_vL,1780598400000000,4.447384615384615,1,0.52,eth-updown-5m-1780598100
poly_sniper_v5_eth_5m_ema200_vwap_regimerang_xa3_v7,1780598400000000,3.3310762711864412,1,0.59,eth-updown-5m-1780598100
poly_sniper_v5_eth_5m_a2_hlcascade50k_v9,1780598400000000,5.234666666666668,1,0.4799999999999999,eth-updown-5m-1780598100
poly_sniper_v5_eth_5m_bb_mp_hurst_band_v6,1780598400000000,4.447384615384615,1,0.52,eth-updown-5m-1780598100
poly_fast_taker_b2_nomerge_eth_5m,1780598400000000,-2.0,0,0.54,eth-updown-5m-1780598100
poly_sniper_v5_eth_5m_tr200_mp_sms_active_off120,1780599600000000,4.098259259259258,1,0.54,eth-updown-5m-1780599300
poly_sniper_v5_eth_5m_cloud_mp_sms_active_off120,1780599600000000,4.098259259259258,1,0.54,eth-updown-5m-1780599300
poly_sniper_v5_eth_5m_v5repl_off120_v6,1780599600000000,4.098259259259258,1,0.54,eth-updown-5m-1780599300
poly_fast_taker_b2_nomerge_eth_5m,1780599900000000,0.8805797101449279,1,0.69,eth-updown-5m-1780599600
poly_sniper_v5_eth_5m_ema200_vwap_regimerang_xa3_v7,1780600800000000,1.1799999999999997,1,0.8,eth-updown-5m-1780600500
poly_sniper_v5_eth_5m_ema200_vwap_regimerang_xa3_v7,1780601100000000,-5.0,0,0.55,eth-updown-5m-1780600800
poly_sniper_v5_eth_5m_ema50_hurst_parent15mrang_v7,1780602300000000,1.4949473684210524,1,0.76,eth-updown-5m-1780602000
poly_sniper_v5_eth_5m_cloud_vwap_hurstmp_v7_vL,1780602300000000,1.4949473684210524,1,0.76,eth-updown-5m-1780602000
poly_fast_taker_b2_nomerge_eth_5m,1780602300000000,1.1025,1,0.64,eth-updown-5m-1780602000
poly_sniper_v5_eth_5m_l_ema50_hurst_grandparent_v8,1780602300000000,1.4949473684210524,1,0.76,eth-updown-5m-1780602000
poly_sniper_v5_eth_5m_v6c3_parent15mrang_v7_vL,1780602300000000,1.4949473684210524,1,0.76,eth-updown-5m-1780602000
poly_sniper_v5_eth_5m_cloud_ribbon_mp_hurst_v6,1780602300000000,1.4949473684210524,1,0.76,eth-updown-5m-1780602000
poly_sniper_v5_eth_5m_ema50_hurst_parent15mrang_v7_vL,1780602300000000,1.4949473684210524,1,0.76,eth-updown-5m-1780602000
poly_sniper_v5_eth_5m_l_ema50_hurst_grandparent_V10,1780602300000000,1.4949473684210524,1,0.76,eth-updown-5m-1780602000
poly_sniper_v5_eth_5m_bb_mp_hurst_band_v6_vL,1780602300000000,1.4949473684210524,1,0.76,eth-updown-5m-1780602000
poly_sniper_v5_eth_5m_cloud_ribbon_mp_hurst_v6_vL,1780602300000000,1.4949473684210524,1,0.76,eth-updown-5m-1780602000
poly_sniper_v5_eth_5m_bb_mp_hurst_band_v6,1780602300000000,1.4949473684210524,1,0.76,eth-updown-5m-1780602000
poly_sniper_v5_eth_5m_v6c3_parent15mrang_v7,1780602300000000,1.4949473684210524,1,0.76,eth-updown-5m-1780602000
poly_sniper_v5_eth_5m_cloud_vwap_hurstmp_v7,1780602300000000,1.4949473684210524,1,0.76,eth-updown-5m-1780602000
poly_sniper_v5_eth_5m_l_ema50_hurst_grandparent_v8,1780602600000000,2.0378571428571433,1,0.7,eth-updown-5m-1780602300
poly_sniper_v5_eth_5m_l_ema50_hurst_grandparent_V10,1780602600000000,2.0378571428571433,1,0.7,eth-updown-5m-1780602300
poly_sniper_v5_eth_5m_ema50_hurst_parent15mrang_v7,1780602600000000,2.0378571428571433,1,0.7,eth-updown-5m-1780602300
poly_sniper_v5_eth_5m_ema50_hurst_parent15mrang_v7_vL,1780602600000000,2.0378571428571433,1,0.7,eth-updown-5m-1780602300
poly_sniper_v5_eth_5m_ema200_vwap_regimerang_xa3_v7,1780602900000000,-5.0,0,0.53,eth-updown-5m-1780602600
poly_sniper_v5_eth_5m_cloud_ribbon_mp_hurst_v6_vL,1780603200000000,-5.0,0,0.69,eth-updown-5m-1780602900
poly_sniper_v5_eth_5m_l_ema50_hurst_grandparent_V10,1780603200000000,-5.0,0,0.69,eth-updown-5m-1780602900
poly_sniper_v5_eth_5m_ema50_hurst_parent15mrang_v7_vL,1780603200000000,-5.0,0,0.69,eth-updown-5m-1780602900
poly_sniper_v5_eth_5m_cloud_vwap_hurstmp_v7_vL,1780603200000000,-5.0,0,0.69,eth-updown-5m-1780602900
poly_sniper_v5_eth_5m_cloud_vwap_hurstmp_v7,1780603200000000,-5.0,0,0.69,eth-updown-5m-1780602900
poly_sniper_v5_eth_5m_v6c3_parent15mrang_v7,1780603200000000,-5.0,0,0.69,eth-updown-5m-1780602900
poly_sniper_v5_eth_5m_bb_mp_hurst_band_v6_vL,1780603200000000,-5.0,0,0.69,eth-updown-5m-1780602900
poly_sniper_v5_eth_5m_bb_mp_hurst_band_v6,1780603200000000,-5.0,0,0.69,eth-updown-5m-1780602900
poly_sniper_v5_eth_5m_ema50_hurst_parent15mrang_v7,1780603200000000,-5.0,0,0.69,eth-updown-5m-1780602900
poly_sniper_v5_eth_5m_cloud_ribbon_mp_hurst_v6,1780603200000000,-5.0,0,0.69,eth-updown-5m-1780602900
poly_sniper_v5_eth_5m_v6c3_parent15mrang_v7_vL,1780603200000000,-5.0,0,0.69,eth-updown-5m-1780602900
poly_fast_taker_b2_nomerge_eth_5m,1780603200000000,-1.9999999999999998,0,0.5444466442288656,eth-updown-5m-1780602900
poly_sniper_v5_eth_5m_l_ema50_hurst_grandparent_v8,1780603200000000,-5.0,0,0.69,eth-updown-5m-1780602900
poly_sniper_v5_eth_5m_ema200_vwap_regimerang_xa3_v7,1780603500000000,-5.0,0,0.48849543406308576,eth-updown-5m-1780603200
poly_sniper_v5_eth_5m_ema50_hurst_parent15mrang_v7,1780603500000000,1.7548150684931507,1,0.73,eth-updown-5m-1780603200
poly_sniper_v5_eth_5m_ema50_hurst_parent15mrang_v7_vL,1780603500000000,1.7548150684931507,1,0.73,eth-updown-5m-1780603200
poly_sniper_v5_eth_5m_l_ema50_hurst_grandparent_V10,1780603500000000,1.7548150684931507,1,0.73,eth-updown-5m-1780603200
poly_sniper_v5_eth_5m_l_ema50_hurst_grandparent_v8,1780603500000000,1.7548150684931507,1,0.73,eth-updown-5m-1780603200
poly_sniper_v5_eth_5m_ema50_hurst_parent15mrang_v7,1780603800000000,2.429762695096623,1,0.6624349923869411,eth-updown-5m-1780603500
poly_sniper_v5_eth_5m_bb_mp_hurst_band_v6,1780603800000000,2.429762695096623,1,0.6624349923869411,eth-updown-5m-1780603500
poly_sniper_v5_eth_5m_l_ema50_hurst_grandparent_V10,1780603800000000,2.429762695096623,1,0.6624349923869411,eth-updown-5m-1780603500
poly_sniper_v5_eth_5m_ema50_hurst_parent15mrang_v7_vL,1780603800000000,2.429762695096623,1,0.6624349923869411,eth-updown-5m-1780603500
poly_sniper_v5_eth_5m_bb_mp_hurst_band_v6_vL,1780603800000000,2.429762695096623,1,0.6624349923869411,eth-updown-5m-1780603500
poly_sniper_v5_eth_5m_ema200_vwap_regimerang_xa3_v7,1780603800000000,1.4130064935064934,1,0.77,eth-updown-5m-1780603500
poly_sniper_v5_eth_5m_l_ema50_hurst_grandparent_v8,1780603800000000,2.429762695096623,1,0.6624349923869411,eth-updown-5m-1780603500
poly_fast_taker_b2_nomerge_eth_5m,1780604100000000,1.3066666666666669,1,0.6,eth-updown-5m-1780603800
poly_fast_taker_b2_nomerge_eth_5m,1780604400000000,1.8092307692307688,1,0.52,eth-updown-5m-1780604100
poly_fast_taker_b2_nomerge_eth_5m,1780604700000000,-2.0,0,0.57,eth-updown-5m-1780604400
poly_sniper_v5_eth_5m_ema200_vwap_regimerang_xa3_v7,1780604700000000,-5.0,0,0.6,eth-updown-5m-1780604400
poly_sniper_v5_eth_5m_l_ema50_hurst_grandparent_v8,1780605000000000,1.4949473684210524,1,0.76,eth-updown-5m-1780604700
poly_sniper_v5_eth_5m_ema50_hurst_parent15mrang_v7,1780605000000000,1.4949473684210524,1,0.76,eth-updown-5m-1780604700
poly_sniper_v5_eth_5m_ema50_hurst_parent15mrang_v7_vL,1780605000000000,1.4949473684210524,1,0.76,eth-updown-5m-1780604700
poly_sniper_v5_eth_5m_l_ema50_hurst_grandparent_V10,1780605000000000,1.4949473684210524,1,0.76,eth-updown-5m-1780604700
poly_sniper_v5_eth_5m_ema200_vwap_regimerang_xa3_v7,1780605300000000,1.33325641025641,1,0.78,eth-updown-5m-1780605000
poly_fast_taker_b2_nomerge_eth_5m,1780605600000000,1.2531147540983607,1,0.61,eth-updown-5m-1780605300
poly_sniper_v5_eth_5m_l_ema50_hurst_grandparent_v8,1780605600000000,0.9645963855421689,1,0.83,eth-updown-5m-1780605300
poly_sniper_v5_eth_5m_ema50_hurst_parent15mrang_v7_vL,1780605600000000,0.9645963855421689,1,0.83,eth-updown-5m-1780605300
poly_sniper_v5_eth_5m_ema50_hurst_parent15mrang_v7,1780605600000000,0.9645963855421689,1,0.83,eth-updown-5m-1780605300
poly_sniper_v5_eth_5m_l_ema50_hurst_grandparent_V10,1780605600000000,0.9645963855421689,1,0.83,eth-updown-5m-1780605300
poly_sniper_v5_eth_5m_ema50_hurst_parent15mrang_v7_vL,1780605900000000,0.7220950009573203,1,0.8667410536383199,eth-updown-5m-1780605600
poly_sniper_v5_eth_5m_v6c3_parent15mrang_v7_vL,1780605900000000,0.7220950009573203,1,0.8667410536383199,eth-updown-5m-1780605600
poly_sniper_v5_eth_5m_v6c3_parent15mrang_v7,1780605900000000,0.7220950009573203,1,0.8667410536383199,eth-updown-5m-1780605600
poly_sniper_v5_eth_5m_cloud_ribbon_mp_hurst_v6_vL,1780605900000000,0.7220950009573203,1,0.8667410536383199,eth-updown-5m-1780605600
poly_sniper_v5_eth_5m_cloud_ribbon_mp_hurst_v6,1780605900000000,0.7220950009573203,1,0.8667410536383199,eth-updown-5m-1780605600
poly_sniper_v5_eth_5m_ema50_hurst_parent15mrang_v7,1780605900000000,0.7220950009573203,1,0.8667410536383199,eth-updown-5m-1780605600
poly_sniper_v5_eth_5m_ema50_hurst_parent15mrang_v7_vL,1780606200000000,-5.0,0,0.73,eth-updown-5m-1780605900
poly_sniper_v5_eth_5m_bb_mp_hurst_band_v6_vL,1780606200000000,-5.0,0,0.73,eth-updown-5m-1780605900
poly_fast_taker_b2_nomerge_eth_5m,1780607100000000,-2.0,0,0.69,eth-updown-5m-1780606800
poly_sniper_v5_eth_5m_up_a2_hlcascade25k_v9,1780607700000000,-5.0,0,0.53,eth-updown-5m-1780607400
poly_sniper_v5_eth_5m_ema200_vwap_regimerang_xa3_v7,1780608900000000,1.8464444444444446,1,0.72,eth-updown-5m-1780608600
poly_sniper_v5_eth_5m_ema200_vwap_regimerang_xa3_v7,1780609200000000,1.4130064935064934,1,0.77,eth-updown-5m-1780608900
poly_fast_taker_b2_nomerge_eth_5m,1780609200000000,1.4785964912280705,1,0.57,eth-updown-5m-1780608900
poly_fast_taker_b2_nomerge_eth_5m,1780609500000000,-2.0,0,0.57,eth-updown-5m-1780609200
poly_sniper_v5_eth_5m_bb_mp_hurst_band_v6,1780609800000000,3.457128994797255,1,0.5811433749655255,eth-updown-5m-1780609500
poly_sniper_v5_eth_5m_cloud_vwap_hurstmp_v7_vL,1780609800000000,3.457128994797255,1,0.5811433749655255,eth-updown-5m-1780609500
poly_sniper_v5_eth_5m_v6c3_parent15mrang_v7,1780609800000000,3.457128994797255,1,0.5811433749655255,eth-updown-5m-1780609500
poly_sniper_v5_eth_5m_ema50_hurst_parent15mrang_v7,1780609800000000,3.457128994797255,1,0.5811433749655255,eth-updown-5m-1780609500
poly_sniper_v5_eth_5m_bb_mp_hurst_band_v6_vL,1780609800000000,3.457128994797255,1,0.5811433749655255,eth-updown-5m-1780609500
poly_sniper_v5_eth_5m_ema50_hurst_parent15mrang_v7_vL,1780609800000000,3.457128994797255,1,0.5811433749655255,eth-updown-5m-1780609500
poly_sniper_v5_eth_5m_cloud_ribbon_mp_hurst_v6_vL,1780609800000000,3.457128994797255,1,0.5811433749655255,eth-updown-5m-1780609500
poly_sniper_v5_eth_5m_v6c3_parent15mrang_v7_vL,1780609800000000,3.457128994797255,1,0.5811433749655255,eth-updown-5m-1780609500
poly_sniper_v5_eth_5m_cloud_vwap_hurstmp_v7,1780609800000000,3.457128994797255,1,0.5811433749655255,eth-updown-5m-1780609500
poly_sniper_v5_eth_5m_cloud_ribbon_mp_hurst_v6,1780609800000000,3.457128994797255,1,0.5811433749655255,eth-updown-5m-1780609500
poly_sniper_v5_eth_5m_ema50_hurst_parent15mrang_v7,1780610100000000,-5.0,0,0.7,eth-updown-5m-1780609800
poly_sniper_v5_eth_5m_cloud_vwap_hurstmp_v7,1780610100000000,-5.0,0,0.7,eth-updown-5m-1780609800
poly_sniper_v5_eth_5m_ema50_hurst_parent15mrang_v7_vL,1780610100000000,-5.0,0,0.7,eth-updown-5m-1780609800
poly_sniper_v5_eth_5m_cloud_vwap_hurstmp_v7_vL,1780610100000000,-5.0,0,0.7,eth-updown-5m-1780609800
poly_sniper_v5_eth_5m_bb_mp_hurst_band_v6_vL,1780610100000000,-5.0,0,0.7,eth-updown-5m-1780609800
poly_sniper_v5_eth_5m_bb_mp_hurst_band_v6,1780610100000000,-5.0,0,0.7,eth-updown-5m-1780609800
poly_sniper_v5_eth_5m_cloud_ribbon_mp_hurst_v6,1780610700000000,-5.0,0,0.56,eth-updown-5m-1780610400
poly_sniper_v5_eth_5m_bb_mp_hurst_band_v6_vL,1780610700000000,-5.0,0,0.56,eth-updown-5m-1780610400
poly_sniper_v5_eth_5m_l_ema50_hurst_grandparent_v8,1780610700000000,-5.0,0,0.56,eth-updown-5m-1780610400
poly_sniper_v5_eth_5m_cloud_vwap_hurstmp_v7,1780610700000000,-5.0,0,0.56,eth-updown-5m-1780610400
poly_sniper_v5_eth_5m_ema50_hurst_parent15mrang_v7_vL,1780610700000000,-5.0,0,0.56,eth-updown-5m-1780610400
poly_sniper_v5_eth_5m_cloud_ribbon_mp_hurst_v6_vL,1780610700000000,-5.0,0,0.56,eth-updown-5m-1780610400
poly_sniper_v5_eth_5m_v6c3_parent15mrang_v7,1780610700000000,-5.0,0,0.56,eth-updown-5m-1780610400
poly_sniper_v5_eth_5m_l_ema50_hurst_grandparent_V10,1780610700000000,-5.0,0,0.56,eth-updown-5m-1780610400
poly_fast_taker_b2_nomerge_eth_5m,1780610700000000,1.3066666666666669,1,0.6,eth-updown-5m-1780610400
poly_sniper_v5_eth_5m_cloud_vwap_hurstmp_v7_vL,1780610700000000,-5.0,0,0.56,eth-updown-5m-1780610400
poly_sniper_v5_eth_5m_bb_mp_hurst_band_v6,1780610700000000,-5.0,0,0.56,eth-updown-5m-1780610400
poly_sniper_v5_eth_5m_ema50_hurst_parent15mrang_v7,1780610700000000,-5.0,0,0.56,eth-updown-5m-1780610400
poly_sniper_v5_eth_5m_ema200_vwap_regimerang_xa3_v7,1780610700000000,-5.0,0,0.64,eth-updown-5m-1780610400
poly_sniper_v5_eth_5m_v6c3_parent15mrang_v7_vL,1780610700000000,-5.0,0,0.56,eth-updown-5m-1780610400
poly_sniper_v5_eth_5m_ema200_vwap_regimerang_xa3_v7,1780611000000000,2.1378768115942033,1,0.69,eth-updown-5m-1780610700
poly_sniper_v5_eth_5m_ema50_hurst_parent15mrang_v7_vL,1780611300000000,-5.0,0,0.56,eth-updown-5m-1780611000
poly_sniper_v5_eth_5m_l_ema50_hurst_grandparent_v8,1780611300000000,-5.0,0,0.56,eth-updown-5m-1780611000
poly_sniper_v5_eth_5m_l_ema50_hurst_grandparent_V10,1780611300000000,-5.0,0,0.56,eth-updown-5m-1780611000
poly_sniper_v5_eth_5m_ema50_hurst_parent15mrang_v7,1780611300000000,-5.0,0,0.56,eth-updown-5m-1780611000
poly_sniper_v5_eth_5m_bb_mp_hurst_band_v6,1780611900000000,-5.000000000000001,0,0.5490008185103114,eth-updown-5m-1780611600
poly_sniper_v5_eth_5m_cloud_vwap_hurstmp_v7_vL,1780611900000000,-5.000000000000001,0,0.5490008185103114,eth-updown-5m-1780611600
poly_sniper_v5_eth_5m_v6c3_parent15mrang_v7,1780611900000000,-5.000000000000001,0,0.5490008185103114,eth-updown-5m-1780611600
poly_sniper_v5_eth_5m_ema50_hurst_parent15mrang_v7,1780611900000000,-5.000000000000001,0,0.5490008185103114,eth-updown-5m-1780611600
poly_sniper_v5_eth_5m_cloud_ribbon_mp_hurst_v6,1780611900000000,-5.000000000000001,0,0.5490008185103114,eth-updown-5m-1780611600
poly_sniper_v5_eth_5m_cloud_ribbon_mp_hurst_v6_vL,1780611900000000,-5.000000000000001,0,0.5490008185103114,eth-updown-5m-1780611600
poly_sniper_v5_eth_5m_bb_mp_hurst_band_v6_vL,1780611900000000,-5.000000000000001,0,0.5490008185103114,eth-updown-5m-1780611600
poly_sniper_v5_eth_5m_ema50_hurst_parent15mrang_v7_vL,1780611900000000,-5.000000000000001,0,0.5490008185103114,eth-updown-5m-1780611600
poly_sniper_v5_eth_5m_v6c3_parent15mrang_v7_vL,1780611900000000,-5.000000000000001,0,0.5490008185103114,eth-updown-5m-1780611600
poly_sniper_v5_eth_5m_cloud_vwap_hurstmp_v7,1780611900000000,-5.000000000000001,0,0.5490008185103114,eth-updown-5m-1780611600
poly_sniper_v5_eth_5m_ema50_hurst_parent15mrang_v7_vL,1780612200000000,3.193333333333334,1,0.6,eth-updown-5m-1780611900
poly_sniper_v5_eth_5m_ema50_hurst_parent15mrang_v7_vL,1780612800000000,0.579477528089887,1,0.8900000000000001,eth-updown-5m-1780612500
poly_sniper_v5_eth_5m_ema50_hurst_parent15mrang_v7,1780612800000000,0.579477528089887,1,0.8900000000000001,eth-updown-5m-1780612500
poly_fast_taker_b2_nomerge_eth_5m,1780612800000000,1.4193103448275863,1,0.58,eth-updown-5m-1780612500
poly_sniper_v5_eth_5m_cloud_vwap_hurstmp_v7,1780613100000000,2.1378768115942033,1,0.69,eth-updown-5m-1780612800
poly_sniper_v5_eth_5m_bb_mp_hurst_band_v6_vL,1780613100000000,2.1378768115942033,1,0.69,eth-updown-5m-1780612800
poly_sniper_v5_eth_5m_cloud_vwap_hurstmp_v7_vL,1780613100000000,2.1378768115942033,1,0.69,eth-updown-5m-1780612800
poly_sniper_v5_eth_5m_ema50_hurst_parent15mrang_v7_vL,1780613100000000,2.1378768115942033,1,0.69,eth-updown-5m-1780612800
poly_sniper_v5_eth_5m_v6c3_parent15mrang_v7,1780613100000000,2.1378768115942033,1,0.69,eth-updown-5m-1780612800
poly_sniper_v5_eth_5m_cloud_ribbon_mp_hurst_v6_vL,1780613100000000,2.1378768115942033,1,0.69,eth-updown-5m-1780612800
poly_sniper_v5_eth_5m_ema50_hurst_parent15mrang_v7,1780613100000000,2.1378768115942033,1,0.69,eth-updown-5m-1780612800
poly_sniper_v5_eth_5m_cloud_ribbon_mp_hurst_v6,1780613100000000,2.1378768115942033,1,0.69,eth-updown-5m-1780612800
poly_sniper_v5_eth_5m_bb_mp_hurst_band_v6,1780613100000000,2.1378768115942033,1,0.69,eth-updown-5m-1780612800
poly_sniper_v5_eth_5m_v6c3_parent15mrang_v7_vL,1780613100000000,2.1378768115942033,1,0.69,eth-updown-5m-1780612800
poly_sniper_v5_eth_5m_ema50_hurst_parent15mrang_v7,1780613400000000,2.931516129032258,1,0.62,eth-updown-5m-1780613100
poly_sniper_v5_eth_5m_bb_mp_hurst_band_v6_vL,1780613400000000,-5.0,0,0.39603960396039606,eth-updown-5m-1780613100
poly_sniper_v5_eth_5m_ema50_hurst_parent15mrang_v7_vL,1780613400000000,2.931516129032258,1,0.62,eth-updown-5m-1780613100
poly_sniper_v5_eth_5m_bb_mp_hurst_band_V10,1780613400000000,-5.0,0,0.39603960396039606,eth-updown-5m-1780613100
poly_sniper_v5_eth_5m_bb_mp_hurst_band_v6,1780613400000000,-5.0,0,0.39603960396039606,eth-updown-5m-1780613100
poly_sniper_v5_eth_5m_ema50_hurst_parent15mrang_v7_vL,1780614000000000,2.931516129032258,1,0.62,eth-updown-5m-1780613700
poly_sniper_v5_eth_5m_cloud_vwap_hurstmp_v7_vL,1780614000000000,2.931516129032258,1,0.62,eth-updown-5m-1780613700
poly_sniper_v5_eth_5m_bb_mp_hurst_band_v6_vL,1780614000000000,2.931516129032258,1,0.62,eth-updown-5m-1780613700
poly_sniper_v5_eth_5m_v6c3_parent15mrang_v7_vL,1780614000000000,2.931516129032258,1,0.62,eth-updown-5m-1780613700
poly_sniper_v5_eth_5m_ema200_vwap_regimerang_xa3_v7,1780614000000000,1.4949473684210524,1,0.76,eth-updown-5m-1780613700
poly_sniper_v5_eth_5m_cloud_ribbon_mp_hurst_v6_vL,1780614000000000,2.931516129032258,1,0.62,eth-updown-5m-1780613700
poly_sniper_v5_eth_5m_cloud_ribbon_mp_hurst_v6,1780614300000000,4.269462264150942,1,0.53,eth-updown-5m-1780614000
poly_sniper_v5_eth_5m_v6c3_parent15mrang_v7,1780614300000000,4.269462264150942,1,0.53,eth-updown-5m-1780614000
poly_sniper_v5_eth_5m_ema50_hurst_parent15mrang_v7,1780614300000000,4.269462264150942,1,0.53,eth-updown-5m-1780614000
poly_sniper_v5_eth_5m_cloud_ribbon_mp_hurst_v6_vL,1780614300000000,4.269462264150942,1,0.53,eth-updown-5m-1780614000
poly_sniper_v5_eth_5m_bb_mp_hurst_band_v6_vL,1780614300000000,4.269462264150942,1,0.53,eth-updown-5m-1780614000
poly_sniper_v5_eth_5m_bb_mp_hurst_band_V10,1780614300000000,4.269462264150942,1,0.53,eth-updown-5m-1780614000
poly_sniper_v5_eth_5m_ema200_vwap_regimerang_xa3_v7,1780614300000000,3.7745714285714276,1,0.56,eth-updown-5m-1780614000
poly_sniper_v5_eth_5m_cloud_vwap_hurstmp_v7_vL,1780614300000000,4.269462264150942,1,0.53,eth-updown-5m-1780614000
poly_sniper_v5_eth_5m_ema50_hurst_parent15mrang_v7_vL,1780614300000000,4.269462264150942,1,0.53,eth-updown-5m-1780614000
poly_sniper_v5_eth_5m_cloud_vwap_hurstmp_v7,1780614300000000,4.269462264150942,1,0.53,eth-updown-5m-1780614000
poly_sniper_v5_eth_5m_v6c3_parent15mrang_v7_vL,1780614300000000,4.269462264150942,1,0.53,eth-updown-5m-1780614000
poly_sniper_v5_eth_5m_bb_mp_hurst_band_v6,1780614300000000,4.269462264150942,1,0.53,eth-updown-5m-1780614000
poly_sniper_v5_eth_5m_l_ema50_hurst_grandparent_V10,1780614600000000,-5.0,0,0.58,eth-updown-5m-1780614300
poly_sniper_v5_eth_5m_cloud_vwap_hurstmp_v7,1780614600000000,-5.0,0,0.58,eth-updown-5m-1780614300
poly_sniper_v5_eth_5m_cloud_vwap_hurstmp_v7_vL,1780614600000000,-5.0,0,0.58,eth-updown-5m-1780614300
poly_sniper_v5_eth_5m_ema50_hurst_parent15mrang_v7_vL,1780614600000000,-5.0,0,0.58,eth-updown-5m-1780614300
poly_sniper_v5_eth_5m_l_ema50_hurst_grandparent_v8,1780614600000000,-5.0,0,0.58,eth-updown-5m-1780614300
poly_sniper_v5_eth_5m_ema50_hurst_parent15mrang_v7,1780614600000000,-5.0,0,0.58,eth-updown-5m-1780614300
poly_sniper_v5_eth_5m_bb_mp_hurst_band_v6_vL,1780614600000000,-5.0,0,0.58,eth-updown-5m-1780614300
poly_sniper_v5_eth_5m_bb_mp_hurst_band_v6,1780614600000000,-5.0,0,0.58,eth-updown-5m-1780614300
poly_sniper_v5_eth_5m_ema50_hurst_parent15mrang_v7_vL,1780614900000000,0.4630054945054944,1,0.91,eth-updown-5m-1780614600
poly_fast_taker_b2_nomerge_eth_5m,1780614900000000,1.151111111111111,1,0.63,eth-updown-5m-1780614600
poly_sniper_v5_eth_5m_l_ema50_hurst_grandparent_v8,1780615200000000,2.1378768115942033,1,0.69,eth-updown-5m-1780614900
poly_sniper_v5_eth_5m_cloud_vwap_hurstmp_v7_vL,1780615200000000,2.1378768115942033,1,0.69,eth-updown-5m-1780614900
poly_sniper_v5_eth_5m_l_ema50_hurst_grandparent_V10,1780615200000000,2.1378768115942033,1,0.69,eth-updown-5m-1780614900
poly_sniper_v5_eth_5m_cloud_vwap_hurstmp_v7,1780615200000000,2.1378768115942033,1,0.69,eth-updown-5m-1780614900
poly_sniper_v5_eth_5m_ema50_hurst_parent15mrang_v7_vL,1780615200000000,2.1378768115942033,1,0.69,eth-updown-5m-1780614900
poly_sniper_v5_eth_5m_ema50_hurst_parent15mrang_v7,1780615200000000,2.1378768115942033,1,0.69,eth-updown-5m-1780614900
poly_fast_taker_b2_nomerge_eth_5m,1780617000000000,1.0553846153846151,1,0.65,eth-updown-5m-1780616700
poly_sniper_v5_eth_5m_v6c3_parent15mrang_v7_vL,1780617300000000,0.9645963855421689,1,0.83,eth-updown-5m-1780617000
poly_sniper_v5_eth_5m_ema50_hurst_parent15mrang_v7,1780617300000000,0.9645963855421689,1,0.83,eth-updown-5m-1780617000
poly_sniper_v5_eth_5m_cloud_ribbon_mp_hurst_v6,1780617300000000,0.9645963855421689,1,0.83,eth-updown-5m-1780617000
poly_sniper_v5_eth_5m_v6c3_parent15mrang_v7,1780617300000000,0.9645963855421689,1,0.83,eth-updown-5m-1780617000
poly_sniper_v5_eth_5m_cloud_ribbon_mp_hurst_v6_vL,1780617300000000,0.9645963855421689,1,0.83,eth-updown-5m-1780617000
poly_sniper_v5_eth_5m_ema50_hurst_parent15mrang_v7_vL,1780617300000000,0.9645963855421689,1,0.83,eth-updown-5m-1780617000
poly_fast_taker_lagv2_eth_5m,1780617900000000,9.703767605633805,1,0.71,eth-updown-5m-1780617600
poly_sniper_v5_eth_5m_cloud_vwap_hurstmp_v7_vL,1780618200000000,-5.0,0,0.34,eth-updown-5m-1780617900
poly_sniper_v5_eth_5m_ema50_hurst_parent15mrang_v7_vL,1780618200000000,2.3471865671641785,1,0.67,eth-updown-5m-1780617900
poly_sniper_v5_eth_5m_l_ema50_hurst_grandparent_V10,1780618200000000,2.3471865671641785,1,0.67,eth-updown-5m-1780617900
poly_sniper_v5_eth_5m_cloud_vwap_hurstmp_v7,1780618200000000,-5.0,0,0.34,eth-updown-5m-1780617900
poly_sniper_v5_eth_5m_l_ema50_hurst_grandparent_v8,1780618200000000,2.3471865671641785,1,0.67,eth-updown-5m-1780617900
poly_fast_taker_b2_nomerge_eth_5m,1780618200000000,1.5399999999999998,1,0.56,eth-updown-5m-1780617900
poly_sniper_v5_eth_5m_ema200_vwap_regimerang_xa3_v7,1780618200000000,2.3471865671641785,1,0.67,eth-updown-5m-1780617900
poly_sniper_v5_eth_5m_ema50_hurst_parent15mrang_v7,1780618200000000,2.3471865671641785,1,0.67,eth-updown-5m-1780617900
poly_fast_taker_lagv2_eth_5m,1780619400000000,-9.420289855072463,0,0.69,eth-updown-5m-1780619100
poly_fast_taker_b2_nomerge_eth_5m,1780619700000000,1.362033898305085,1,0.59,eth-updown-5m-1780619400
poly_fast_taker_lagv2_eth_5m,1780620000000000,-11.028125000000001,0,0.64,eth-updown-5m-1780619700
poly_sniper_v5_eth_5m_ema200_vwap_regimerang_xa3_v7,1780620600000000,-5.0,0,0.4799999999999999,eth-updown-5m-1780620300
poly_fast_taker_lagv2_eth_5m,1780620900000000,12.69953780540142,1,0.6526143536195745,eth-updown-5m-1780620600
poly_sniper_v5_eth_5m_ema200_vwap_regimerang_xa3_v7,1780621200000000,3.2359532899169112,1,0.5968688845401173,eth-updown-5m-1780620900
poly_fast_taker_lagv2_eth_5m,1780621500000000,12.849038461538461,1,0.65,eth-updown-5m-1780621200
poly_fast_taker_lagv2_eth_5m,1780622100000000,-6.115383582089556,0,0.67,eth-updown-5m-1780621800
poly_fast_taker_lagv2_eth_5m,1780622700000000,12.283787878787876,1,0.66,eth-updown-5m-1780622400
poly_fast_taker_lagv2_eth_5m,1780623000000000,-25.0,0,0.62,eth-updown-5m-1780622700
poly_fast_taker_b2_nomerge_eth_5m,1780623900000000,-2.0,0,0.6,eth-updown-5m-1780623600
poly_sniper_v5_eth_5m_ema200_vwap_regimerang_xa3_v7,1780625400000000,1.5791666666666668,1,0.75,eth-updown-5m-1780625100
poly_sniper_v5_eth_5m_ema50_hurst_parent15mrang_v7,1780625700000000,1.6657567567567568,1,0.74,eth-updown-5m-1780625400
poly_sniper_v5_eth_5m_ema50_hurst_parent15mrang_v7_vL,1780625700000000,1.6657567567567568,1,0.74,eth-updown-5m-1780625400
poly_sniper_v5_eth_5m_bb_mp_hurst_band_v6_vL,1780625700000000,1.6657567567567568,1,0.74,eth-updown-5m-1780625400
poly_sniper_v5_eth_5m_cloud_vwap_hurstmp_v7,1780625700000000,1.6657567567567568,1,0.74,eth-updown-5m-1780625400
poly_sniper_v5_eth_5m_v6c3_parent15mrang_v7_vL,1780625700000000,1.6657567567567568,1,0.74,eth-updown-5m-1780625400
poly_sniper_v5_eth_5m_cloud_ribbon_mp_hurst_v6,1780625700000000,1.6657567567567568,1,0.74,eth-updown-5m-1780625400
poly_sniper_v5_eth_5m_v5repl_off120_v6,1780625700000000,1.940753521126761,1,0.71,eth-updown-5m-1780625400
poly_sniper_v5_eth_5m_cloud_vwap_hurstmp_v7_vL,1780625700000000,1.6657567567567568,1,0.74,eth-updown-5m-1780625400
poly_sniper_v5_eth_5m_cloud_ribbon_mp_hurst_v6_vL,1780625700000000,1.6657567567567568,1,0.74,eth-updown-5m-1780625400
poly_sniper_v5_eth_5m_tr200_mp_sms_active_off120,1780625700000000,1.940753521126761,1,0.71,eth-updown-5m-1780625400
poly_sniper_v5_eth_5m_v6c3_parent15mrang_v7,1780625700000000,1.6657567567567568,1,0.74,eth-updown-5m-1780625400
poly_sniper_v5_eth_5m_bb_mp_hurst_band_v6,1780625700000000,1.6657567567567568,1,0.74,eth-updown-5m-1780625400
poly_fast_taker_lagv2_eth_5m,1780626000000000,-2.9082089552238806,0,0.67,eth-updown-5m-1780625700
poly_fast_taker_lagv2_eth_5m,1780626300000000,-1.7746724137930987,0,0.58,eth-updown-5m-1780626000
poly_sniper_v5_eth_5m_ema50_hurst_parent15mrang_v7_vL,1780626000000000,-5.0,0,0.67,eth-updown-5m-1780625700
poly_sniper_v5_eth_5m_ema50_hurst_parent15mrang_v7,1780626000000000,-5.0,0,0.67,eth-updown-5m-1780625700
poly_sniper_v5_eth_5m_bb_mp_hurst_band_v6_vL,1780626300000000,1.8464444444444446,1,0.72,eth-updown-5m-1780626000
poly_sniper_v5_eth_5m_v6c3_parent15mrang_v7,1780626300000000,1.8464444444444446,1,0.72,eth-updown-5m-1780626000
poly_sniper_v5_eth_5m_cloud_ribbon_mp_hurst_v6,1780626300000000,1.8464444444444446,1,0.72,eth-updown-5m-1780626000
poly_sniper_v5_eth_5m_cloud_vwap_hurstmp_v7,1780626300000000,1.8464444444444446,1,0.72,eth-updown-5m-1780626000
poly_sniper_v5_eth_5m_l_ema50_hurst_grandparent_V10,1780626300000000,1.8464444444444446,1,0.72,eth-updown-5m-1780626000
poly_sniper_v5_eth_5m_ema50_hurst_parent15mrang_v7_vL,1780626300000000,1.8464444444444446,1,0.72,eth-updown-5m-1780626000
poly_sniper_v5_eth_5m_l_ema50_hurst_grandparent_v8,1780626300000000,1.8464444444444446,1,0.72,eth-updown-5m-1780626000
poly_sniper_v5_eth_5m_bb_mp_hurst_band_v6,1780626300000000,1.8464444444444446,1,0.72,eth-updown-5m-1780626000
poly_sniper_v5_eth_5m_cloud_vwap_hurstmp_v7_vL,1780626300000000,1.8464444444444446,1,0.72,eth-updown-5m-1780626000
poly_sniper_v5_eth_5m_v6c3_parent15mrang_v7_vL,1780626300000000,1.8464444444444446,1,0.72,eth-updown-5m-1780626000
poly_sniper_v5_eth_5m_cloud_ribbon_mp_hurst_V10,1780626300000000,1.8464444444444446,1,0.72,eth-updown-5m-1780626000
poly_sniper_v5_eth_5m_ema50_hurst_parent15mrang_v7,1780626300000000,1.8464444444444446,1,0.72,eth-updown-5m-1780626000
poly_sniper_v5_eth_5m_cloud_ribbon_mp_hurst_v6_vL,1780626300000000,1.8464444444444446,1,0.72,eth-updown-5m-1780626000
poly_sniper_v5_eth_5m_ema50_hurst_parent15mrang_v7_vL,1780626900000000,-5.000000000000001,0,0.54,eth-updown-5m-1780626600
poly_fast_taker_b2_nomerge_eth_5m,1780626900000000,-2.0,0,0.5,eth-updown-5m-1780626600
poly_sniper_v5_eth_5m_ema50_hurst_parent15mrang_v7,1780626900000000,-5.000000000000001,0,0.54,eth-updown-5m-1780626600
poly_sniper_v5_eth_5m_l_ema50_hurst_grandparent_v8,1780626900000000,-5.000000000000001,0,0.54,eth-updown-5m-1780626600
poly_sniper_v5_eth_5m_ema50_hurst_parent15mrang_v7_vL,1780627200000000,1.8464444444444446,1,0.72,eth-updown-5m-1780626900
poly_sniper_v5_eth_5m_bb_mp_hurst_band_v6_vL,1780627200000000,1.8464444444444446,1,0.72,eth-updown-5m-1780626900
poly_sniper_v5_eth_5m_cloud_ribbon_mp_hurst_v6_vL,1780627200000000,1.8464444444444446,1,0.72,eth-updown-5m-1780626900
poly_sniper_v5_eth_5m_ema50_hurst_parent15mrang_v7,1780627200000000,1.8464444444444446,1,0.72,eth-updown-5m-1780626900
poly_sniper_v5_eth_5m_v6c3_parent15mrang_v7,1780627200000000,1.8464444444444446,1,0.72,eth-updown-5m-1780626900
poly_sniper_v5_eth_5m_bb_mp_hurst_band_v6,1780627200000000,1.8464444444444446,1,0.72,eth-updown-5m-1780626900
poly_sniper_v5_eth_5m_cloud_vwap_hurstmp_v7,1780627200000000,1.8464444444444446,1,0.72,eth-updown-5m-1780626900
poly_sniper_v5_eth_5m_v6c3_parent15mrang_v7_vL,1780627200000000,1.8464444444444446,1,0.72,eth-updown-5m-1780626900
poly_sniper_v5_eth_5m_cloud_ribbon_mp_hurst_v6,1780627200000000,1.8464444444444446,1,0.72,eth-updown-5m-1780626900
poly_sniper_v5_eth_5m_cloud_vwap_hurstmp_v7_vL,1780627200000000,1.8464444444444446,1,0.72,eth-updown-5m-1780626900
poly_sniper_v5_eth_5m_ema50_hurst_parent15mrang_v7_vL,1780627500000000,3.830713057536461,1,0.5564232721593128,eth-updown-5m-1780627200
poly_sniper_v5_eth_5m_v5repl_off120_v6,1780627800000000,1.5126585029144084,1,0.7578740157480315,eth-updown-5m-1780627500
poly_sniper_v5_eth_5m_up_a2_hlcascade25k_v9,1780627800000000,3.93340909090909,1,0.55,eth-updown-5m-1780627500
poly_sniper_v5_eth_5m_tr200_mp_sms_active_off120,1780627800000000,1.5126585029144084,1,0.7578740157480315,eth-updown-5m-1780627500
poly_sniper_v5_eth_5m_l_ema50_hurst_grandparent_v8,1780628400000000,6.440343642611683,1,0.42955326460481097,eth-updown-5m-1780628100
poly_sniper_v5_eth_5m_v6c3_parent15mrang_v7_vL,1780628400000000,6.440343642611683,1,0.42955326460481097,eth-updown-5m-1780628100
poly_sniper_v5_eth_5m_cloud_ribbon_mp_hurst_V10,1780628400000000,6.440343642611683,1,0.42955326460481097,eth-updown-5m-1780628100
poly_sniper_v5_eth_5m_cloud_vwap_hurstmp_v7_vL,1780628400000000,6.440343642611683,1,0.42955326460481097,eth-updown-5m-1780628100
poly_sniper_v5_eth_5m_ema50_hurst_parent15mrang_v7,1780628400000000,6.440343642611683,1,0.42955326460481097,eth-updown-5m-1780628100
poly_sniper_v5_eth_5m_cloud_ribbon_mp_hurst_v6_vL,1780628400000000,6.440343642611683,1,0.42955326460481097,eth-updown-5m-1780628100
poly_sniper_v5_eth_5m_bb_mp_hurst_band_V10,1780628400000000,6.440343642611683,1,0.42955326460481097,eth-updown-5m-1780628100
poly_sniper_v5_eth_5m_bb_mp_hurst_band_v6,1780628400000000,6.440343642611683,1,0.42955326460481097,eth-updown-5m-1780628100
poly_sniper_v5_eth_5m_l_ema50_hurst_grandparent_V10,1780628400000000,6.440343642611683,1,0.42955326460481097,eth-updown-5m-1780628100
poly_sniper_v5_eth_5m_bb_mp_hurst_band_v6_vL,1780628400000000,6.440343642611683,1,0.42955326460481097,eth-updown-5m-1780628100
poly_sniper_v5_eth_5m_v6c3_parent15mrang_v7,1780628400000000,6.440343642611683,1,0.42955326460481097,eth-updown-5m-1780628100
poly_sniper_v5_eth_5m_ema50_hurst_parent15mrang_v7_vL,1780628400000000,6.440343642611683,1,0.42955326460481097,eth-updown-5m-1780628100
poly_sniper_v5_eth_5m_cloud_vwap_hurstmp_v7,1780628400000000,6.440343642611683,1,0.42955326460481097,eth-updown-5m-1780628100
poly_sniper_v5_eth_5m_cloud_ribbon_mp_hurst_v6,1780628400000000,6.440343642611683,1,0.42955326460481097,eth-updown-5m-1780628100
poly_sniper_v5_eth_5m_ema50_hurst_parent15mrang_v7_vL,1780628700000000,3.193333333333334,1,0.6,eth-updown-5m-1780628400
poly_sniper_v5_eth_5m_l_ema50_hurst_grandparent_V10,1780629000000000,1.1799999999999997,1,0.8,eth-updown-5m-1780628700
poly_sniper_v5_eth_5m_l_ema50_hurst_grandparent_v8,1780629000000000,1.1799999999999997,1,0.8,eth-updown-5m-1780628700
poly_sniper_v5_eth_5m_ema50_hurst_parent15mrang_v7_vL,1780629000000000,1.1799999999999997,1,0.8,eth-updown-5m-1780628700
poly_sniper_v5_eth_5m_ema50_hurst_parent15mrang_v7,1780629000000000,1.1799999999999997,1,0.8,eth-updown-5m-1780628700
poly_fast_taker_b2_nomerge_eth_5m,1780629000000000,1.2531147540983607,1,0.61,eth-updown-5m-1780628700
poly_sniper_v5_eth_5m_bb_mp_hurst_band_v6_vL,1780629300000000,-5.0,0,0.5633079021227814,eth-updown-5m-1780629000
poly_sniper_v5_eth_5m_cloud_vwap_hurstmp_v7_vL,1780629300000000,-5.0,0,0.5633079021227814,eth-updown-5m-1780629000
poly_fast_taker_b2_nomerge_eth_5m,1780629300000000,1.5399999999999998,1,0.56,eth-updown-5m-1780629000
poly_sniper_v5_eth_5m_ema50_hurst_parent15mrang_v7_vL,1780629300000000,-5.0,0,0.5633079021227814,eth-updown-5m-1780629000
poly_fast_taker_b2_nomerge_eth_5m,1780629600000000,1.1025,1,0.64,eth-updown-5m-1780629300
poly_fast_taker_lagv2_eth_5m,1780629600000000,13.432500000000001,1,0.64,eth-updown-5m-1780629300
poly_sniper_v5_eth_5m_cloud_ribbon_mp_hurst_v6_vL,1780629900000000,1.1063395061728392,1,0.81,eth-updown-5m-1780629600
poly_sniper_v5_eth_5m_v6c3_parent15mrang_v7_vL,1780629900000000,1.1063395061728392,1,0.81,eth-updown-5m-1780629600
poly_sniper_v5_eth_5m_ema50_hurst_parent15mrang_v7_vL,1780629900000000,1.1063395061728392,1,0.81,eth-updown-5m-1780629600
poly_sniper_v5_eth_5m_ema200_vwap_regimerang_xa3_v7,1780630200000000,2.0378571428571433,1,0.7,eth-updown-5m-1780629900
poly_sniper_v5_eth_5m_ema50_hurst_parent15mrang_v7_vL,1780630200000000,2.8070079365079366,1,0.63,eth-updown-5m-1780629900
poly_sniper_v5_eth_5m_ema50_hurst_parent15mrang_v7,1780630500000000,0.9645963855421689,1,0.83,eth-updown-5m-1780630200
poly_sniper_v5_eth_5m_ema50_hurst_parent15mrang_v7_vL,1780630500000000,0.9645963855421689,1,0.83,eth-updown-5m-1780630200
poly_sniper_v5_eth_5m_cloud_vwap_hurstmp_v7_vL,1780630800000000,-5.0,0,0.42,eth-updown-5m-1780630500
poly_sniper_v5_eth_5m_bb_mp_hurst_band_v6_vL,1780630800000000,-5.0,0,0.42,eth-updown-5m-1780630500
poly_sniper_v5_eth_5m_bb_mp_hurst_band_v6,1780630800000000,-5.0,0,0.42,eth-updown-5m-1780630500
poly_sniper_v5_eth_5m_ema50_hurst_parent15mrang_v7_vL,1780630800000000,-5.0,0,0.42,eth-updown-5m-1780630500
poly_sniper_v5_eth_5m_ema50_hurst_parent15mrang_v7,1780630800000000,-5.0,0,0.42,eth-updown-5m-1780630500
poly_sniper_v5_eth_5m_ema200_vwap_regimerang_xa3_v7,1780630800000000,3.0602213114754098,1,0.61,eth-updown-5m-1780630500
poly_sniper_v5_eth_5m_cloud_vwap_hurstmp_v7,1780630800000000,-5.0,0,0.42,eth-updown-5m-1780630500
poly_sniper_v5_eth_5m_bb_mp_hurst_band_V10,1780630800000000,-5.0,0,0.42,eth-updown-5m-1780630500
poly_sniper_v5_eth_5m_ema50_hurst_parent15mrang_v7,1780631400000000,1.4949473684210524,1,0.76,eth-updown-5m-1780631100
poly_sniper_v5_eth_5m_ema50_hurst_parent15mrang_v7_vL,1780631400000000,1.4949473684210524,1,0.76,eth-updown-5m-1780631100
poly_fast_taker_lagv2_eth_5m,1780631400000000,15.301106557377052,1,0.61,eth-updown-5m-1780631100
poly_sniper_v5_eth_5m_ema50_hurst_parent15mrang_v7_vL,1780631700000000,-5.0,0,0.57,eth-updown-5m-1780631400
poly_sniper_v5_eth_5m_ema50_hurst_parent15mrang_v7,1780631700000000,-5.0,0,0.57,eth-updown-5m-1780631400
poly_sniper_v5_eth_5m_cloud_ribbon_mp_hurst_V10,1780632300000000,2.4699788864891685,1,0.6588141345577959,eth-updown-5m-1780632000
poly_sniper_v5_eth_5m_cloud_ribbon_mp_hurst_v6_vL,1780632300000000,2.4699788864891685,1,0.6588141345577959,eth-updown-5m-1780632000
poly_sniper_v5_eth_5m_ema50_hurst_parent15mrang_v7_vL,1780632300000000,2.4699788864891685,1,0.6588141345577959,eth-updown-5m-1780632000
poly_sniper_v5_eth_5m_l_ema50_hurst_grandparent_v8,1780632300000000,2.4699788864891685,1,0.6588141345577959,eth-updown-5m-1780632000
poly_sniper_v5_eth_5m_cloud_ribbon_mp_hurst_v6,1780632300000000,2.4699788864891685,1,0.6588141345577959,eth-updown-5m-1780632000
poly_sniper_v5_eth_5m_bb_mp_hurst_band_v6,1780632300000000,2.4699788864891685,1,0.6588141345577959,eth-updown-5m-1780632000
poly_sniper_v5_eth_5m_v6c3_parent15mrang_v7_vL,1780632300000000,2.4699788864891685,1,0.6588141345577959,eth-updown-5m-1780632000
poly_sniper_v5_eth_5m_v6c3_parent15mrang_v7,1780632300000000,2.4699788864891685,1,0.6588141345577959,eth-updown-5m-1780632000
poly_sniper_v5_eth_5m_ema50_hurst_parent15mrang_v7,1780632300000000,2.4699788864891685,1,0.6588141345577959,eth-updown-5m-1780632000
poly_sniper_v5_eth_5m_cloud_vwap_hurstmp_v7_vL,1780632300000000,2.4699788864891685,1,0.6588141345577959,eth-updown-5m-1780632000
poly_sniper_v5_eth_5m_cloud_vwap_hurstmp_v7,1780632300000000,2.4699788864891685,1,0.6588141345577959,eth-updown-5m-1780632000
poly_sniper_v5_eth_5m_bb_mp_hurst_band_v6_vL,1780632300000000,2.4699788864891685,1,0.6588141345577959,eth-updown-5m-1780632000
poly_sniper_v5_eth_5m_l_ema50_hurst_grandparent_V10,1780632300000000,2.4699788864891685,1,0.6588141345577959,eth-updown-5m-1780632000
poly_fast_taker_lagv2_eth_5m,1780633500000000,-0.5208333333333309,0,0.48,eth-updown-5m-1780633200
poly_fast_taker_b2_nomerge_eth_5m,1780633500000000,-2.0,0,0.57,eth-updown-5m-1780633200
poly_sniper_v5_eth_5m_up_a2_hlcascade25k_v9,1780634100000000,-5.0,0,0.25,eth-updown-5m-1780633800
poly_sniper_v5_eth_5m_a2_hlcascade50k_v9,1780634100000000,1.4949473684210524,1,0.76,eth-updown-5m-1780633800
poly_sniper_v5_eth_5m_a2_hlcascade50k_v9,1780634100000000,-5.0,0,0.25,eth-updown-5m-1780633800
poly_sniper_v5_eth_5m_v6c3_parent15mrang_v7,1780634400000000,4.447384615384615,1,0.52,eth-updown-5m-1780634100
poly_sniper_v5_eth_5m_cloud_ribbon_mp_hurst_v6_vL,1780634400000000,4.447384615384615,1,0.52,eth-updown-5m-1780634100
poly_sniper_v5_eth_5m_cloud_vwap_hurstmp_v7_vL,1780634400000000,4.447384615384615,1,0.52,eth-updown-5m-1780634100
poly_sniper_v5_eth_5m_bb_mp_hurst_band_V10,1780634400000000,4.447384615384615,1,0.52,eth-updown-5m-1780634100
poly_sniper_v5_eth_5m_bb_mp_hurst_band_v6,1780634400000000,4.447384615384615,1,0.52,eth-updown-5m-1780634100
poly_sniper_v5_eth_5m_v6c3_parent15mrang_v7_vL,1780634400000000,4.447384615384615,1,0.52,eth-updown-5m-1780634100
poly_sniper_v5_eth_5m_ema50_hurst_parent15mrang_v7,1780634400000000,4.447384615384615,1,0.52,eth-updown-5m-1780634100
poly_sniper_v5_eth_5m_bb_mp_hurst_band_v6_vL,1780634400000000,4.447384615384615,1,0.52,eth-updown-5m-1780634100
poly_sniper_v5_eth_5m_ema50_hurst_parent15mrang_v7_vL,1780634400000000,4.447384615384615,1,0.52,eth-updown-5m-1780634100
poly_sniper_v5_eth_5m_cloud_ribbon_mp_hurst_v6,1780634400000000,4.447384615384615,1,0.52,eth-updown-5m-1780634100
poly_sniper_v5_eth_5m_cloud_vwap_hurstmp_v7,1780634400000000,4.447384615384615,1,0.52,eth-updown-5m-1780634100
poly_fast_taker_lagv2_eth_5m,1780635600000000,-6.185780821917805,0,0.73,eth-updown-5m-1780635300
poly_fast_taker_b2_nomerge_eth_5m,1780635600000000,-2.0,0,0.61,eth-updown-5m-1780635300
poly_sniper_v5_eth_5m_a2_hlcascade50k_v9,1780635900000000,6.701761904761906,1,0.42,eth-updown-5m-1780635600
poly_sniper_v5_eth_5m_up_a2_hlcascade25k_v9,1780635900000000,-5.0,0,0.59,eth-updown-5m-1780635600
poly_sniper_v5_eth_5m_a2_hlcascade50k_v9,1780635900000000,-5.0,0,0.59,eth-updown-5m-1780635600
poly_fast_taker_b2_nomerge_eth_5m,1780635900000000,-2.0,0,0.52,eth-updown-5m-1780635600
poly_fast_taker_lagv2_eth_5m,1780638000000000,14.035039682539683,1,0.63,eth-updown-5m-1780637700
poly_fast_taker_lagv2_eth_5m,1780638300000000,-2.617241379310345,0,0.58,eth-updown-5m-1780638000
poly_fast_taker_b2_nomerge_eth_5m,1780638300000000,1.8831372549019605,1,0.51,eth-updown-5m-1780638000
poly_sniper_v5_eth_5m_bb_mp_hurst_band_v6,1780638900000000,-5.0,0,0.69,eth-updown-5m-1780638600
poly_sniper_v5_eth_5m_l_ema50_hurst_grandparent_v8,1780638900000000,10.386999999999999,1,0.32,eth-updown-5m-1780638600
poly_sniper_v5_eth_5m_bb_mp_hurst_band_v6_vL,1780638900000000,-5.0,0,0.69,eth-updown-5m-1780638600
poly_sniper_v5_eth_5m_a2_hlcascade50k_v9,1780639200000000,12.605142857142855,1,0.28,eth-updown-5m-1780638900
poly_sniper_v5_eth_5m_a2_hlcascade50k_v9,1780639200000000,-5.0,0,0.73,eth-updown-5m-1780638900
poly_fast_taker_b2_nomerge_eth_5m,1780639200000000,-2.0,0,0.69,eth-updown-5m-1780638900
poly_sniper_v5_eth_5m_up_a2_hlcascade25k_v9,1780639200000000,-5.0,0,0.73,eth-updown-5m-1780638900
poly_fast_taker_b2_nomerge_eth_5m,1780639500000000,2.494545454545455,1,0.43999999999999995,eth-updown-5m-1780639200
poly_fast_taker_b2_nomerge_eth_5m,1780639800000000,1.2531147540983607,1,0.61,eth-updown-5m-1780639500
poly_fast_taker_lagv2_eth_5m,1780639800000000,15.301106557377052,1,0.61,eth-updown-5m-1780639500
poly_fast_taker_lagv2_eth_5m,1780640400000000,-5.139542857142854,0,0.7,eth-updown-5m-1780640100
poly_sniper_v5_eth_5m_a2_hlcascade50k_v9,1780640100000000,3.7745714285714276,1,0.56,eth-updown-5m-1780639800
poly_sniper_v5_eth_5m_a2_hlcascade50k_v9,1780640100000000,-5.0,0,0.4548241017223991,eth-updown-5m-1780639800
poly_sniper_v5_eth_5m_up_a2_hlcascade25k_v9,1780640100000000,-5.0,0,0.4548241017223991,eth-updown-5m-1780639800
poly_sniper_v5_eth_5m_lq_ema50_hurst_grandparent_prev15m_v8_vL,1780640100000000,3.3310762711864412,1,0.59,eth-updown-5m-1780639800
poly_sniper_v5_eth_5m_lq_ema50_hurst_grandparent_prev15m_v8,1780640100000000,3.3310762711864412,1,0.59,eth-updown-5m-1780639800
poly_sniper_v5_eth_5m_cloud_vwap_hurstmp_v7_vL,1780640100000000,-5.0,0,0.42,eth-updown-5m-1780639800
poly_sniper_v5_eth_5m_l_ema50_hurst_grandparent_v8,1780640100000000,3.3310762711864412,1,0.59,eth-updown-5m-1780639800
poly_sniper_v5_eth_5m_cloud_vwap_hurstmp_v7,1780640100000000,-5.0,0,0.42,eth-updown-5m-1780639800
poly_sniper_v5_eth_5m_l_ema50_hurst_grandparent_V10,1780640400000000,5.952842679127724,1,0.44859813084112155,eth-updown-5m-1780640100
poly_sniper_v5_eth_5m_bb_mp_hurst_band_v6_vL,1780640400000000,5.952842679127724,1,0.44859813084112155,eth-updown-5m-1780640100
poly_sniper_v5_eth_5m_cloud_ribbon_mp_hurst_v6,1780640400000000,5.952842679127724,1,0.44859813084112155,eth-updown-5m-1780640100
poly_sniper_v5_eth_5m_bb_mp_hurst_band_V10,1780640400000000,5.952842679127724,1,0.44859813084112155,eth-updown-5m-1780640100
poly_sniper_v5_eth_5m_lq_ema50_hurst_grandparent_prev15m_v8_vL,1780640400000000,5.952842679127724,1,0.44859813084112155,eth-updown-5m-1780640100
poly_sniper_v5_eth_5m_bb_mp_hurst_band_v6,1780640400000000,5.952842679127724,1,0.44859813084112155,eth-updown-5m-1780640100
poly_sniper_v5_eth_5m_l_ema50_hurst_grandparent_v8,1780640400000000,5.952842679127724,1,0.44859813084112155,eth-updown-5m-1780640100
poly_sniper_v5_eth_5m_lq_ema50_hurst_grandparent_prev15m_v8,1780640400000000,5.952842679127724,1,0.44859813084112155,eth-updown-5m-1780640100
poly_sniper_v5_eth_5m_cloud_vwap_hurstmp_v7,1780640400000000,5.952842679127724,1,0.44859813084112155,eth-updown-5m-1780640100
poly_sniper_v5_eth_5m_cloud_ribbon_mp_hurst_V10,1780640400000000,5.952842679127724,1,0.44859813084112155,eth-updown-5m-1780640100
poly_fast_taker_b2_nomerge_eth_5m,1780640400000000,-2.0,0,0.7,eth-updown-5m-1780640100
poly_sniper_v5_eth_5m_cloud_ribbon_mp_hurst_v6_vL,1780640400000000,5.952842679127724,1,0.44859813084112155,eth-updown-5m-1780640100
poly_sniper_v5_eth_5m_cloud_vwap_hurstmp_v7_vL,1780640400000000,5.952842679127724,1,0.44859813084112155,eth-updown-5m-1780640100
poly_fast_taker_lagv2_eth_5m,1780641000000000,-4.515403225806451,0,0.6102145986953218,eth-updown-5m-1780640700
poly_sniper_v5_eth_5m_bb_mp_hurst_band_v6_vL,1780640700000000,3.2981455087176035,1,0.5923595331041581,eth-updown-5m-1780640400
poly_sniper_v5_eth_5m_cloud_ribbon_mp_hurst_v6_vL,1780640700000000,3.2981455087176035,1,0.5923595331041581,eth-updown-5m-1780640400
poly_sniper_v5_eth_5m_l_ema50_hurst_grandparent_V10,1780640700000000,3.2981455087176035,1,0.5923595331041581,eth-updown-5m-1780640400
poly_sniper_v5_eth_5m_lq_ema50_hurst_grandparent_prev15m_v8_vL,1780640700000000,3.2981455087176035,1,0.5923595331041581,eth-updown-5m-1780640400
poly_sniper_v5_eth_5m_cloud_vwap_hurstmp_v7,1780640700000000,3.2981455087176035,1,0.5923595331041581,eth-updown-5m-1780640400
poly_sniper_v5_eth_5m_lq_ema50_hurst_grandparent_prev15m_v8,1780640700000000,3.2981455087176035,1,0.5923595331041581,eth-updown-5m-1780640400
poly_fast_taker_b2_nomerge_eth_5m,1780640700000000,-2.0,0,0.57,eth-updown-5m-1780640400
poly_sniper_v5_eth_5m_cloud_vwap_hurstmp_v7_vL,1780640700000000,3.2981455087176035,1,0.5923595331041581,eth-updown-5m-1780640400
poly_sniper_v5_eth_5m_l_ema50_hurst_grandparent_v8,1780640700000000,3.2981455087176035,1,0.5923595331041581,eth-updown-5m-1780640400
poly_sniper_v5_eth_5m_cloud_ribbon_mp_hurst_v6,1780640700000000,3.2981455087176035,1,0.5923595331041581,eth-updown-5m-1780640400
poly_sniper_v5_eth_5m_bb_mp_hurst_band_v6,1780640700000000,3.2981455087176035,1,0.5923595331041581,eth-updown-5m-1780640400
poly_sniper_v5_eth_5m_cloud_ribbon_mp_hurst_V10,1780640700000000,3.2981455087176035,1,0.5923595331041581,eth-updown-5m-1780640400
poly_fast_taker_lagv2_eth_5m,1780641300000000,-3.974277611940302,0,0.67,eth-updown-5m-1780641000
poly_sniper_v5_eth_5m_a2_hlcascade50k_v9,1780641000000000,-5.0,0,0.6,eth-updown-5m-1780640700
poly_sniper_v5_eth_5m_up_a2_hlcascade25k_v9,1780641000000000,6.988621951219514,1,0.41,eth-updown-5m-1780640700
poly_sniper_v5_eth_5m_a2_hlcascade50k_v9,1780641000000000,6.988621951219514,1,0.41,eth-updown-5m-1780640700
poly_fast_taker_b2_nomerge_eth_5m,1780641000000000,1.151111111111111,1,0.63,eth-updown-5m-1780640700
poly_sniper_v5_eth_5m_a2_hlcascade50k_v9,1780641300000000,-5.0,0,0.43000000000000005,eth-updown-5m-1780641000
poly_sniper_v5_eth_5m_up_a2_hlcascade25k_v9,1780641300000000,3.3939254883226466,1,0.5855498213576816,eth-updown-5m-1780641000
poly_sniper_v5_eth_5m_a2_hlcascade50k_v9,1780641300000000,3.3939254883226466,1,0.5855498213576816,eth-updown-5m-1780641000
poly_sniper_v5_eth_5m_a2_hlcascade50k_v9,1780641600000000,-5.0,0,0.5806515106780828,eth-updown-5m-1780641300
poly_sniper_v5_eth_5m_cloud_vwap_hurstmp_v7,1780641600000000,4.447384615384615,1,0.52,eth-updown-5m-1780641300
poly_sniper_v5_eth_5m_bb_mp_hurst_band_v6_vL,1780641600000000,4.447384615384615,1,0.52,eth-updown-5m-1780641300
poly_sniper_v5_eth_5m_bb_mp_hurst_band_v6,1780641600000000,4.447384615384615,1,0.52,eth-updown-5m-1780641300
poly_fast_taker_b2_nomerge_eth_5m,1780641600000000,-2.0,0,0.57,eth-updown-5m-1780641300
poly_sniper_v5_eth_5m_cloud_vwap_hurstmp_v7_vL,1780641600000000,4.447384615384615,1,0.52,eth-updown-5m-1780641300
poly_sniper_v5_eth_5m_bb_mp_hurst_band_V10,1780641600000000,4.447384615384615,1,0.52,eth-updown-5m-1780641300
poly_sniper_v5_eth_5m_up_a2_hlcascade25k_v9,1780641900000000,2.971858065671481,1,0.6168294963885628,eth-updown-5m-1780641600
poly_sniper_v5_eth_5m_bb_mp_hurst_band_v6_vL,1780642800000000,3.0602213114754098,1,0.61,eth-updown-5m-1780642500
poly_sniper_v5_eth_5m_v6c3_parent15mrang_v7_vL,1780642800000000,3.0602213114754098,1,0.61,eth-updown-5m-1780642500
poly_sniper_v5_eth_5m_ema200_vwap_regimerang_xa3_v7,1780642800000000,2.0378571428571433,1,0.7,eth-updown-5m-1780642500
poly_sniper_v5_eth_5m_cloud_ribbon_mp_hurst_v6_vL,1780642800000000,3.0602213114754098,1,0.61,eth-updown-5m-1780642500
poly_sniper_v5_eth_5m_cloud_vwap_hurstmp_v7,1780642800000000,3.0602213114754098,1,0.61,eth-updown-5m-1780642500
poly_sniper_v5_eth_5m_cloud_ribbon_mp_hurst_v6,1780642800000000,3.0602213114754098,1,0.61,eth-updown-5m-1780642500
poly_sniper_v5_eth_5m_lq_ema50_hurst_grandparent_prev15m_v8_vL,1780642800000000,3.0602213114754098,1,0.61,eth-updown-5m-1780642500
poly_sniper_v5_eth_5m_ema50_hurst_parent15mrang_v7_vL,1780642800000000,3.0602213114754098,1,0.61,eth-updown-5m-1780642500
poly_sniper_v5_eth_5m_v6c3_parent15mrang_v7,1780642800000000,3.0602213114754098,1,0.61,eth-updown-5m-1780642500
poly_sniper_v5_eth_5m_l_ema50_hurst_grandparent_v8,1780642800000000,3.0602213114754098,1,0.61,eth-updown-5m-1780642500
poly_sniper_v5_eth_5m_ema50_hurst_parent15mrang_v7,1780642800000000,3.0602213114754098,1,0.61,eth-updown-5m-1780642500
poly_sniper_v5_eth_5m_lq_ema50_hurst_grandparent_prev15m_v8,1780642800000000,3.0602213114754098,1,0.61,eth-updown-5m-1780642500
poly_sniper_v5_eth_5m_l_ema50_hurst_grandparent_V10,1780642800000000,3.0602213114754098,1,0.61,eth-updown-5m-1780642500
poly_sniper_v5_eth_5m_bb_mp_hurst_band_v6,1780642800000000,3.0602213114754098,1,0.61,eth-updown-5m-1780642500
poly_sniper_v5_eth_5m_cloud_vwap_hurstmp_v7_vL,1780642800000000,3.0602213114754098,1,0.61,eth-updown-5m-1780642500
poly_sniper_v5_eth_5m_cloud_ribbon_mp_hurst_V10,1780642800000000,3.0602213114754098,1,0.61,eth-updown-5m-1780642500
poly_fast_taker_b2_nomerge_eth_5m,1780643100000000,1.4785964912280705,1,0.57,eth-updown-5m-1780642800
poly_sniper_v5_eth_5m_l_ema50_hurst_grandparent_V10,1780643400000000,3.0602213114754098,1,0.61,eth-updown-5m-1780643100
poly_sniper_v5_eth_5m_cloud_vwap_hurstmp_v7_vL,1780643400000000,3.0602213114754098,1,0.61,eth-updown-5m-1780643100
poly_sniper_v5_eth_5m_bb_mp_hurst_band_v6,1780643400000000,3.0602213114754098,1,0.61,eth-updown-5m-1780643100
poly_sniper_v5_eth_5m_cloud_ribbon_mp_hurst_v6_vL,1780643400000000,3.0602213114754098,1,0.61,eth-updown-5m-1780643100
poly_sniper_v5_eth_5m_k_hurst_ts_cci_tod_euus_v8_vL,1780643400000000,0.5205555555555553,1,0.9,eth-updown-5m-1780643100
poly_sniper_v5_eth_5m_bb_mp_hurst_band_v6_vL,1780643400000000,3.0602213114754098,1,0.61,eth-updown-5m-1780643100
poly_sniper_v5_eth_5m_cloud_ribbon_mp_hurst_V10,1780643400000000,3.0602213114754098,1,0.61,eth-updown-5m-1780643100
poly_sniper_v5_eth_5m_cloud_ribbon_mp_hurst_v6,1780643400000000,3.0602213114754098,1,0.61,eth-updown-5m-1780643100
poly_sniper_v5_eth_5m_cloud_vwap_hurstmp_v7,1780643400000000,3.0602213114754098,1,0.61,eth-updown-5m-1780643100
poly_fast_taker_b2_nomerge_eth_5m,1780643400000000,-2.0,0,0.61,eth-updown-5m-1780643100
poly_sniper_v5_eth_5m_l_ema50_hurst_grandparent_v8,1780643400000000,3.0602213114754098,1,0.61,eth-updown-5m-1780643100
poly_sniper_v5_eth_5m_k_hurst_ts_cci_tod_euus_v8,1780643400000000,0.5205555555555553,1,0.9,eth-updown-5m-1780643100
poly_sniper_v5_eth_5m_k_hurst_ts_cci_tod_euus_v8,1780643700000000,1.5791666666666668,1,0.75,eth-updown-5m-1780643400
poly_sniper_v5_eth_5m_k_hurst_ts_cci_tod_euus_v8_vL,1780643700000000,1.5791666666666668,1,0.75,eth-updown-5m-1780643400
poly_fast_taker_lagv2_eth_5m,1780644300000000,-5.106666666666667,0,0.6,eth-updown-5m-1780644000
poly_sniper_v5_eth_5m_cloud_vwap_hurstmp_v7,1780644000000000,-5.0,0,0.28,eth-updown-5m-1780643700
poly_sniper_v5_eth_5m_cloud_vwap_hurstmp_v7_vL,1780644000000000,-5.0,0,0.28,eth-updown-5m-1780643700
poly_sniper_v5_eth_5m_l_ema50_hurst_grandparent_V10,1780644000000000,-5.0,0,0.28,eth-updown-5m-1780643700
poly_sniper_v5_eth_5m_l_ema50_hurst_grandparent_v8,1780644000000000,-5.0,0,0.28,eth-updown-5m-1780643700
poly_fast_taker_b2_nomerge_eth_5m,1780644000000000,1.0235060606060606,1,0.6569452047976907,eth-updown-5m-1780643700
poly_fast_taker_lagv2_eth_5m,1780644600000000,-3.3447762711864395,0,0.5807086614173228,eth-updown-5m-1780644300
poly_sniper_v5_eth_5m_up_a2_hlcascade25k_v9,1780644300000000,5.680565217391305,1,0.45999999999999996,eth-updown-5m-1780644000
poly_fast_taker_b2_nomerge_eth_5m,1780644300000000,-2.0,0,0.53,eth-updown-5m-1780644000
poly_sniper_v5_eth_5m_ema50_hurst_parent15mrang_v7_vL,1780645200000000,2.569807692307692,1,0.65,eth-updown-5m-1780644900
poly_sniper_v5_eth_5m_ema50_hurst_parent15mrang_v7,1780645200000000,2.569807692307692,1,0.65,eth-updown-5m-1780644900
poly_fast_taker_lagv2_eth_5m,1780645500000000,0.0,0,0.67,eth-updown-5m-1780645200
poly_sniper_v5_eth_5m_a2_hlcascade50k_v9,1780645500000000,-5.0,0,0.67,eth-updown-5m-1780645200
poly_sniper_v5_eth_5m_up_a2_hlcascade25k_v9,1780645500000000,9.474882352941174,1,0.34,eth-updown-5m-1780645200
poly_sniper_v5_eth_5m_k_hurst_ts_cci_tod_euus_v8,1780645500000000,1.940753521126761,1,0.71,eth-updown-5m-1780645200
poly_sniper_v5_eth_5m_a2_hlcascade50k_v9,1780645500000000,9.474882352941174,1,0.34,eth-updown-5m-1780645200
poly_fast_taker_b2_nomerge_eth_5m,1780645500000000,-2.0,0,0.59,eth-updown-5m-1780645200
poly_sniper_v5_eth_5m_k_hurst_ts_cci_tod_euus_v8_vL,1780645500000000,1.940753521126761,1,0.71,eth-updown-5m-1780645200
poly_sniper_v5_eth_5m_ema50_hurst_parent15mrang_v7_vL,1780645500000000,9.91701515151515,1,0.33,eth-updown-5m-1780645200
poly_sniper_v5_eth_5m_cloud_vwap_hurstmp_v7_vL,1780645800000000,2.8070079365079366,1,0.63,eth-updown-5m-1780645500
poly_sniper_v5_eth_5m_v6c3_parent15mrang_v7_vL,1780645800000000,2.8070079365079366,1,0.63,eth-updown-5m-1780645500
poly_sniper_v5_eth_5m_cloud_ribbon_mp_hurst_v6,1780645800000000,2.8070079365079366,1,0.63,eth-updown-5m-1780645500
poly_sniper_v5_eth_5m_ema50_hurst_parent15mrang_v7_vL,1780645800000000,2.8070079365079366,1,0.63,eth-updown-5m-1780645500
poly_sniper_v5_eth_5m_v6c3_parent15mrang_v7,1780645800000000,2.8070079365079366,1,0.63,eth-updown-5m-1780645500
poly_sniper_v5_eth_5m_bb_mp_hurst_band_v6,1780645800000000,2.8070079365079366,1,0.63,eth-updown-5m-1780645500
poly_sniper_v5_eth_5m_cloud_ribbon_mp_hurst_v6_vL,1780645800000000,2.8070079365079366,1,0.63,eth-updown-5m-1780645500
poly_sniper_v5_eth_5m_cloud_vwap_hurstmp_v7,1780645800000000,2.8070079365079366,1,0.63,eth-updown-5m-1780645500
poly_sniper_v5_eth_5m_ema50_hurst_parent15mrang_v7,1780645800000000,2.8070079365079366,1,0.63,eth-updown-5m-1780645500
poly_sniper_v5_eth_5m_bb_mp_hurst_band_v6_vL,1780645800000000,2.8070079365079366,1,0.63,eth-updown-5m-1780645500
poly_sniper_v5_eth_5m_cloud_vwap_hurstmp_v7_vL,1780646100000000,2.1378768115942033,1,0.69,eth-updown-5m-1780645800
poly_sniper_v5_eth_5m_up_a2_hlcascade25k_v9,1780646100000000,-5.0,0,0.4,eth-updown-5m-1780645800
poly_sniper_v5_eth_5m_bb_mp_hurst_band_v6_vL,1780646100000000,2.1378768115942033,1,0.69,eth-updown-5m-1780645800
poly_sniper_v5_eth_5m_bb_mp_hurst_band_v6,1780646100000000,2.1378768115942033,1,0.69,eth-updown-5m-1780645800
poly_sniper_v5_eth_5m_a2_hlcascade50k_v9,1780646100000000,-5.0,0,0.4,eth-updown-5m-1780645800
poly_sniper_v5_eth_5m_k_hurst_ts_cci_tod_euus_v8_vL,1780646100000000,-5.0,0,0.66,eth-updown-5m-1780645800
poly_sniper_v5_eth_5m_cloud_ribbon_mp_hurst_v6_vL,1780646100000000,2.1378768115942033,1,0.69,eth-updown-5m-1780645800
poly_sniper_v5_eth_5m_k_hurst_ts_cci_tod_euus_v8,1780646100000000,-5.0,0,0.66,eth-updown-5m-1780645800
poly_sniper_v5_eth_5m_l_ema50_hurst_grandparent_v8,1780646100000000,2.1378768115942033,1,0.69,eth-updown-5m-1780645800
poly_sniper_v5_eth_5m_a2_hlcascade50k_v9,1780646100000000,2.7356828252921064,1,0.6358795008345919,eth-updown-5m-1780645800
poly_sniper_v5_eth_5m_cloud_ribbon_mp_hurst_v6,1780646100000000,2.1378768115942033,1,0.69,eth-updown-5m-1780645800
poly_sniper_v5_eth_5m_l_ema50_hurst_grandparent_V10,1780646100000000,2.1378768115942033,1,0.69,eth-updown-5m-1780645800
poly_sniper_v5_eth_5m_cloud_vwap_hurstmp_v7,1780646100000000,2.1378768115942033,1,0.69,eth-updown-5m-1780645800
poly_sniper_v5_eth_5m_bb_mp_hurst_band_v6_vL,1780646400000000,7.860746606334842,1,0.3823529411764706,eth-updown-5m-1780646100
poly_sniper_v5_eth_5m_cloud_vwap_hurstmp_v7_vL,1780646400000000,7.860746606334842,1,0.3823529411764706,eth-updown-5m-1780646100
poly_fast_taker_lagv2_eth_5m,1780647000000000,-1.4811764705882349,0,0.68,eth-updown-5m-1780646700
poly_sniper_v5_eth_5m_bb_mp_hurst_band_v6,1780646700000000,-5.0,0,0.3757225433526012,eth-updown-5m-1780646400
poly_sniper_v5_eth_5m_bb_mp_hurst_band_v6_vL,1780646700000000,-5.0,0,0.3757225433526012,eth-updown-5m-1780646400
poly_sniper_v5_eth_5m_cloud_vwap_hurstmp_v7_vL,1780646700000000,-5.0,0,0.3757225433526012,eth-updown-5m-1780646400
poly_sniper_v5_eth_5m_cloud_vwap_hurstmp_v7,1780646700000000,-5.0,0,0.3757225433526012,eth-updown-5m-1780646400
poly_sniper_v5_eth_5m_bb_mp_hurst_band_V10,1780646700000000,-5.0,0,0.3757225433526012,eth-updown-5m-1780646400
poly_sniper_v5_eth_5m_k_hurst_ts_cci_tod_euus_v8_vL,1780647000000000,-4.999999999999999,0,0.61,eth-updown-5m-1780646700
poly_fast_taker_b2_nomerge_eth_5m,1780647300000000,-2.0,0,0.5,eth-updown-5m-1780647000
poly_sniper_v5_eth_5m_l_ema50_hurst_grandparent_V10,1780647300000000,3.0602213114754098,1,0.61,eth-updown-5m-1780647000
poly_sniper_v5_eth_5m_k_hurst_ts_cci_tod_euus_v8_vL,1780647300000000,-5.0,0,0.53,eth-updown-5m-1780647000
poly_sniper_v5_eth_5m_l_ema50_hurst_grandparent_v8,1780647300000000,3.0602213114754098,1,0.61,eth-updown-5m-1780647000
poly_sniper_v5_eth_5m_l_ema50_hurst_grandparent_v8,1780647600000000,0.9645963855421689,1,0.83,eth-updown-5m-1780647300
poly_sniper_v5_eth_5m_l_ema50_hurst_grandparent_V10,1780647600000000,0.9645963855421689,1,0.83,eth-updown-5m-1780647300
poly_sniper_v5_eth_5m_cloud_ribbon_mp_hurst_v6_vL,1780647600000000,0.9645963855421689,1,0.83,eth-updown-5m-1780647300
poly_sniper_v5_eth_5m_cloud_ribbon_mp_hurst_v6,1780647600000000,0.9645963855421689,1,0.83,eth-updown-5m-1780647300
poly_fast_taker_lagv2_eth_5m,1780647600000000,19.667045454545455,1,0.55,eth-updown-5m-1780647300
poly_sniper_v5_eth_5m_bb_mp_hurst_band_v6_vL,1780648500000000,-5.0,0,0.5,eth-updown-5m-1780648200
poly_sniper_v5_eth_5m_ema50_hurst_parent15mrang_v7,1780648500000000,-5.0,0,0.5,eth-updown-5m-1780648200
poly_sniper_v5_eth_5m_v6c3_parent15mrang_v7,1780648500000000,-5.0,0,0.5,eth-updown-5m-1780648200
poly_sniper_v5_eth_5m_bb_mp_hurst_band_v6,1780648500000000,-5.0,0,0.5,eth-updown-5m-1780648200
poly_sniper_v5_eth_5m_ema50_hurst_parent15mrang_v7_vL,1780648500000000,-5.0,0,0.5,eth-updown-5m-1780648200
poly_sniper_v5_eth_5m_v6c3_parent15mrang_v7_vL,1780648500000000,-5.0,0,0.5,eth-updown-5m-1780648200
poly_sniper_v5_eth_5m_cloud_vwap_hurstmp_v7_vL,1780648500000000,-5.0,0,0.5,eth-updown-5m-1780648200
poly_sniper_v5_eth_5m_cloud_ribbon_mp_hurst_v6_vL,1780648500000000,-5.0,0,0.5,eth-updown-5m-1780648200
poly_sniper_v5_eth_5m_cloud_ribbon_mp_hurst_v6,1780648500000000,-5.0,0,0.5,eth-updown-5m-1780648200
poly_sniper_v5_eth_5m_bb_mp_hurst_band_V10,1780648500000000,-5.0,0,0.5,eth-updown-5m-1780648200
poly_sniper_v5_eth_5m_cloud_vwap_hurstmp_v7,1780648500000000,-5.0,0,0.5,eth-updown-5m-1780648200
poly_sniper_v5_eth_5m_lq_ema50_hurst_grandparent_prev15m_v8_vL,1780649400000000,-5.0,0,0.39,eth-updown-5m-1780649100
poly_sniper_v5_eth_5m_l_ema50_hurst_grandparent_v8,1780649400000000,-5.0,0,0.39,eth-updown-5m-1780649100
poly_sniper_v5_eth_5m_ema200_vwap_regimerang_xa3_v7,1780649400000000,-5.0,0,0.63,eth-updown-5m-1780649100
poly_sniper_v5_eth_5m_ema50_hurst_parent15mrang_v7,1780649400000000,-5.0,0,0.39,eth-updown-5m-1780649100
poly_sniper_v5_eth_5m_ema50_hurst_parent15mrang_v7_vL,1780649400000000,-5.0,0,0.39,eth-updown-5m-1780649100
poly_sniper_v5_eth_5m_lq_ema50_hurst_grandparent_prev15m_v8,1780649400000000,-5.0,0,0.39,eth-updown-5m-1780649100
poly_sniper_v5_eth_5m_l_ema50_hurst_grandparent_V10,1780649400000000,-5.0,0,0.39,eth-updown-5m-1780649100
poly_sniper_v5_eth_5m_l_ema50_hurst_grandparent_v8,1780649700000000,1.33325641025641,1,0.78,eth-updown-5m-1780649400
poly_sniper_v5_eth_5m_l_ema50_hurst_grandparent_V10,1780649700000000,1.33325641025641,1,0.78,eth-updown-5m-1780649400
poly_sniper_v5_eth_5m_ema50_hurst_parent15mrang_v7,1780649700000000,1.33325641025641,1,0.78,eth-updown-5m-1780649400
poly_sniper_v5_eth_5m_lq_ema50_hurst_grandparent_prev15m_v8,1780649700000000,1.33325641025641,1,0.78,eth-updown-5m-1780649400
poly_fast_taker_lagv2_eth_5m,1780649700000000,15.966666666666667,1,0.6,eth-updown-5m-1780649400
poly_sniper_v5_eth_5m_lq_ema50_hurst_grandparent_prev15m_v8_vL,1780649700000000,1.33325641025641,1,0.78,eth-updown-5m-1780649400
poly_sniper_v5_eth_5m_ema50_hurst_parent15mrang_v7_vL,1780649700000000,1.33325641025641,1,0.78,eth-updown-5m-1780649400
poly_fast_taker_lagv2_eth_5m,1780650000000000,-4.723499999999996,0,0.7,eth-updown-5m-1780649700
poly_sniper_v5_eth_5m_ema50_hurst_parent15mrang_v7,1780650000000000,10.887532258064516,1,0.31,eth-updown-5m-1780649700
poly_sniper_v5_eth_5m_ema50_hurst_parent15mrang_v7_vL,1780650000000000,10.887532258064516,1,0.31,eth-updown-5m-1780649700
poly_sniper_v5_eth_5m_ema50_hurst_parent15mrang_v7,1780650300000000,3.0602213114754098,1,0.61,eth-updown-5m-1780650000
poly_sniper_v5_eth_5m_cloud_vwap_hurstmp_v7,1780650300000000,-5.0,0,0.4,eth-updown-5m-1780650000
poly_sniper_v5_eth_5m_ema50_hurst_parent15mrang_v7_vL,1780650300000000,3.0602213114754098,1,0.61,eth-updown-5m-1780650000
poly_sniper_v5_eth_5m_cloud_vwap_hurstmp_v7_vL,1780650300000000,-5.0,0,0.4,eth-updown-5m-1780650000
poly_fast_taker_lagv2_eth_5m,1780650300000000,12.687585389951943,1,0.6528243044623339,eth-updown-5m-1780650000
poly_fast_taker_lagv2_eth_5m,1780651200000000,-4.736213793103449,0,0.58,eth-updown-5m-1780650900
poly_sniper_v5_eth_5m_bb_mp_hurst_band_v6_vL,1780650900000000,4.098259259259258,1,0.54,eth-updown-5m-1780650600
poly_sniper_v5_eth_5m_cloud_ribbon_mp_hurst_v6_vL,1780650900000000,4.098259259259258,1,0.54,eth-updown-5m-1780650600
poly_sniper_v5_eth_5m_a2_hlcascade50k_v9,1780650900000000,-5.0,0,0.56,eth-updown-5m-1780650600
poly_sniper_v5_eth_5m_a2_hlcascade50k_v9,1780650900000000,5.918611111111112,1,0.45,eth-updown-5m-1780650600
poly_sniper_v5_eth_5m_up_a2_hlcascade25k_v9,1780650900000000,5.918611111111112,1,0.45,eth-updown-5m-1780650600
poly_sniper_v5_eth_5m_cloud_vwap_hurstmp_v7_vL,1780650900000000,4.098259259259258,1,0.54,eth-updown-5m-1780650600
poly_sniper_v5_eth_5m_l_ema50_hurst_grandparent_V10,1780651200000000,2.1378768115942033,1,0.69,eth-updown-5m-1780650900
poly_sniper_v5_eth_5m_l_ema50_hurst_grandparent_v8,1780651200000000,2.1378768115942033,1,0.69,eth-updown-5m-1780650900
poly_sniper_v5_eth_5m_cloud_mp_sms_active_off120,1780651500000000,-5.0,0,0.65,eth-updown-5m-1780651200
poly_sniper_v5_eth_5m_tr200_mp_mpnx_sms_off120,1780651500000000,-5.0,0,0.65,eth-updown-5m-1780651200
poly_sniper_v5_eth_5m_tr200_mp_sms_active_off120,1780651500000000,-5.0,0,0.65,eth-updown-5m-1780651200
poly_sniper_v5_eth_5m_v5repl_off120_v6,1780651500000000,-5.0,0,0.65,eth-updown-5m-1780651200
poly_sniper_v5_eth_5m_l_ema50_hurst_grandparent_v8,1780651800000000,-5.0,0,0.47000000000000003,eth-updown-5m-1780651500
poly_sniper_v5_eth_5m_l_ema50_hurst_grandparent_V10,1780651800000000,-5.0,0,0.47000000000000003,eth-updown-5m-1780651500
poly_fast_taker_b2_nomerge_eth_5m,1780652100000000,-2.0,0,0.51,eth-updown-5m-1780651800
poly_fast_taker_lagv2_eth_5m,1780652400000000,-7.521818181818185,0,0.55,eth-updown-5m-1780652100
poly_sniper_v5_eth_5m_cloud_vwap_hurstmp_v7_vL,1780652400000000,4.376769101069107,1,0.523922499011467,eth-updown-5m-1780652100
poly_sniper_v5_eth_5m_bb_mp_hurst_band_V10,1780652400000000,4.376769101069107,1,0.523922499011467,eth-updown-5m-1780652100
poly_sniper_v5_eth_5m_cloud_vwap_hurstmp_v7,1780652400000000,4.376769101069107,1,0.523922499011467,eth-updown-5m-1780652100
poly_sniper_v5_eth_5m_l_ema50_hurst_grandparent_V10,1780652400000000,4.376769101069107,1,0.523922499011467,eth-updown-5m-1780652100
poly_sniper_v5_eth_5m_bb_mp_hurst_band_v6_vL,1780652400000000,4.376769101069107,1,0.523922499011467,eth-updown-5m-1780652100
poly_sniper_v5_eth_5m_bb_mp_hurst_band_v6,1780652400000000,4.376769101069107,1,0.523922499011467,eth-updown-5m-1780652100
poly_sniper_v5_eth_5m_cloud_ribbon_mp_hurst_v6_vL,1780652400000000,4.376769101069107,1,0.523922499011467,eth-updown-5m-1780652100
poly_fast_taker_b2_nomerge_eth_5m,1780652400000000,-2.0,0,0.55,eth-updown-5m-1780652100
poly_sniper_v5_eth_5m_l_ema50_hurst_grandparent_v8,1780652400000000,4.376769101069107,1,0.523922499011467,eth-updown-5m-1780652100
poly_sniper_v5_eth_5m_cloud_ribbon_mp_hurst_v6,1780652400000000,4.376769101069107,1,0.523922499011467,eth-updown-5m-1780652100
poly_sniper_v5_eth_5m_cloud_vwap_hurstmp_v7_vL,1780652700000000,-5.0,0,0.45,eth-updown-5m-1780652400
poly_fast_taker_lagv2_eth_5m,1780652700000000,15.966666666666667,1,0.6,eth-updown-5m-1780652400
poly_sniper_v5_eth_5m_bb_mp_hurst_band_v6,1780652700000000,-5.0,0,0.45,eth-updown-5m-1780652400
poly_sniper_v5_eth_5m_bb_mp_hurst_band_V10,1780652700000000,-5.0,0,0.45,eth-updown-5m-1780652400
poly_sniper_v5_eth_5m_bb_mp_hurst_band_v6_vL,1780652700000000,-5.0,0,0.45,eth-updown-5m-1780652400
poly_sniper_v5_eth_5m_cloud_vwap_hurstmp_v7,1780652700000000,-5.0,0,0.45,eth-updown-5m-1780652400
poly_sniper_v5_eth_5m_bb_mp_hurst_band_v6_vL,1780653000000000,1.6657567567567568,1,0.74,eth-updown-5m-1780652700
poly_sniper_v5_eth_5m_cloud_ribbon_mp_hurst_v6,1780653000000000,1.6657567567567568,1,0.74,eth-updown-5m-1780652700
poly_sniper_v5_eth_5m_cloud_vwap_hurstmp_v7,1780653000000000,1.6657567567567568,1,0.74,eth-updown-5m-1780652700
poly_fast_taker_b2_nomerge_eth_5m,1780653000000000,1.151111111111111,1,0.63,eth-updown-5m-1780652700
poly_fast_taker_lagv2_eth_5m,1780653000000000,13.979708531805493,1,0.630904875317424,eth-updown-5m-1780652700
poly_sniper_v5_eth_5m_bb_mp_hurst_band_v6,1780653000000000,1.6657567567567568,1,0.74,eth-updown-5m-1780652700
poly_sniper_v5_eth_5m_cloud_vwap_hurstmp_v7_vL,1780653000000000,1.6657567567567568,1,0.74,eth-updown-5m-1780652700
poly_sniper_v5_eth_5m_cloud_ribbon_mp_hurst_v6_vL,1780653000000000,1.6657567567567568,1,0.74,eth-updown-5m-1780652700
poly_sniper_v5_eth_5m_cloud_vwap_hurstmp_v7_vL,1780653300000000,2.931516129032258,1,0.62,eth-updown-5m-1780653000
poly_sniper_v5_eth_5m_cloud_ribbon_mp_hurst_v6,1780653300000000,2.931516129032258,1,0.62,eth-updown-5m-1780653000
poly_sniper_v5_eth_5m_cloud_vwap_hurstmp_v7,1780653300000000,2.931516129032258,1,0.62,eth-updown-5m-1780653000
poly_sniper_v5_eth_5m_cloud_ribbon_mp_hurst_v6_vL,1780653300000000,2.931516129032258,1,0.62,eth-updown-5m-1780653000
poly_sniper_v5_eth_5m_bb_mp_hurst_band_v6_vL,1780653300000000,2.931516129032258,1,0.62,eth-updown-5m-1780653000
poly_sniper_v5_eth_5m_bb_mp_hurst_band_v6,1780653300000000,2.931516129032258,1,0.62,eth-updown-5m-1780653000
poly_fast_taker_lagv2_eth_5m,1780653600000000,-2.173913043478259,0,0.69,eth-updown-5m-1780653300
poly_sniper_v5_eth_5m_lq_ema50_hurst_grandparent_prev15m_v8,1780653600000000,-5.0,0,0.41,eth-updown-5m-1780653300
poly_sniper_v5_eth_5m_lq_ema50_hurst_grandparent_prev15m_v8_vL,1780653600000000,-5.0,0,0.41,eth-updown-5m-1780653300
poly_sniper_v5_eth_5m_l_ema50_hurst_grandparent_v8,1780653600000000,-5.0,0,0.41,eth-updown-5m-1780653300
poly_sniper_v5_eth_5m_l_ema50_hurst_grandparent_V10,1780653600000000,-5.0,0,0.41,eth-updown-5m-1780653300
poly_sniper_v5_eth_5m_lq_ema50_hurst_grandparent_prev15m_v8,1780654500000000,-5.0,0,0.55,eth-updown-5m-1780654200
poly_sniper_v5_eth_5m_ema50_hurst_parent15mrang_v7,1780654500000000,-5.0,0,0.55,eth-updown-5m-1780654200
poly_sniper_v5_eth_5m_l_ema50_hurst_grandparent_v8,1780654500000000,-5.0,0,0.55,eth-updown-5m-1780654200
poly_sniper_v5_eth_5m_ema50_hurst_parent15mrang_v7_vL,1780654500000000,-5.0,0,0.55,eth-updown-5m-1780654200
poly_sniper_v5_eth_5m_lq_ema50_hurst_grandparent_prev15m_v8_vL,1780654500000000,-5.0,0,0.55,eth-updown-5m-1780654200
poly_sniper_v5_eth_5m_l_ema50_hurst_grandparent_V10,1780654500000000,-5.0,0,0.55,eth-updown-5m-1780654200
poly_sniper_v5_eth_5m_ema200_vwap_regimerang_xa3_v7,1780654500000000,2.0378571428571433,1,0.7,eth-updown-5m-1780654200
poly_sniper_v5_eth_5m_cloud_vwap_hurstmp_v7,1780654500000000,5.680565217391305,1,0.45999999999999996,eth-updown-5m-1780654200
poly_sniper_v5_eth_5m_cloud_vwap_hurstmp_v7_vL,1780654500000000,5.680565217391305,1,0.45999999999999996,eth-updown-5m-1780654200
poly_sniper_v5_eth_5m_lq_ema50_hurst_grandparent_prev15m_v8_vL,1780654800000000,1.4130064935064934,1,0.77,eth-updown-5m-1780654500
poly_sniper_v5_eth_5m_v6c3_parent15mrang_v7,1780654800000000,1.4130064935064934,1,0.77,eth-updown-5m-1780654500
poly_sniper_v5_eth_5m_l_ema50_hurst_grandparent_V10,1780654800000000,1.4130064935064934,1,0.77,eth-updown-5m-1780654500
poly_sniper_v5_eth_5m_bb_mp_hurst_band_v6,1780654800000000,1.4130064935064934,1,0.77,eth-updown-5m-1780654500
poly_sniper_v5_eth_5m_cloud_vwap_hurstmp_v7,1780654800000000,1.4130064935064934,1,0.77,eth-updown-5m-1780654500
poly_sniper_v5_eth_5m_ema50_hurst_parent15mrang_v7_vL,1780654800000000,1.4130064935064934,1,0.77,eth-updown-5m-1780654500
poly_sniper_v5_eth_5m_lq_ema50_hurst_grandparent_prev15m_v8,1780654800000000,1.4130064935064934,1,0.77,eth-updown-5m-1780654500
poly_sniper_v5_eth_5m_cloud_ribbon_mp_hurst_v6_vL,1780654800000000,1.4130064935064934,1,0.77,eth-updown-5m-1780654500
poly_sniper_v5_eth_5m_cloud_vwap_hurstmp_v7_vL,1780654800000000,1.4130064935064934,1,0.77,eth-updown-5m-1780654500
poly_sniper_v5_eth_5m_l_ema50_hurst_grandparent_v8,1780654800000000,1.4130064935064934,1,0.77,eth-updown-5m-1780654500
poly_sniper_v5_eth_5m_bb_mp_hurst_band_v6_vL,1780654800000000,1.4130064935064934,1,0.77,eth-updown-5m-1780654500
poly_sniper_v5_eth_5m_ema200_vwap_regimerang_xa3_v7,1780654800000000,1.33325641025641,1,0.78,eth-updown-5m-1780654500
poly_sniper_v5_eth_5m_v6c3_parent15mrang_v7_vL,1780654800000000,1.4130064935064934,1,0.77,eth-updown-5m-1780654500
poly_sniper_v5_eth_5m_cloud_ribbon_mp_hurst_v6,1780654800000000,1.4130064935064934,1,0.77,eth-updown-5m-1780654500
poly_sniper_v5_eth_5m_ema50_hurst_parent15mrang_v7,1780654800000000,1.4130064935064934,1,0.77,eth-updown-5m-1780654500
poly_sniper_v5_eth_5m_ema50_hurst_parent15mrang_v7_vL,1780655400000000,1.7548150684931507,1,0.73,eth-updown-5m-1780655100
poly_sniper_v5_eth_5m_ema50_hurst_parent15mrang_v7,1780655400000000,1.7548150684931507,1,0.73,eth-updown-5m-1780655100
poly_sniper_v5_eth_5m_bb_mp_hurst_band_v6_vL,1780655700000000,1.4130064935064934,1,0.77,eth-updown-5m-1780655400
poly_sniper_v5_eth_5m_ema50_hurst_parent15mrang_v7,1780655700000000,1.4130064935064934,1,0.77,eth-updown-5m-1780655400
poly_sniper_v5_eth_5m_v6c3_parent15mrang_v7_vL,1780655700000000,1.4130064935064934,1,0.77,eth-updown-5m-1780655400
poly_sniper_v5_eth_5m_cloud_ribbon_mp_hurst_v6_vL,1780655700000000,1.4130064935064934,1,0.77,eth-updown-5m-1780655400
poly_fast_taker_b2_nomerge_eth_5m,1780655700000000,0.8805797101449279,1,0.69,eth-updown-5m-1780655400
poly_sniper_v5_eth_5m_cloud_vwap_hurstmp_v7,1780655700000000,1.4130064935064934,1,0.77,eth-updown-5m-1780655400
poly_sniper_v5_eth_5m_v6c3_parent15mrang_v7,1780655700000000,1.4130064935064934,1,0.77,eth-updown-5m-1780655400
poly_sniper_v5_eth_5m_cloud_vwap_hurstmp_v7_vL,1780655700000000,1.4130064935064934,1,0.77,eth-updown-5m-1780655400
poly_sniper_v5_eth_5m_cloud_ribbon_mp_hurst_v6,1780655700000000,1.4130064935064934,1,0.77,eth-updown-5m-1780655400
poly_sniper_v5_eth_5m_bb_mp_hurst_band_v6,1780655700000000,1.4130064935064934,1,0.77,eth-updown-5m-1780655400
poly_sniper_v5_eth_5m_ema50_hurst_parent15mrang_v7_vL,1780655700000000,1.4130064935064934,1,0.77,eth-updown-5m-1780655400
poly_fast_taker_lagv2_eth_5m,1780655700000000,9.57926323728424,1,0.712612260835611,eth-updown-5m-1780655400
poly_fast_taker_lagv2_eth_5m,1780656000000000,15.966666666666667,1,0.6,eth-updown-5m-1780655700
poly_sniper_v5_eth_5m_ema50_hurst_parent15mrang_v7_vL,1780656000000000,2.931516129032258,1,0.62,eth-updown-5m-1780655700
poly_sniper_v5_eth_5m_l_ema50_hurst_grandparent_v8,1780656000000000,2.931516129032258,1,0.62,eth-updown-5m-1780655700
poly_sniper_v5_eth_5m_l_ema50_hurst_grandparent_V10,1780656000000000,2.931516129032258,1,0.62,eth-updown-5m-1780655700
poly_sniper_v5_eth_5m_ema50_hurst_parent15mrang_v7,1780656000000000,2.931516129032258,1,0.62,eth-updown-5m-1780655700
poly_sniper_v5_eth_5m_lq_ema50_hurst_grandparent_prev15m_v8,1780656000000000,2.931516129032258,1,0.62,eth-updown-5m-1780655700
poly_sniper_v5_eth_5m_lq_ema50_hurst_grandparent_prev15m_v8_vL,1780656000000000,2.931516129032258,1,0.62,eth-updown-5m-1780655700
poly_sniper_v5_eth_5m_cloud_ribbon_mp_hurst_v6,1780656300000000,1.6657567567567568,1,0.74,eth-updown-5m-1780656000
poly_sniper_v5_eth_5m_cloud_vwap_hurstmp_v7_vL,1780656300000000,1.6657567567567568,1,0.74,eth-updown-5m-1780656000
poly_sniper_v5_eth_5m_v6c3_parent15mrang_v7,1780656300000000,1.6657567567567568,1,0.74,eth-updown-5m-1780656000
poly_sniper_v5_eth_5m_v6c3_parent15mrang_v7_vL,1780656300000000,1.6657567567567568,1,0.74,eth-updown-5m-1780656000
poly_sniper_v5_eth_5m_bb_mp_hurst_band_v6_vL,1780656300000000,1.6657567567567568,1,0.74,eth-updown-5m-1780656000
poly_sniper_v5_eth_5m_bb_mp_hurst_band_v6,1780656300000000,1.6657567567567568,1,0.74,eth-updown-5m-1780656000
poly_sniper_v5_eth_5m_cloud_ribbon_mp_hurst_v6_vL,1780656300000000,1.6657567567567568,1,0.74,eth-updown-5m-1780656000
poly_sniper_v5_eth_5m_ema50_hurst_parent15mrang_v7_vL,1780656300000000,1.6657567567567568,1,0.74,eth-updown-5m-1780656000
poly_fast_taker_b2_nomerge_eth_5m,1780656300000000,0.5854545454545454,1,0.77,eth-updown-5m-1780656000
poly_sniper_v5_eth_5m_ema50_hurst_parent15mrang_v7,1780656300000000,1.6657567567567568,1,0.74,eth-updown-5m-1780656000
poly_sniper_v5_eth_5m_ema200_vwap_regimerang_xa3_v7,1780656300000000,-5.0,0,0.32,eth-updown-5m-1780656000
poly_fast_taker_lagv2_eth_5m,1780656300000000,9.232222222222223,1,0.72,eth-updown-5m-1780656000
poly_sniper_v5_eth_5m_cloud_vwap_hurstmp_v7,1780656300000000,1.6657567567567568,1,0.74,eth-updown-5m-1780656000
poly_fast_taker_lagv2_eth_5m,1780657800000000,-4.232352941176475,0,0.68,eth-updown-5m-1780657500
poly_sniper_v5_eth_5m_v6c3_parent15mrang_v7,1780657500000000,1.7548150684931507,1,0.73,eth-updown-5m-1780657200
poly_sniper_v5_eth_5m_ema50_hurst_parent15mrang_v7_vL,1780657500000000,1.7548150684931507,1,0.73,eth-updown-5m-1780657200
poly_sniper_v5_eth_5m_cloud_ribbon_mp_hurst_v6,1780657500000000,1.7548150684931507,1,0.73,eth-updown-5m-1780657200
poly_sniper_v5_eth_5m_cloud_ribbon_mp_hurst_v6_vL,1780657500000000,1.7548150684931507,1,0.73,eth-updown-5m-1780657200
poly_sniper_v5_eth_5m_v6c3_parent15mrang_v7_vL,1780657500000000,1.7548150684931507,1,0.73,eth-updown-5m-1780657200
poly_sniper_v5_eth_5m_ema50_hurst_parent15mrang_v7,1780657500000000,1.7548150684931507,1,0.73,eth-updown-5m-1780657200
poly_sniper_v5_eth_5m_bb_mp_hurst_band_v6,1780657500000000,1.7548150684931507,1,0.73,eth-updown-5m-1780657200
poly_sniper_v5_eth_5m_cloud_vwap_hurstmp_v7_vL,1780657500000000,1.7548150684931507,1,0.73,eth-updown-5m-1780657200
poly_sniper_v5_eth_5m_l_ema50_hurst_grandparent_v8,1780657500000000,1.7548150684931507,1,0.73,eth-updown-5m-1780657200
poly_sniper_v5_eth_5m_cloud_vwap_hurstmp_v7,1780657500000000,1.7548150684931507,1,0.73,eth-updown-5m-1780657200
poly_sniper_v5_eth_5m_bb_mp_hurst_band_v6_vL,1780657500000000,1.7548150684931507,1,0.73,eth-updown-5m-1780657200
poly_sniper_v5_eth_5m_v6c3_parent15mrang_v7,1780657800000000,3.7745714285714276,1,0.56,eth-updown-5m-1780657500
poly_sniper_v5_eth_5m_ema50_hurst_parent15mrang_v7,1780657800000000,3.7745714285714276,1,0.56,eth-updown-5m-1780657500
poly_sniper_v5_eth_5m_ema50_hurst_parent15mrang_v7_vL,1780657800000000,3.7745714285714276,1,0.56,eth-updown-5m-1780657500
poly_sniper_v5_eth_5m_l_ema50_hurst_grandparent_V10,1780657800000000,3.7745714285714276,1,0.56,eth-updown-5m-1780657500
poly_sniper_v5_eth_5m_bb_mp_hurst_band_v6_vL,1780657800000000,3.7745714285714276,1,0.56,eth-updown-5m-1780657500
poly_sniper_v5_eth_5m_l_ema50_hurst_grandparent_v8,1780657800000000,3.7745714285714276,1,0.56,eth-updown-5m-1780657500
poly_sniper_v5_eth_5m_bb_mp_hurst_band_v6,1780657800000000,3.7745714285714276,1,0.56,eth-updown-5m-1780657500
poly_sniper_v5_eth_5m_v6c3_parent15mrang_v7_vL,1780657800000000,3.7745714285714276,1,0.56,eth-updown-5m-1780657500
poly_sniper_v5_eth_5m_cloud_vwap_hurstmp_v7,1780657800000000,3.7745714285714276,1,0.56,eth-updown-5m-1780657500
poly_sniper_v5_eth_5m_cloud_vwap_hurstmp_v7_vL,1780657800000000,3.7745714285714276,1,0.56,eth-updown-5m-1780657500
poly_sniper_v5_eth_5m_cloud_ribbon_mp_hurst_v6,1780657800000000,3.7745714285714276,1,0.56,eth-updown-5m-1780657500
poly_sniper_v5_eth_5m_ema200_vwap_regimerang_xa3_v7,1780657800000000,4.5255979983490935,1,0.5157247392184338,eth-updown-5m-1780657500
poly_sniper_v5_eth_5m_cloud_ribbon_mp_hurst_v6_vL,1780657800000000,3.7745714285714276,1,0.56,eth-updown-5m-1780657500
poly_fast_taker_lagv2_eth_5m,1780658100000000,-10.816781250000002,0,0.6341656757827983,eth-updown-5m-1780657800
poly_sniper_v5_eth_5m_cloud_vwap_hurstmp_v7_vL,1780658100000000,5.025581632653061,1,0.49,eth-updown-5m-1780657800
poly_sniper_v5_eth_5m_bb_mp_hurst_band_v6_vL,1780658100000000,5.025581632653061,1,0.49,eth-updown-5m-1780657800
poly_sniper_v5_eth_5m_ema50_hurst_parent15mrang_v7_vL,1780658100000000,5.025581632653061,1,0.49,eth-updown-5m-1780657800
poly_fast_taker_b2_nomerge_eth_5m,1780658100000000,-2.0,0,0.58,eth-updown-5m-1780657800
poly_sniper_v5_eth_5m_ema50_hurst_parent15mrang_v7_vL,1780658400000000,-5.0,0,0.73,eth-updown-5m-1780658100
poly_sniper_v5_eth_5m_v6c3_parent15mrang_v7_vL,1780658400000000,-5.0,0,0.73,eth-updown-5m-1780658100
poly_sniper_v5_eth_5m_ema200_vwap_regimerang_xa3_v7,1780658400000000,3.621429824561404,1,0.57,eth-updown-5m-1780658100
poly_sniper_v5_eth_5m_bb_mp_hurst_band_v6_vL,1780658400000000,-5.0,0,0.73,eth-updown-5m-1780658100
poly_sniper_v5_eth_5m_cloud_vwap_hurstmp_v7_vL,1780658400000000,-5.0,0,0.73,eth-updown-5m-1780658100
poly_sniper_v5_eth_5m_cloud_ribbon_mp_hurst_v6_vL,1780658400000000,-5.0,0,0.73,eth-updown-5m-1780658100
poly_sniper_v5_eth_5m_cloud_ribbon_mp_hurst_v6_vL,1780658700000000,-5.0,0,0.68,eth-updown-5m-1780658400
poly_sniper_v5_eth_5m_cloud_ribbon_mp_hurst_v6,1780658700000000,-5.0,0,0.68,eth-updown-5m-1780658400
poly_sniper_v5_eth_5m_bb_mp_hurst_band_v6,1780658700000000,-5.0,0,0.68,eth-updown-5m-1780658400
poly_sniper_v5_eth_5m_cloud_vwap_hurstmp_v7,1780658700000000,-5.0,0,0.68,eth-updown-5m-1780658400
poly_sniper_v5_eth_5m_bb_mp_hurst_band_v6_vL,1780658700000000,-5.0,0,0.68,eth-updown-5m-1780658400
poly_sniper_v5_eth_5m_cloud_vwap_hurstmp_v7_vL,1780658700000000,-5.0,0,0.68,eth-updown-5m-1780658400
poly_fast_taker_lagv2_eth_5m,1780659600000000,-10.57659295774648,0,0.71,eth-updown-5m-1780659300
poly_fast_taker_lagv2_eth_5m,1780660800000000,-20.590455172413794,0,0.58,eth-updown-5m-1780660500
poly_sniper_v5_eth_5m_ema200_vwap_regimerang_xa3_v7,1780661100000000,3.621429824561404,1,0.57,eth-updown-5m-1780660800
poly_fast_taker_b2_nomerge_eth_5m,1780661100000000,-2.0,0,0.63,eth-updown-5m-1780660800
poly_fast_taker_lagv2_eth_5m,1780661400000000,12.849038461538461,1,0.65,eth-updown-5m-1780661100
poly_fast_taker_b2_nomerge_eth_5m,1780661400000000,1.0553846153846151,1,0.65,eth-updown-5m-1780661100
poly_sniper_v5_eth_5m_cloud_vwap_hurstmp_v7_vL,1780661700000000,-5.0,0,0.6,eth-updown-5m-1780661400
poly_sniper_v5_eth_5m_bb_mp_hurst_band_v6,1780661700000000,-5.0,0,0.6,eth-updown-5m-1780661400
poly_sniper_v5_eth_5m_cloud_vwap_hurstmp_v7,1780661700000000,-5.0,0,0.6,eth-updown-5m-1780661400
poly_sniper_v5_eth_5m_bb_mp_hurst_band_v6_vL,1780661700000000,-5.0,0,0.6,eth-updown-5m-1780661400
poly_sniper_v5_eth_5m_cloud_ribbon_mp_hurst_v6,1780661700000000,-5.0,0,0.6,eth-updown-5m-1780661400
poly_fast_taker_b2_nomerge_eth_5m,1780661700000000,1.201290322580645,1,0.62,eth-updown-5m-1780661400
poly_sniper_v5_eth_5m_up_a2_hlcascade25k_v9,1780661700000000,-5.0,0,0.51,eth-updown-5m-1780661400
poly_sniper_v5_eth_5m_cloud_ribbon_mp_hurst_v6_vL,1780661700000000,-5.0,0,0.6,eth-updown-5m-1780661400
poly_fast_taker_lagv2_eth_5m,1780662000000000,9.232222222222223,1,0.72,eth-updown-5m-1780661700
poly_fast_taker_b2_nomerge_eth_5m,1780662000000000,1.0553846153846151,1,0.65,eth-updown-5m-1780661700
poly_sniper_v5_eth_5m_lq_ema50_hurst_grandparent_prev15m_v8_vL,1780662300000000,-5.0,0,0.8700000000000001,eth-updown-5m-1780662000
poly_fast_taker_lagv2_eth_5m,1780664100000000,-10.7375,0,0.64,eth-updown-5m-1780663800
poly_fast_taker_lagv2_eth_5m,1780664400000000,-14.753750000000002,0,0.64,eth-updown-5m-1780664100
poly_fast_taker_b2_nomerge_eth_5m,1780664700000000,0.8805797101449279,1,0.69,eth-updown-5m-1780664400
poly_fast_taker_lagv2_eth_5m,1780664700000000,10.689384057971017,1,0.69,eth-updown-5m-1780664400
poly_fast_taker_b2_nomerge_eth_5m,1780665000000000,-2.0,0,0.62,eth-updown-5m-1780664700
poly_sniper_v5_eth_5m_ema200_vwap_regimerang_xa3_v7,1780665000000000,2.456757575757575,1,0.66,eth-updown-5m-1780664700
poly_fast_taker_lagv2_eth_5m,1780665300000000,-9.545454545454547,0,0.55,eth-updown-5m-1780665000
poly_fast_taker_lagv2_eth_5m,1780666200000000,-10.546875,0,0.64,eth-updown-5m-1780665900
poly_fast_taker_lagv2_eth_5m,1780666800000000,-9.904301639344265,0,0.61,eth-updown-5m-1780666500
poly_sniper_v5_eth_5m_cloud_ribbon_mp_hurst_v6_vL,1780666500000000,-5.0,0,0.72,eth-updown-5m-1780666200
poly_sniper_v5_eth_5m_cloud_vwap_hurstmp_v7_vL,1780666500000000,-5.0,0,0.72,eth-updown-5m-1780666200
poly_sniper_v5_eth_5m_cloud_ribbon_mp_hurst_v6,1780666500000000,-5.0,0,0.72,eth-updown-5m-1780666200
poly_sniper_v5_eth_5m_cloud_vwap_hurstmp_v7,1780666500000000,-5.0,0,0.72,eth-updown-5m-1780666200
poly_sniper_v5_eth_5m_bb_mp_hurst_band_v6_vL,1780666500000000,-5.0,0,0.72,eth-updown-5m-1780666200
poly_sniper_v5_eth_5m_bb_mp_hurst_band_v6,1780666500000000,-5.0,0,0.72,eth-updown-5m-1780666200
poly_fast_taker_lagv2_eth_5m,1780667100000000,-0.4166666666666671,0,0.6,eth-updown-5m-1780666800
poly_fast_taker_b2_nomerge_eth_5m,1780666800000000,1.2531147540983607,1,0.61,eth-updown-5m-1780666500
poly_sniper_v5_eth_5m_up_a2_hlcascade25k_v9,1780667100000000,-5.0,0,0.6,eth-updown-5m-1780666800
poly_fast_taker_b2_nomerge_eth_5m,1780667100000000,-2.0,0,0.6,eth-updown-5m-1780666800
poly_fast_taker_lagv2_eth_5m,1780667400000000,18.87285714285714,1,0.56,eth-updown-5m-1780667100
poly_fast_taker_b2_nomerge_eth_5m,1780667400000000,-2.0,0,0.52,eth-updown-5m-1780667100
poly_fast_taker_b2_nomerge_eth_5m,1780667700000000,-2.0,0,0.58,eth-updown-5m-1780667400
poly_fast_taker_b2_nomerge_eth_5m,1780668000000000,-2.0,0,0.65,eth-updown-5m-1780667700
poly_fast_taker_b2_nomerge_eth_5m,1780668300000000,-2.0,0,0.6519484368054528,eth-updown-5m-1780668000
poly_fast_taker_lagv2_eth_5m,1780668600000000,-7.250864516129034,0,0.62,eth-updown-5m-1780668300
poly_sniper_v5_eth_5m_l_ema50_hurst_grandparent_v8,1780668600000000,-5.0,0,0.45999999999999996,eth-updown-5m-1780668300
poly_fast_taker_b2_nomerge_eth_5m,1780668600000000,1.362033898305085,1,0.59,eth-updown-5m-1780668300
poly_sniper_v5_eth_5m_l_ema50_hurst_grandparent_v8,1780668900000000,1.2556139240506328,1,0.79,eth-updown-5m-1780668600
poly_sniper_v5_eth_5m_lq_ema50_hurst_grandparent_prev15m_v8,1780668900000000,1.2556139240506328,1,0.79,eth-updown-5m-1780668600
poly_sniper_v5_eth_5m_lq_ema50_hurst_grandparent_prev15m_v8_vL,1780668900000000,1.2556139240506328,1,0.79,eth-updown-5m-1780668600
poly_fast_taker_b2_nomerge_eth_5m,1780668900000000,2.04,1,0.49,eth-updown-5m-1780668600
poly_fast_taker_lagv2_eth_5m,1780669200000000,-7.1469696969696965,0,0.66,eth-updown-5m-1780668900
poly_fast_taker_lagv2_eth_5m,1780669500000000,-6.244284375,0,0.6290816587310637,eth-updown-5m-1780669200
poly_sniper_v5_eth_5m_cloud_vwap_hurstmp_v7,1780669200000000,-5.0,0,0.74,eth-updown-5m-1780668900
poly_sniper_v5_eth_5m_cloud_vwap_hurstmp_v7_vL,1780669200000000,-5.0,0,0.74,eth-updown-5m-1780668900
poly_sniper_v5_eth_5m_bb_mp_hurst_band_v6_vL,1780669200000000,-5.0,0,0.74,eth-updown-5m-1780668900
poly_sniper_v5_eth_5m_cloud_ribbon_mp_hurst_v6_vL,1780669200000000,-5.0,0,0.74,eth-updown-5m-1780668900
poly_fast_taker_b2_nomerge_eth_5m,1780669200000000,-2.0,0,0.56,eth-updown-5m-1780668900
poly_sniper_v5_eth_5m_bb_mp_hurst_band_v6,1780669200000000,-5.0,0,0.74,eth-updown-5m-1780668900
poly_sniper_v5_eth_5m_cloud_ribbon_mp_hurst_v6,1780669200000000,-5.0,0,0.74,eth-updown-5m-1780668900
poly_fast_taker_b2_nomerge_eth_5m,1780669500000000,-2.0,0,0.62,eth-updown-5m-1780669200
poly_sniper_v5_eth_5m_bb_mp_hurst_band_v6_vL,1780669500000000,-5.0,0,0.56,eth-updown-5m-1780669200
poly_sniper_v5_eth_5m_cloud_vwap_hurstmp_v7,1780669500000000,-5.0,0,0.56,eth-updown-5m-1780669200
poly_sniper_v5_eth_5m_cloud_vwap_hurstmp_v7_vL,1780669500000000,-5.0,0,0.56,eth-updown-5m-1780669200
poly_sniper_v5_eth_5m_bb_mp_hurst_band_v6,1780669500000000,-5.0,0,0.56,eth-updown-5m-1780669200
poly_sniper_v5_eth_5m_cloud_vwap_hurstmp_v7_vL,1780669800000000,3.1905634342610565,1,0.6002046599496221,eth-updown-5m-1780669500
poly_sniper_v5_eth_5m_bb_mp_hurst_band_v6_vL,1780669800000000,3.1905634342610565,1,0.6002046599496221,eth-updown-5m-1780669500
poly_sniper_v5_eth_5m_cloud_vwap_hurstmp_v7,1780669800000000,3.1905634342610565,1,0.6002046599496221,eth-updown-5m-1780669500
poly_sniper_v5_eth_5m_lq_ema50_hurst_grandparent_prev15m_v8_vL,1780669800000000,3.1905634342610565,1,0.6002046599496221,eth-updown-5m-1780669500
poly_sniper_v5_eth_5m_l_ema50_hurst_grandparent_v8,1780669800000000,3.1905634342610565,1,0.6002046599496221,eth-updown-5m-1780669500
poly_sniper_v5_eth_5m_lq_ema50_hurst_grandparent_prev15m_v8,1780669800000000,3.1905634342610565,1,0.6002046599496221,eth-updown-5m-1780669500
poly_sniper_v5_eth_5m_cloud_ribbon_mp_hurst_v6,1780669800000000,3.1905634342610565,1,0.6002046599496221,eth-updown-5m-1780669500
poly_sniper_v5_eth_5m_bb_mp_hurst_band_v6,1780669800000000,3.1905634342610565,1,0.6002046599496221,eth-updown-5m-1780669500
poly_sniper_v5_eth_5m_l_ema50_hurst_grandparent_V10,1780669800000000,3.1905634342610565,1,0.6002046599496221,eth-updown-5m-1780669500
poly_sniper_v5_eth_5m_cloud_ribbon_mp_hurst_v6_vL,1780669800000000,3.1905634342610565,1,0.6002046599496221,eth-updown-5m-1780669500
poly_fast_taker_lagv2_eth_5m,1780670100000000,-5.000000000000003,0,0.6,eth-updown-5m-1780669800
poly_fast_taker_lagv2_eth_5m,1780670400000000,-7.506620689655171,0,0.58,eth-updown-5m-1780670100
poly_fast_taker_lagv2_eth_5m,1780670700000000,-4.480545454545454,0,0.55,eth-updown-5m-1780670400
poly_fast_taker_b2_nomerge_eth_5m,1780670400000000,-2.0,0,0.58,eth-updown-5m-1780670100
poly_sniper_v5_eth_5m_a2_hlcascade50k_v9,1780670700000000,-5.0,0,0.57,eth-updown-5m-1780670400
poly_sniper_v5_eth_5m_up_a2_hlcascade25k_v9,1780670700000000,-5.0,0,0.57,eth-updown-5m-1780670400
poly_sniper_v5_eth_5m_ema200_vwap_regimerang_xa3_v7,1780670700000000,5.452797872340425,1,0.47000000000000003,eth-updown-5m-1780670400
poly_sniper_v5_eth_5m_cloud_ribbon_mp_hurst_v6_vL,1780671000000000,-5.0,0,0.82,eth-updown-5m-1780670700
poly_fast_taker_b2_nomerge_eth_5m,1780671000000000,-2.0,0,0.58,eth-updown-5m-1780670700
poly_sniper_v5_eth_5m_cloud_ribbon_mp_hurst_v6,1780671000000000,-5.0,0,0.82,eth-updown-5m-1780670700
poly_fast_taker_lagv2_eth_5m,1780671600000000,-6.510866666666667,0,0.6,eth-updown-5m-1780671300
poly_sniper_v5_eth_5m_bb_mp_hurst_band_v6,1780671300000000,-5.0,0,0.69,eth-updown-5m-1780671000
poly_sniper_v5_eth_5m_cloud_vwap_hurstmp_v7_vL,1780671300000000,-5.0,0,0.69,eth-updown-5m-1780671000
poly_sniper_v5_eth_5m_ema50_hurst_parent15mrang_v7,1780671300000000,-5.0,0,0.69,eth-updown-5m-1780671000
poly_sniper_v5_eth_5m_bb_mp_hurst_band_v6_vL,1780671300000000,-5.0,0,0.69,eth-updown-5m-1780671000
poly_sniper_v5_eth_5m_v6c3_parent15mrang_v7_vL,1780671300000000,-5.0,0,0.69,eth-updown-5m-1780671000
poly_sniper_v5_eth_5m_up_a2_hlcascade25k_v9,1780671300000000,-5.0,0,0.35,eth-updown-5m-1780671000
poly_sniper_v5_eth_5m_cloud_ribbon_mp_hurst_v6_vL,1780671300000000,-5.0,0,0.69,eth-updown-5m-1780671000
poly_sniper_v5_eth_5m_a2_hlcascade50k_v9,1780671300000000,2.456757575757575,1,0.66,eth-updown-5m-1780671000
poly_sniper_v5_eth_5m_cloud_vwap_hurstmp_v7,1780671300000000,-5.0,0,0.69,eth-updown-5m-1780671000
poly_sniper_v5_eth_5m_a2_hlcascade50k_v9,1780671300000000,-5.0,0,0.35,eth-updown-5m-1780671000
poly_sniper_v5_eth_5m_cloud_ribbon_mp_hurst_v6,1780671300000000,-5.0,0,0.69,eth-updown-5m-1780671000
poly_sniper_v5_eth_5m_v6c3_parent15mrang_v7,1780671300000000,-5.0,0,0.69,eth-updown-5m-1780671000
poly_sniper_v5_eth_5m_ema50_hurst_parent15mrang_v7_vL,1780671300000000,-5.0,0,0.69,eth-updown-5m-1780671000
poly_fast_taker_lagv2_eth_5m,1780671900000000,-8.48214285714286,0,0.56,eth-updown-5m-1780671600
poly_sniper_v5_eth_5m_ema50_hurst_parent15mrang_v7_vL,1780671600000000,4.825,1,0.5,eth-updown-5m-1780671300
poly_fast_taker_b2_nomerge_eth_5m,1780671600000000,1.8092307692307688,1,0.52,eth-updown-5m-1780671300
poly_sniper_v5_eth_5m_ema50_hurst_parent15mrang_v7,1780671600000000,4.825,1,0.5,eth-updown-5m-1780671300
poly_sniper_v5_eth_5m_ema50_hurst_parent15mrang_v7_vL,1780671900000000,1.1063395061728392,1,0.81,eth-updown-5m-1780671600
poly_sniper_v5_eth_5m_lq_ema50_hurst_grandparent_prev15m_v8_vL,1780671900000000,1.1063395061728392,1,0.81,eth-updown-5m-1780671600
poly_sniper_v5_eth_5m_l_ema50_hurst_grandparent_V10,1780671900000000,1.1063395061728392,1,0.81,eth-updown-5m-1780671600
poly_fast_taker_b2_nomerge_eth_5m,1780671900000000,1.6696296296296291,1,0.54,eth-updown-5m-1780671600
poly_sniper_v5_eth_5m_lq_ema50_hurst_grandparent_prev15m_v8,1780671900000000,1.1063395061728392,1,0.81,eth-updown-5m-1780671600
poly_sniper_v5_eth_5m_cloud_mp_sms_active_off120,1780671900000000,-5.0,0,0.3036053130929791,eth-updown-5m-1780671600
poly_sniper_v5_eth_5m_ema50_hurst_parent15mrang_v7,1780671900000000,1.1063395061728392,1,0.81,eth-updown-5m-1780671600
poly_sniper_v5_eth_5m_l_ema50_hurst_grandparent_v8,1780671900000000,1.1063395061728392,1,0.81,eth-updown-5m-1780671600
poly_sniper_v5_eth_5m_ema200_vwap_regimerang_xa3_v7,1780671900000000,-5.0,0,0.38786340156203164,eth-updown-5m-1780671600
poly_fast_taker_lagv2_eth_5m,1780672500000000,-6.578947368421051,0,0.57,eth-updown-5m-1780672200
poly_sniper_v5_eth_5m_lq_ema50_hurst_grandparent_prev15m_v8,1780672200000000,0.9645963855421689,1,0.83,eth-updown-5m-1780671900
poly_sniper_v5_eth_5m_cloud_ribbon_mp_hurst_v6_vL,1780672200000000,0.9645963855421689,1,0.83,eth-updown-5m-1780671900
poly_sniper_v5_eth_5m_l_ema50_hurst_grandparent_v8,1780672200000000,0.9645963855421689,1,0.83,eth-updown-5m-1780671900
poly_sniper_v5_eth_5m_v6c3_parent15mrang_v7,1780672200000000,0.9645963855421689,1,0.83,eth-updown-5m-1780671900
poly_sniper_v5_eth_5m_lq_ema50_hurst_grandparent_prev15m_v8_vL,1780672200000000,0.9645963855421689,1,0.83,eth-updown-5m-1780671900
poly_sniper_v5_eth_5m_a2_hlcascade50k_v9,1780672200000000,2.2409411764705878,1,0.68,eth-updown-5m-1780671900
poly_sniper_v5_eth_5m_ema50_hurst_parent15mrang_v7,1780672200000000,0.9645963855421689,1,0.83,eth-updown-5m-1780671900
poly_fast_taker_b2_nomerge_eth_5m,1780672200000000,1.3066666666666669,1,0.6,eth-updown-5m-1780671900
poly_sniper_v5_eth_5m_l_ema50_hurst_grandparent_V10,1780672200000000,0.9645963855421689,1,0.83,eth-updown-5m-1780671900
poly_fast_taker_lagv2_eth_5m,1780672200000000,15.966666666666667,1,0.6,eth-updown-5m-1780671900
poly_sniper_v5_eth_5m_v6c3_parent15mrang_v7_vL,1780672200000000,0.9645963855421689,1,0.83,eth-updown-5m-1780671900
poly_sniper_v5_eth_5m_up_a2_hlcascade25k_v9,1780672200000000,-5.0,0,0.33,eth-updown-5m-1780671900
poly_sniper_v5_eth_5m_a2_hlcascade50k_v9,1780672200000000,-5.0,0,0.33,eth-updown-5m-1780671900
poly_sniper_v5_eth_5m_cloud_ribbon_mp_hurst_v6,1780672200000000,0.9645963855421689,1,0.83,eth-updown-5m-1780671900
poly_sniper_v5_eth_5m_ema50_hurst_parent15mrang_v7_vL,1780672200000000,0.9645963855421689,1,0.83,eth-updown-5m-1780671900
poly_sniper_v5_eth_5m_cloud_mp_sms_active_off120,1780672200000000,-5.0,0,0.18,eth-updown-5m-1780671900
poly_sniper_v5_eth_5m_l_ema50_hurst_grandparent_v8,1780672500000000,3.3310762711864412,1,0.59,eth-updown-5m-1780672200
poly_sniper_v5_eth_5m_lq_ema50_hurst_grandparent_prev15m_v8_vL,1780672500000000,3.3310762711864412,1,0.59,eth-updown-5m-1780672200
poly_sniper_v5_eth_5m_ema50_hurst_parent15mrang_v7,1780672500000000,3.3310762711864412,1,0.59,eth-updown-5m-1780672200
poly_sniper_v5_eth_5m_lq_ema50_hurst_grandparent_prev15m_v8,1780672500000000,3.3310762711864412,1,0.59,eth-updown-5m-1780672200
poly_fast_taker_b2_nomerge_eth_5m,1780672500000000,1.4785964912280705,1,0.57,eth-updown-5m-1780672200
poly_sniper_v5_eth_5m_ema50_hurst_parent15mrang_v7_vL,1780672500000000,3.3310762711864412,1,0.59,eth-updown-5m-1780672200
poly_sniper_v5_eth_5m_bb_mp_hurst_band_v6_vL,1780672800000000,-5.0,0,0.69,eth-updown-5m-1780672500
poly_sniper_v5_eth_5m_l_ema50_hurst_grandparent_v8,1780672800000000,-5.0,0,0.69,eth-updown-5m-1780672500
poly_fast_taker_b2_nomerge_eth_5m,1780672800000000,-2.0,0,0.58,eth-updown-5m-1780672500
poly_sniper_v5_eth_5m_ema50_hurst_parent15mrang_v7,1780672800000000,-5.0,0,0.69,eth-updown-5m-1780672500
poly_sniper_v5_eth_5m_ema50_hurst_parent15mrang_v7_vL,1780672800000000,-5.0,0,0.69,eth-updown-5m-1780672500
poly_sniper_v5_eth_5m_bb_mp_hurst_band_v6,1780672800000000,-5.0,0,0.69,eth-updown-5m-1780672500
poly_sniper_v5_eth_5m_lq_ema50_hurst_grandparent_prev15m_v8,1780673100000000,-5.0,0,0.83,eth-updown-5m-1780672800
poly_sniper_v5_eth_5m_a2_hlcascade50k_v9,1780673100000000,7.29,1,0.4,eth-updown-5m-1780672800
poly_sniper_v5_eth_5m_a2_hlcascade50k_v9,1780673100000000,-4.999999999999999,0,0.61,eth-updown-5m-1780672800
poly_sniper_v5_eth_5m_up_a2_hlcascade25k_v9,1780673100000000,7.29,1,0.4,eth-updown-5m-1780672800
poly_sniper_v5_eth_5m_l_ema50_hurst_grandparent_v8,1780673100000000,-5.0,0,0.83,eth-updown-5m-1780672800
poly_sniper_v5_eth_5m_lq_ema50_hurst_grandparent_prev15m_v8_vL,1780673100000000,-5.0,0,0.83,eth-updown-5m-1780672800
poly_fast_taker_b2_nomerge_eth_5m,1780673100000000,1.9592313725490194,1,0.500098058442832,eth-updown-5m-1780672800
poly_fast_taker_lagv2_eth_5m,1780673400000000,-9.482758620689655,0,0.58,eth-updown-5m-1780673100
poly_sniper_v5_eth_5m_a2_hlcascade50k_v9,1780673400000000,9.058214285714287,1,0.35,eth-updown-5m-1780673100
poly_sniper_v5_eth_5m_a2_hlcascade50k_v9,1780673400000000,-5.0,0,0.66,eth-updown-5m-1780673100
poly_sniper_v5_eth_5m_up_a2_hlcascade25k_v9,1780673400000000,-5.0,0,0.66,eth-updown-5m-1780673100
poly_sniper_v5_eth_5m_a2_hlcascade50k_v9,1780673700000000,3.621429824561404,1,0.57,eth-updown-5m-1780673400
poly_fast_taker_b2_nomerge_eth_5m,1780673700000000,-2.0,0,0.54,eth-updown-5m-1780673400
poly_sniper_v5_eth_5m_up_a2_hlcascade25k_v9,1780673700000000,-5.0,0,0.44117647058823534,eth-updown-5m-1780673400
poly_sniper_v5_eth_5m_a2_hlcascade50k_v9,1780673700000000,-5.0,0,0.44117647058823534,eth-updown-5m-1780673400
poly_sniper_v5_eth_5m_ema50_hurst_parent15mrang_v7_vL,1780674000000000,3.193333333333334,1,0.6,eth-updown-5m-1780673700
poly_sniper_v5_eth_5m_lq_ema50_hurst_grandparent_prev15m_v8,1780674000000000,3.193333333333334,1,0.6,eth-updown-5m-1780673700
poly_sniper_v5_eth_5m_lq_ema50_hurst_grandparent_prev15m_v8_vL,1780674000000000,3.193333333333334,1,0.6,eth-updown-5m-1780673700
poly_sniper_v5_eth_5m_l_ema50_hurst_grandparent_v8,1780674000000000,3.193333333333334,1,0.6,eth-updown-5m-1780673700
poly_sniper_v5_eth_5m_ema50_hurst_parent15mrang_v7,1780674000000000,3.193333333333334,1,0.6,eth-updown-5m-1780673700
poly_sniper_v5_eth_5m_l_ema50_hurst_grandparent_V10,1780674000000000,3.193333333333334,1,0.6,eth-updown-5m-1780673700
poly_fast_taker_b2_nomerge_eth_5m,1780674000000000,-2.0,0,0.58,eth-updown-5m-1780673700
poly_sniper_v5_eth_5m_ema200_vwap_regimerang_xa3_v7,1780674000000000,1.2793444028522114,1,0.7869152920551439,eth-updown-5m-1780673700
poly_sniper_v5_eth_5m_lq_ema50_hurst_grandparent_prev15m_v8_vL,1780674300000000,-5.000000000000001,0,0.54,eth-updown-5m-1780674000
poly_sniper_v5_eth_5m_ema50_hurst_parent15mrang_v7_vL,1780674300000000,-5.000000000000001,0,0.54,eth-updown-5m-1780674000
poly_fast_taker_b2_nomerge_eth_5m,1780674300000000,-2.0,0,0.49,eth-updown-5m-1780674000
poly_sniper_v5_eth_5m_ema50_hurst_parent15mrang_v7,1780674600000000,-5.0,0,0.77,eth-updown-5m-1780674300
poly_sniper_v5_eth_5m_ema50_hurst_parent15mrang_v7_vL,1780674600000000,-5.0,0,0.77,eth-updown-5m-1780674300
poly_sniper_v5_eth_5m_up_a2_hlcascade25k_v9,1780674600000000,13.173532668881505,1,0.2713178294573644,eth-updown-5m-1780674300
poly_sniper_v5_eth_5m_l_ema50_hurst_grandparent_v8,1780674600000000,-5.0,0,0.77,eth-updown-5m-1780674300
poly_sniper_v5_eth_5m_bb_mp_hurst_band_v6,1780674900000000,2.456757575757575,1,0.66,eth-updown-5m-1780674600
poly_sniper_v5_eth_5m_ema50_hurst_parent15mrang_v7,1780674900000000,2.456757575757575,1,0.66,eth-updown-5m-1780674600
poly_sniper_v5_eth_5m_ema200_vwap_regimerang_xa3_v7,1780674900000000,-5.0,0,0.35335689045936397,eth-updown-5m-1780674600
poly_sniper_v5_eth_5m_bb_mp_hurst_band_v6_vL,1780674900000000,2.456757575757575,1,0.66,eth-updown-5m-1780674600
poly_sniper_v5_eth_5m_a2_hlcascade50k_v9,1780674900000000,3.5927558087266753,1,0.571913148086063,eth-updown-5m-1780674600
poly_sniper_v5_eth_5m_a2_hlcascade50k_v9,1780674900000000,-5.0,0,0.44,eth-updown-5m-1780674600
poly_sniper_v5_eth_5m_l_ema50_hurst_grandparent_v8,1780674900000000,2.456757575757575,1,0.66,eth-updown-5m-1780674600
poly_sniper_v5_eth_5m_cloud_vwap_hurstmp_v7,1780674900000000,2.456757575757575,1,0.66,eth-updown-5m-1780674600
poly_sniper_v5_eth_5m_cloud_vwap_hurstmp_v7_vL,1780674900000000,2.456757575757575,1,0.66,eth-updown-5m-1780674600
poly_sniper_v5_eth_5m_ema50_hurst_parent15mrang_v7_vL,1780674900000000,2.456757575757575,1,0.66,eth-updown-5m-1780674600
poly_fast_taker_b2_nomerge_eth_5m,1780674900000000,0.965373134328358,1,0.67,eth-updown-5m-1780674600
poly_sniper_v5_eth_5m_up_a2_hlcascade25k_v9,1780674900000000,-5.0,0,0.44,eth-updown-5m-1780674600
poly_sniper_v5_eth_5m_cloud_vwap_hurstmp_v7_vL,1780675200000000,1.8464444444444446,1,0.72,eth-updown-5m-1780674900
poly_sniper_v5_eth_5m_bb_mp_hurst_band_v6_vL,1780675200000000,1.8464444444444446,1,0.72,eth-updown-5m-1780674900
poly_fast_taker_b2_nomerge_eth_5m,1780675200000000,1.0096969696969698,1,0.66,eth-updown-5m-1780674900
poly_sniper_v5_eth_5m_ema50_hurst_parent15mrang_v7_vL,1780675200000000,1.8464444444444446,1,0.72,eth-updown-5m-1780674900
poly_sniper_v5_eth_5m_v6c3_parent15mrang_v7_vL,1780675200000000,1.8464444444444446,1,0.72,eth-updown-5m-1780674900
poly_sniper_v5_eth_5m_cloud_ribbon_mp_hurst_v6_vL,1780675200000000,1.8464444444444446,1,0.72,eth-updown-5m-1780674900
poly_sniper_v5_eth_5m_l_ema50_hurst_grandparent_V10,1780675500000000,0.3518440860215051,1,0.93,eth-updown-5m-1780675200
poly_sniper_v5_eth_5m_ema50_hurst_parent15mrang_v7_vL,1780675500000000,0.3518440860215051,1,0.93,eth-updown-5m-1780675200
poly_sniper_v5_eth_5m_ema50_hurst_parent15mrang_v7,1780675500000000,0.3518440860215051,1,0.93,eth-updown-5m-1780675200
poly_sniper_v5_eth_5m_l_ema50_hurst_grandparent_v8,1780675500000000,0.3518440860215051,1,0.93,eth-updown-5m-1780675200
poly_fast_taker_b2_nomerge_eth_5m,1780675500000000,1.0553846153846151,1,0.65,eth-updown-5m-1780675200
poly_sniper_v5_eth_5m_bb_mp_hurst_band_V10,1780675800000000,-5.0,0,0.36674331932439935,eth-updown-5m-1780675500
poly_fast_taker_b2_nomerge_eth_5m,1780675800000000,1.2531147540983607,1,0.61,eth-updown-5m-1780675500
poly_sniper_v5_eth_5m_bb_mp_hurst_band_v6_vL,1780675800000000,-5.0,0,0.36674331932439935,eth-updown-5m-1780675500
poly_sniper_v5_eth_5m_bb_mp_hurst_band_v6,1780675800000000,-5.0,0,0.36674331932439935,eth-updown-5m-1780675500
poly_fast_taker_b2_nomerge_eth_5m,1780676100000000,-2.0,0,0.48,eth-updown-5m-1780675800
poly_sniper_v5_eth_5m_a2_hlcascade50k_v9,1780676400000000,-5.0,0,0.38,eth-updown-5m-1780676100
poly_fast_taker_b2_nomerge_eth_5m,1780676400000000,-2.0,0,0.61,eth-updown-5m-1780676100
poly_sniper_v5_eth_5m_up_a2_hlcascade25k_v9,1780676400000000,2.8070079365079366,1,0.63,eth-updown-5m-1780676100
poly_sniper_v5_eth_5m_a2_hlcascade50k_v9,1780676400000000,2.8070079365079366,1,0.63,eth-updown-5m-1780676100
poly_fast_taker_lagv2_eth_5m,1780677000000000,-5.084745762711867,0,0.59,eth-updown-5m-1780676700
poly_sniper_v5_eth_5m_ema50_hurst_parent15mrang_v7_vL,1780676700000000,-5.0,0,0.45,eth-updown-5m-1780676400
poly_sniper_v5_eth_5m_v5repl_off120_v6,1780677000000000,3.0100127754710955,1,0.6138613861386139,eth-updown-5m-1780676700
poly_sniper_v5_eth_5m_tr200_mp_sms_active_off120,1780677000000000,3.0100127754710955,1,0.6138613861386139,eth-updown-5m-1780676700
poly_sniper_v5_eth_5m_ema200_vwap_regimerang_xa3_v7,1780677000000000,2.1378768115942033,1,0.69,eth-updown-5m-1780676700
poly_sniper_v5_eth_5m_ema50_hurst_parent15mrang_v7_vL,1780677000000000,-5.0,0,0.45999999999999996,eth-updown-5m-1780676700
poly_sniper_v5_eth_5m_ema50_hurst_parent15mrang_v7,1780677000000000,-5.0,0,0.45999999999999996,eth-updown-5m-1780676700
poly_fast_taker_b2_nomerge_eth_5m,1780677000000000,1.5399999999999998,1,0.56,eth-updown-5m-1780676700
poly_sniper_v5_eth_5m_cloud_vwap_hurstmp_v7,1780677300000000,-5.0,0,0.6263546161340995,eth-updown-5m-1780677000
poly_sniper_v5_eth_5m_bb_mp_hurst_band_v6_vL,1780677300000000,-5.0,0,0.6263546161340995,eth-updown-5m-1780677000
poly_sniper_v5_eth_5m_ema50_hurst_parent15mrang_v7,1780677300000000,-5.0,0,0.6263546161340995,eth-updown-5m-1780677000
poly_sniper_v5_eth_5m_bb_mp_hurst_band_v6,1780677300000000,-5.0,0,0.6263546161340995,eth-updown-5m-1780677000
poly_sniper_v5_eth_5m_v6c3_parent15mrang_v7_vL,1780677300000000,-5.0,0,0.6263546161340995,eth-updown-5m-1780677000
poly_sniper_v5_eth_5m_cloud_vwap_hurstmp_v7_vL,1780677300000000,-5.0,0,0.6263546161340995,eth-updown-5m-1780677000
poly_sniper_v5_eth_5m_cloud_ribbon_mp_hurst_v6_vL,1780677300000000,-5.0,0,0.6263546161340995,eth-updown-5m-1780677000
poly_sniper_v5_eth_5m_ema50_hurst_parent15mrang_v7_vL,1780677300000000,-5.0,0,0.6263546161340995,eth-updown-5m-1780677000
poly_sniper_v5_eth_5m_cloud_ribbon_mp_hurst_v6,1780677300000000,-5.0,0,0.6263546161340995,eth-updown-5m-1780677000
poly_sniper_v5_eth_5m_v6c3_parent15mrang_v7,1780677300000000,-5.0,0,0.6263546161340995,eth-updown-5m-1780677000
poly_fast_taker_lagv2_eth_5m,1780677600000000,16.655381355932207,1,0.59,eth-updown-5m-1780677300
poly_sniper_v5_eth_5m_bb_mp_hurst_band_V10,1780677900000000,-5.0,0,0.43000000000000005,eth-updown-5m-1780677600
poly_sniper_v5_eth_5m_bb_mp_hurst_band_v6,1780677900000000,-5.0,0,0.43000000000000005,eth-updown-5m-1780677600
poly_sniper_v5_eth_5m_ema50_hurst_parent15mrang_v7_vL,1780677900000000,-5.0,0,0.43000000000000005,eth-updown-5m-1780677600
poly_sniper_v5_eth_5m_ema50_hurst_parent15mrang_v7,1780677900000000,-5.0,0,0.43000000000000005,eth-updown-5m-1780677600
poly_sniper_v5_eth_5m_bb_mp_hurst_band_v6_vL,1780677900000000,-5.0,0,0.43000000000000005,eth-updown-5m-1780677600
poly_fast_taker_b2_nomerge_eth_5m,1780677900000000,1.3066666666666669,1,0.6,eth-updown-5m-1780677600
poly_fast_taker_lagv2_eth_5m,1780678500000000,-8.50295081967213,0,0.6061690118451387,eth-updown-5m-1780678200
poly_fast_taker_lagv2_eth_5m,1780678800000000,-12.5,0,0.58,eth-updown-5m-1780678500
poly_sniper_v5_eth_5m_ema50_hurst_parent15mrang_v7_vL,1780678500000000,3.193333333333334,1,0.6,eth-updown-5m-1780678200
poly_sniper_v5_eth_5m_ema200_vwap_regimerang_xa3_v7,1780678500000000,1.940753521126761,1,0.71,eth-updown-5m-1780678200
poly_sniper_v5_eth_5m_ema50_hurst_parent15mrang_v7,1780678500000000,3.193333333333334,1,0.6,eth-updown-5m-1780678200
poly_fast_taker_b2_nomerge_eth_5m,1780678500000000,-2.0,0,0.58,eth-updown-5m-1780678200
poly_sniper_v5_eth_5m_a2_hlcascade50k_v9,1780678800000000,-5.0,0,0.47000000000000003,eth-updown-5m-1780678500
poly_sniper_v5_eth_5m_l_ema50_hurst_grandparent_v8,1780678800000000,-4.999999999999999,0,0.61,eth-updown-5m-1780678500
poly_sniper_v5_eth_5m_ema50_hurst_parent15mrang_v7_vL,1780678800000000,-4.999999999999999,0,0.61,eth-updown-5m-1780678500
poly_sniper_v5_eth_5m_up_a2_hlcascade25k_v9,1780678800000000,4.098259259259258,1,0.54,eth-updown-5m-1780678500
poly_sniper_v5_eth_5m_ema50_hurst_parent15mrang_v7,1780678800000000,-4.999999999999999,0,0.61,eth-updown-5m-1780678500
poly_sniper_v5_eth_5m_l_ema50_hurst_grandparent_V10,1780678800000000,-4.999999999999999,0,0.61,eth-updown-5m-1780678500
poly_sniper_v5_eth_5m_bb_mp_hurst_band_v6,1780678800000000,-4.999999999999999,0,0.61,eth-updown-5m-1780678500
poly_fast_taker_b2_nomerge_eth_5m,1780678800000000,1.3066666666666669,1,0.6,eth-updown-5m-1780678500
poly_sniper_v5_eth_5m_a2_hlcascade50k_v9,1780678800000000,4.098259259259258,1,0.54,eth-updown-5m-1780678500
poly_sniper_v5_eth_5m_bb_mp_hurst_band_v6_vL,1780678800000000,-4.999999999999999,0,0.61,eth-updown-5m-1780678500
poly_sniper_v5_eth_5m_ema200_vwap_regimerang_xa3_v7,1780678800000000,2.456757575757575,1,0.66,eth-updown-5m-1780678500
poly_fast_taker_lagv2_eth_5m,1780679100000000,-6.578947368421051,0,0.57,eth-updown-5m-1780678800
poly_fast_taker_b2_nomerge_eth_5m,1780679100000000,1.4785964912280705,1,0.57,eth-updown-5m-1780678800
poly_sniper_v5_eth_5m_a2_hlcascade50k_v9,1780679100000000,-5.0,0,0.32,eth-updown-5m-1780678800
poly_sniper_v5_eth_5m_l_ema50_hurst_grandparent_v8,1780679100000000,-5.0,0,0.43000000000000005,eth-updown-5m-1780678800
poly_sniper_v5_eth_5m_cloud_mp_sms_active_off120,1780679100000000,-5.0,0,0.78,eth-updown-5m-1780678800
poly_sniper_v5_eth_5m_l_ema50_hurst_grandparent_V10,1780679100000000,-5.0,0,0.43000000000000005,eth-updown-5m-1780678800
poly_sniper_v5_eth_5m_a2_hlcascade50k_v9,1780679100000000,2.1378768115942033,1,0.69,eth-updown-5m-1780678800
poly_sniper_v5_eth_5m_ema50_hurst_parent15mrang_v7_vL,1780679100000000,-5.0,0,0.43000000000000005,eth-updown-5m-1780678800
poly_sniper_v5_eth_5m_ema50_hurst_parent15mrang_v7,1780679100000000,-5.0,0,0.43000000000000005,eth-updown-5m-1780678800
poly_sniper_v5_eth_5m_tr200_mp_sms_active_off120,1780679100000000,-5.0,0,0.78,eth-updown-5m-1780678800
poly_sniper_v5_eth_5m_up_a2_hlcascade25k_v9,1780679100000000,2.1378768115942033,1,0.69,eth-updown-5m-1780678800
poly_sniper_v5_eth_5m_v5repl_off120_v6,1780679100000000,-5.0,0,0.78,eth-updown-5m-1780678800
poly_sniper_v5_eth_5m_l_ema50_hurst_grandparent_v8,1780680000000000,1.8464444444444446,1,0.72,eth-updown-5m-1780679700
poly_sniper_v5_eth_5m_l_ema50_hurst_grandparent_V10,1780680000000000,1.8464444444444446,1,0.72,eth-updown-5m-1780679700
poly_fast_taker_b2_nomerge_eth_5m,1780680000000000,-2.0,0,0.54,eth-updown-5m-1780679700
poly_sniper_v5_eth_5m_cloud_ribbon_mp_hurst_v6,1780680300000000,-5.0,0,0.56,eth-updown-5m-1780680000
poly_sniper_v5_eth_5m_bb_mp_hurst_band_v6_vL,1780680300000000,-5.0,0,0.56,eth-updown-5m-1780680000
poly_sniper_v5_eth_5m_cloud_vwap_hurstmp_v7_vL,1780680300000000,-5.0,0,0.56,eth-updown-5m-1780680000
poly_sniper_v5_eth_5m_l_ema50_hurst_grandparent_V10,1780680300000000,-5.0,0,0.56,eth-updown-5m-1780680000
poly_sniper_v5_eth_5m_cloud_ribbon_mp_hurst_v6_vL,1780680300000000,-5.0,0,0.56,eth-updown-5m-1780680000
poly_sniper_v5_eth_5m_bb_mp_hurst_band_v6,1780680300000000,-5.0,0,0.56,eth-updown-5m-1780680000
poly_sniper_v5_eth_5m_cloud_vwap_hurstmp_v7,1780680300000000,-5.0,0,0.56,eth-updown-5m-1780680000
poly_sniper_v5_eth_5m_l_ema50_hurst_grandparent_v8,1780680300000000,-5.0,0,0.56,eth-updown-5m-1780680000
poly_sniper_v5_eth_5m_cloud_ribbon_mp_hurst_v6_vL,1780680600000000,1.8464444444444446,1,0.72,eth-updown-5m-1780680300
poly_sniper_v5_eth_5m_bb_mp_hurst_band_v6,1780680600000000,1.8464444444444446,1,0.72,eth-updown-5m-1780680300
poly_sniper_v5_eth_5m_l_ema50_hurst_grandparent_V10,1780680600000000,1.8464444444444446,1,0.72,eth-updown-5m-1780680300
poly_sniper_v5_eth_5m_l_ema50_hurst_grandparent_v8,1780680600000000,1.8464444444444446,1,0.72,eth-updown-5m-1780680300
poly_sniper_v5_eth_5m_cloud_vwap_hurstmp_v7,1780680600000000,1.8464444444444446,1,0.72,eth-updown-5m-1780680300
poly_sniper_v5_eth_5m_cloud_ribbon_mp_hurst_v6,1780680600000000,1.8464444444444446,1,0.72,eth-updown-5m-1780680300
poly_sniper_v5_eth_5m_cloud_vwap_hurstmp_v7_vL,1780680600000000,1.8464444444444446,1,0.72,eth-updown-5m-1780680300
poly_fast_taker_b2_nomerge_eth_5m,1780680600000000,-2.0,0,0.56,eth-updown-5m-1780680300
poly_sniper_v5_eth_5m_bb_mp_hurst_band_v6_vL,1780680600000000,1.8464444444444446,1,0.72,eth-updown-5m-1780680300
poly_fast_taker_lagv2_eth_5m,1780680900000000,4.258035714285713,0,0.56,eth-updown-5m-1780680600
shadow_oracle_settle_eth_5m,1780680900000000,0.4067826086956525,1,0.9199999999999999,eth-updown-5m-1780680600
poly_fast_taker_lagv2_eth_5m,1780681200000000,-8.851724137931036,0,0.58,eth-updown-5m-1780680900
poly_sniper_v5_eth_5m_l_ema50_hurst_grandparent_V10,1780681200000000,-5.0,0,0.71,eth-updown-5m-1780680900
poly_sniper_v5_eth_5m_l_ema50_hurst_grandparent_v8,1780681200000000,-5.0,0,0.71,eth-updown-5m-1780680900
poly_fast_taker_b2_nomerge_eth_5m,1780681200000000,-1.9999999999999998,0,0.6359616435633726,eth-updown-5m-1780680900
poly_fast_taker_lagv2_eth_5m,1780681500000000,-17.18311428571429,0,0.557546794105934,eth-updown-5m-1780681200
poly_fast_taker_b2_nomerge_eth_5m,1780681500000000,-2.0,0,0.55,eth-updown-5m-1780681200
poly_sniper_v5_eth_5m_up_a2_hlcascade25k_v9,1780681500000000,-5.0,0,0.66,eth-updown-5m-1780681200
poly_fast_taker_lagv2_eth_5m,1780681800000000,-5.241935483870965,0,0.62,eth-updown-5m-1780681500
poly_sniper_v5_eth_5m_lq_ema50_hurst_grandparent_prev15m_v8,1780681800000000,6.701761904761906,1,0.42,eth-updown-5m-1780681500
poly_sniper_v5_eth_5m_a2_hlcascade50k_v9,1780681800000000,-5.0,0,0.6063015604810655,eth-updown-5m-1780681500
poly_sniper_v5_eth_5m_a2_hlcascade50k_v9,1780681800000000,6.988621951219514,1,0.41,eth-updown-5m-1780681500
poly_fast_taker_b2_nomerge_eth_5m,1780681800000000,-2.0,0,0.59,eth-updown-5m-1780681500
poly_sniper_v5_eth_5m_lq_ema50_hurst_grandparent_prev15m_v8_vL,1780681800000000,6.701761904761906,1,0.42,eth-updown-5m-1780681500
poly_sniper_v5_eth_5m_l_ema50_hurst_grandparent_v8,1780681800000000,6.701761904761906,1,0.42,eth-updown-5m-1780681500
poly_sniper_v5_eth_5m_up_a2_hlcascade25k_v9,1780681800000000,-5.0,0,0.6063015604810655,eth-updown-5m-1780681500
poly_sniper_v5_eth_5m_l_ema50_hurst_grandparent_V10,1780681800000000,6.701761904761906,1,0.42,eth-updown-5m-1780681500
poly_sniper_v5_eth_5m_cloud_vwap_hurstmp_v7,1780682100000000,3.193333333333334,1,0.6,eth-updown-5m-1780681800
poly_sniper_v5_eth_5m_v6c3_parent15mrang_v7,1780682100000000,3.193333333333334,1,0.6,eth-updown-5m-1780681800
poly_sniper_v5_eth_5m_cloud_ribbon_mp_hurst_v6_vL,1780682100000000,3.193333333333334,1,0.6,eth-updown-5m-1780681800
poly_sniper_v5_eth_5m_cloud_ribbon_mp_hurst_v6,1780682100000000,3.193333333333334,1,0.6,eth-updown-5m-1780681800
poly_sniper_v5_eth_5m_ema50_hurst_parent15mrang_v7,1780682100000000,3.193333333333334,1,0.6,eth-updown-5m-1780681800
poly_sniper_v5_eth_5m_bb_mp_hurst_band_v6_vL,1780682100000000,3.193333333333334,1,0.6,eth-updown-5m-1780681800
poly_fast_taker_lagv2_eth_5m,1780682100000000,16.655381355932207,1,0.59,eth-updown-5m-1780681800
poly_sniper_v5_eth_5m_v6c3_parent15mrang_v7_vL,1780682100000000,3.193333333333334,1,0.6,eth-updown-5m-1780681800
poly_sniper_v5_eth_5m_cloud_vwap_hurstmp_v7_vL,1780682100000000,3.193333333333334,1,0.6,eth-updown-5m-1780681800
poly_sniper_v5_eth_5m_bb_mp_hurst_band_v6,1780682100000000,3.193333333333334,1,0.6,eth-updown-5m-1780681800
poly_sniper_v5_eth_5m_ema50_hurst_parent15mrang_v7_vL,1780682100000000,3.193333333333334,1,0.6,eth-updown-5m-1780681800
poly_fast_taker_b2_nomerge_eth_5m,1780682100000000,1.151111111111111,1,0.63,eth-updown-5m-1780681800
poly_sniper_v5_eth_5m_lq_ema50_hurst_grandparent_prev15m_v8_vL,1780682400000000,-5.0,0,0.8,eth-updown-5m-1780682100
poly_sniper_v5_eth_5m_ema50_hurst_parent15mrang_v7,1780682400000000,-5.0,0,0.8,eth-updown-5m-1780682100
poly_sniper_v5_eth_5m_ema200_vwap_regimerang_xa3_v7,1780682400000000,8.664888888888889,1,0.36,eth-updown-5m-1780682100
poly_sniper_v5_eth_5m_l_ema50_hurst_grandparent_v8,1780682400000000,-5.0,0,0.8,eth-updown-5m-1780682100
poly_sniper_v5_eth_5m_l_ema50_hurst_grandparent_V10,1780682400000000,-5.0,0,0.8,eth-updown-5m-1780682100
poly_sniper_v5_eth_5m_lq_ema50_hurst_grandparent_prev15m_v8,1780682400000000,-5.0,0,0.8,eth-updown-5m-1780682100
poly_sniper_v5_eth_5m_ema50_hurst_parent15mrang_v7_vL,1780682400000000,-5.0,0,0.8,eth-updown-5m-1780682100
poly_sniper_v5_eth_5m_bb_mp_hurst_band_v6,1780682700000000,-5.0,0,0.7542376245484498,eth-updown-5m-1780682400
poly_sniper_v5_eth_5m_ema50_hurst_parent15mrang_v7_vL,1780682700000000,-5.0,0,0.7542376245484498,eth-updown-5m-1780682400
poly_sniper_v5_eth_5m_bb_mp_hurst_band_v6_vL,1780682700000000,-5.0,0,0.7542376245484498,eth-updown-5m-1780682400
poly_sniper_v5_eth_5m_v6c3_parent15mrang_v7_vL,1780682700000000,-5.0,0,0.7542376245484498,eth-updown-5m-1780682400
poly_sniper_v5_eth_5m_cloud_ribbon_mp_hurst_v6,1780682700000000,-5.0,0,0.7542376245484498,eth-updown-5m-1780682400
poly_sniper_v5_eth_5m_cloud_vwap_hurstmp_v7_vL,1780682700000000,-5.0,0,0.7542376245484498,eth-updown-5m-1780682400
poly_sniper_v5_eth_5m_ema200_vwap_regimerang_xa3_v7,1780682700000000,-5.0,0,0.77,eth-updown-5m-1780682400
poly_sniper_v5_eth_5m_ema50_hurst_parent15mrang_v7,1780682700000000,-5.0,0,0.7542376245484498,eth-updown-5m-1780682400
poly_sniper_v5_eth_5m_cloud_ribbon_mp_hurst_v6_vL,1780682700000000,-5.0,0,0.7542376245484498,eth-updown-5m-1780682400
poly_sniper_v5_eth_5m_v6c3_parent15mrang_v7,1780682700000000,-5.0,0,0.7542376245484498,eth-updown-5m-1780682400
shadow_oracle_settle_eth_5m,1780682700000000,1.1063395061728392,1,0.81,eth-updown-5m-1780682400
poly_sniper_v5_eth_5m_cloud_vwap_hurstmp_v7,1780682700000000,-5.0,0,0.7542376245484498,eth-updown-5m-1780682400
poly_sniper_v5_eth_5m_ema50_hurst_parent15mrang_v7_vL,1780683000000000,-5.0,0,0.65,eth-updown-5m-1780682700
poly_sniper_v5_eth_5m_ema50_hurst_parent15mrang_v7,1780683000000000,-5.0,0,0.65,eth-updown-5m-1780682700
poly_fast_taker_b2_nomerge_eth_5m,1780683000000000,-2.0,0,0.65,eth-updown-5m-1780682700
poly_sniper_v5_eth_5m_cloud_vwap_hurstmp_v7,1780683000000000,8.456585263218603,1,0.36553318448558614,eth-updown-5m-1780682700
poly_sniper_v5_eth_5m_cloud_vwap_hurstmp_v7_vL,1780683000000000,8.456585263218603,1,0.36553318448558614,eth-updown-5m-1780682700
poly_sniper_v5_eth_5m_v5repl_off120_v6,1780683600000000,-5.0,0,0.49,eth-updown-5m-1780683300
poly_sniper_v5_eth_5m_l_ema50_hurst_grandparent_V10,1780683600000000,2.0378571428571433,1,0.7,eth-updown-5m-1780683300
poly_sniper_v5_eth_5m_bb_mp_hurst_band_v6_vL,1780683600000000,2.0378571428571433,1,0.7,eth-updown-5m-1780683300
poly_sniper_v5_eth_5m_ema50_hurst_parent15mrang_v7,1780683600000000,2.0378571428571433,1,0.7,eth-updown-5m-1780683300
poly_sniper_v5_eth_5m_ema200_vwap_regimerang_xa3_v7,1780683600000000,1.8464444444444446,1,0.72,eth-updown-5m-1780683300
poly_sniper_v5_eth_5m_cloud_mp_sms_active_off120,1780683600000000,-5.0,0,0.49,eth-updown-5m-1780683300
shadow_oracle_settle_eth_5m,1780683600000000,0.579477528089887,1,0.8900000000000001,eth-updown-5m-1780683300
poly_sniper_v5_eth_5m_ema50_hurst_parent15mrang_v7_vL,1780683600000000,2.0378571428571433,1,0.7,eth-updown-5m-1780683300
poly_sniper_v5_eth_5m_bb_mp_hurst_band_v6,1780683600000000,2.0378571428571433,1,0.7,eth-updown-5m-1780683300
poly_sniper_v5_eth_5m_tr200_mp_sms_active_off120,1780683600000000,-5.0,0,0.49,eth-updown-5m-1780683300
poly_sniper_v5_eth_5m_l_ema50_hurst_grandparent_v8,1780683600000000,2.0378571428571433,1,0.7,eth-updown-5m-1780683300
poly_sniper_v5_eth_5m_bb_mp_hurst_band_v6_vL,1780683900000000,-5.0,0,0.62,eth-updown-5m-1780683600
poly_sniper_v5_eth_5m_ema50_hurst_parent15mrang_v7_vL,1780683900000000,-5.0,0,0.62,eth-updown-5m-1780683600
poly_fast_taker_b2_nomerge_eth_5m,1780683900000000,1.362033898305085,1,0.59,eth-updown-5m-1780683600
poly_sniper_v5_eth_5m_cloud_vwap_hurstmp_v7_vL,1780683900000000,-5.0,0,0.62,eth-updown-5m-1780683600
poly_sniper_v5_eth_5m_ema200_vwap_regimerang_xa3_v7,1780683900000000,1.7548150684931507,1,0.73,eth-updown-5m-1780683600
poly_sniper_v5_eth_5m_ema50_hurst_parent15mrang_v7_vL,1780684200000000,-5.0,0,0.49,eth-updown-5m-1780683900
poly_sniper_v5_eth_5m_cloud_vwap_hurstmp_v7,1780684200000000,4.447384615384615,1,0.52,eth-updown-5m-1780683900
poly_sniper_v5_eth_5m_ema50_hurst_parent15mrang_v7,1780684200000000,-5.0,0,0.49,eth-updown-5m-1780683900
poly_sniper_v5_eth_5m_cloud_vwap_hurstmp_v7_vL,1780684200000000,4.447384615384615,1,0.52,eth-updown-5m-1780683900
poly_fast_taker_b2_nomerge_eth_5m,1780684200000000,1.96,1,0.5,eth-updown-5m-1780683900
poly_sniper_v5_eth_5m_ema50_hurst_parent15mrang_v7_vL,1780684500000000,-4.999999999999999,0,0.61,eth-updown-5m-1780684200
poly_sniper_v5_eth_5m_ema50_hurst_parent15mrang_v7,1780684500000000,-4.999999999999999,0,0.61,eth-updown-5m-1780684200
poly_sniper_v5_eth_5m_l_ema50_hurst_grandparent_v8,1780684500000000,-4.999999999999999,0,0.61,eth-updown-5m-1780684200
poly_fast_taker_b2_nomerge_eth_5m,1780684500000000,1.2531147540983607,1,0.61,eth-updown-5m-1780684200
shadow_oracle_settle_eth_5m,1780684500000000,0.4067826086956525,1,0.9199999999999999,eth-updown-5m-1780684200
poly_sniper_v5_eth_5m_ema200_vwap_regimerang_xa3_v7,1780684800000000,-5.0,0,0.78,eth-updown-5m-1780684500
poly_sniper_v5_eth_5m_a2_hlcascade50k_v9,1780685100000000,9.474882352941174,1,0.34,eth-updown-5m-1780684800
poly_fast_taker_b2_nomerge_eth_5m,1780685100000000,-2.0,0,0.61,eth-updown-5m-1780684800
poly_sniper_v5_eth_5m_a2_hlcascade50k_v9,1780685100000000,-5.0,0,0.67,eth-updown-5m-1780684800
poly_sniper_v5_eth_5m_bb_mp_hurst_band_v6,1780685100000000,-5.0,0,0.71,eth-updown-5m-1780684800
poly_sniper_v5_eth_5m_bb_mp_hurst_band_v6_vL,1780685100000000,-5.0,0,0.71,eth-updown-5m-1780684800
poly_sniper_v5_eth_5m_up_a2_hlcascade25k_v9,1780685100000000,-5.0,0,0.67,eth-updown-5m-1780684800
poly_sniper_v5_eth_5m_l_ema50_hurst_grandparent_v8,1780685400000000,1.5791666666666668,1,0.75,eth-updown-5m-1780685100
poly_sniper_v5_eth_5m_bb_mp_hurst_band_v6,1780685400000000,1.5791666666666668,1,0.75,eth-updown-5m-1780685100
poly_sniper_v5_eth_5m_cloud_vwap_hurstmp_v7_vL,1780685400000000,1.5791666666666668,1,0.75,eth-updown-5m-1780685100
poly_sniper_v5_eth_5m_cloud_vwap_hurstmp_v7,1780685400000000,1.5791666666666668,1,0.75,eth-updown-5m-1780685100
poly_sniper_v5_eth_5m_cloud_ribbon_mp_hurst_v6_vL,1780685400000000,1.5791666666666668,1,0.75,eth-updown-5m-1780685100
poly_sniper_v5_eth_5m_bb_mp_hurst_band_v6_vL,1780685400000000,1.5791666666666668,1,0.75,eth-updown-5m-1780685100
poly_sniper_v5_eth_5m_cloud_ribbon_mp_hurst_v6,1780685400000000,1.5791666666666668,1,0.75,eth-updown-5m-1780685100
poly_sniper_v5_eth_5m_cloud_vwap_hurstmp_v7_vL,1780685700000000,-5.000000000000001,0,0.54,eth-updown-5m-1780685400
poly_sniper_v5_eth_5m_bb_mp_hurst_band_V10,1780685700000000,-5.000000000000001,0,0.54,eth-updown-5m-1780685400
poly_sniper_v5_eth_5m_cloud_ribbon_mp_hurst_v6,1780685700000000,-5.000000000000001,0,0.54,eth-updown-5m-1780685400
poly_sniper_v5_eth_5m_bb_mp_hurst_band_v6_vL,1780685700000000,-5.000000000000001,0,0.54,eth-updown-5m-1780685400
poly_sniper_v5_eth_5m_bb_mp_hurst_band_v6,1780685700000000,-5.000000000000001,0,0.54,eth-updown-5m-1780685400
poly_fast_taker_b2_nomerge_eth_5m,1780685700000000,-2.0,0,0.56,eth-updown-5m-1780685400
poly_sniper_v5_eth_5m_cloud_vwap_hurstmp_v7,1780685700000000,-5.000000000000001,0,0.54,eth-updown-5m-1780685400
poly_sniper_v5_eth_5m_cloud_ribbon_mp_hurst_v6_vL,1780685700000000,-5.000000000000001,0,0.54,eth-updown-5m-1780685400
shadow_oracle_settle_eth_5m,1780685700000000,0.3518440860215051,1,0.93,eth-updown-5m-1780685400
poly_sniper_v5_eth_5m_cloud_mp_sms_active_off120,1780686000000000,0.2981489361702125,1,0.9400000000000001,eth-updown-5m-1780685700
poly_sniper_v5_eth_5m_v5repl_off120_v6,1780686000000000,0.2981489361702125,1,0.9400000000000001,eth-updown-5m-1780685700
poly_fast_taker_b2_nomerge_eth_5m,1780686000000000,-2.0,0,0.48,eth-updown-5m-1780685700
poly_sniper_v5_eth_5m_tr200_mp_sms_active_off120,1780686000000000,0.2981489361702125,1,0.9400000000000001,eth-updown-5m-1780685700
poly_sniper_v5_eth_5m_l_ema50_hurst_grandparent_v8,1780686300000000,1.5791666666666668,1,0.75,eth-updown-5m-1780686000
shadow_oracle_settle_eth_5m,1780686300000000,-5.0,0,0.82,eth-updown-5m-1780686000
poly_sniper_v5_eth_5m_bb_mp_hurst_band_v6_vL,1780686600000000,3.621429824561404,1,0.57,eth-updown-5m-1780686300
poly_sniper_v5_eth_5m_bb_mp_hurst_band_v6,1780686600000000,3.621429824561404,1,0.57,eth-updown-5m-1780686300
poly_fast_taker_b2_nomerge_eth_5m,1780686600000000,-2.0,0,0.57,eth-updown-5m-1780686300
poly_sniper_v5_eth_5m_bb_mp_hurst_band_v6,1780686900000000,-5.0,0,0.7,eth-updown-5m-1780686600
poly_sniper_v5_eth_5m_cloud_ribbon_mp_hurst_v6,1780686900000000,-5.0,0,0.7,eth-updown-5m-1780686600
shadow_oracle_settle_eth_5m,1780686900000000,0.7649534883720924,1,0.8600000000000001,eth-updown-5m-1780686600
poly_sniper_v5_eth_5m_cloud_vwap_hurstmp_v7,1780686900000000,-5.0,0,0.7,eth-updown-5m-1780686600
poly_sniper_v5_eth_5m_bb_mp_hurst_band_v6_vL,1780686900000000,-5.0,0,0.7,eth-updown-5m-1780686600
poly_sniper_v5_eth_5m_cloud_vwap_hurstmp_v7_vL,1780686900000000,-5.0,0,0.7,eth-updown-5m-1780686600
poly_sniper_v5_eth_5m_cloud_ribbon_mp_hurst_v6_vL,1780686900000000,-5.0,0,0.7,eth-updown-5m-1780686600
poly_sniper_v5_eth_5m_l_ema50_hurst_grandparent_v8,1780687200000000,1.940753521126761,1,0.71,eth-updown-5m-1780686900
poly_sniper_v5_eth_5m_bb_mp_hurst_band_v6,1780687200000000,1.940753521126761,1,0.71,eth-updown-5m-1780686900
poly_sniper_v5_eth_5m_cloud_vwap_hurstmp_v7_vL,1780687200000000,1.940753521126761,1,0.71,eth-updown-5m-1780686900
poly_sniper_v5_eth_5m_bb_mp_hurst_band_v6_vL,1780687200000000,1.940753521126761,1,0.71,eth-updown-5m-1780686900
poly_sniper_v5_eth_5m_cloud_ribbon_mp_hurst_v6,1780687200000000,1.940753521126761,1,0.71,eth-updown-5m-1780686900
poly_sniper_v5_eth_5m_cloud_vwap_hurstmp_v7,1780687200000000,1.940753521126761,1,0.71,eth-updown-5m-1780686900
poly_sniper_v5_eth_5m_l_ema50_hurst_grandparent_V10,1780687200000000,1.940753521126761,1,0.71,eth-updown-5m-1780686900
poly_sniper_v5_eth_5m_cloud_ribbon_mp_hurst_v6_vL,1780687200000000,1.940753521126761,1,0.71,eth-updown-5m-1780686900
poly_sniper_v5_eth_5m_cloud_mp_sms_active_off120,1780687500000000,0.579477528089887,1,0.8900000000000001,eth-updown-5m-1780687200
poly_sniper_v5_eth_5m_v5repl_off120_v6,1780687500000000,0.579477528089887,1,0.8900000000000001,eth-updown-5m-1780687200
poly_sniper_v5_eth_5m_tr200_mp_sms_active_off120,1780687500000000,0.579477528089887,1,0.8900000000000001,eth-updown-5m-1780687200
poly_sniper_v5_eth_5m_a2_hlcascade50k_v9,1780688100000000,2.9034920634920645,1,0.6222222222222221,eth-updown-5m-1780687800
poly_sniper_v5_eth_5m_a2_hlcascade50k_v9,1780688100000000,-5.0,0,0.39805825242718446,eth-updown-5m-1780687800
poly_sniper_v5_eth_5m_l_ema50_hurst_grandparent_V10,1780688100000000,1.4949473684210524,1,0.76,eth-updown-5m-1780687800
poly_sniper_v5_eth_5m_l_ema50_hurst_grandparent_v8,1780688100000000,1.4949473684210524,1,0.76,eth-updown-5m-1780687800
poly_sniper_v5_eth_5m_up_a2_hlcascade25k_v9,1780688100000000,-5.0,0,0.39805825242718446,eth-updown-5m-1780687800
poly_sniper_v5_eth_5m_ema200_vwap_regimerang_xa3_v7,1780688400000000,-5.0,0,0.59,eth-updown-5m-1780688100
poly_sniper_v5_eth_5m_bb_mp_hurst_band_v6,1780688400000000,2.0378571428571433,1,0.7,eth-updown-5m-1780688100
poly_sniper_v5_eth_5m_bb_mp_hurst_band_v6_vL,1780688400000000,2.0378571428571433,1,0.7,eth-updown-5m-1780688100
poly_sniper_v5_eth_5m_ema50_hurst_parent15mrang_v7_vL,1780688400000000,2.0378571428571433,1,0.7,eth-updown-5m-1780688100
poly_sniper_v5_eth_5m_ema50_hurst_parent15mrang_v7,1780688400000000,2.0378571428571433,1,0.7,eth-updown-5m-1780688100
poly_sniper_v5_eth_5m_l_ema50_hurst_grandparent_v8,1780688700000000,3.193333333333334,1,0.6,eth-updown-5m-1780688400
poly_sniper_v5_eth_5m_ema50_hurst_parent15mrang_v7_vL,1780688700000000,3.193333333333334,1,0.6,eth-updown-5m-1780688400
poly_sniper_v5_eth_5m_a2_hlcascade50k_v9,1780688700000000,10.887532258064516,1,0.31,eth-updown-5m-1780688400
poly_fast_taker_b2_nomerge_eth_5m,1780688700000000,-2.0,0,0.63,eth-updown-5m-1780688400
poly_sniper_v5_eth_5m_ema50_hurst_parent15mrang_v7,1780688700000000,3.193333333333334,1,0.6,eth-updown-5m-1780688400
poly_sniper_v5_eth_5m_a2_hlcascade50k_v9,1780688700000000,-5.0,0,0.7,eth-updown-5m-1780688400
poly_sniper_v5_eth_5m_l_ema50_hurst_grandparent_V10,1780688700000000,3.193333333333334,1,0.6,eth-updown-5m-1780688400
poly_sniper_v5_eth_5m_up_a2_hlcascade25k_v9,1780688700000000,-5.0,0,0.7,eth-updown-5m-1780688400
poly_fast_taker_b2_nomerge_eth_5m,1780689000000000,1.1532888888888888,1,0.6295593084840612,eth-updown-5m-1780688700
poly_sniper_v5_eth_5m_ema50_hurst_parent15mrang_v7_vL,1780689000000000,0.7649534883720924,1,0.8600000000000001,eth-updown-5m-1780688700
poly_sniper_v5_eth_5m_v6c3_parent15mrang_v7_vL,1780689000000000,0.7649534883720924,1,0.8600000000000001,eth-updown-5m-1780688700
poly_sniper_v5_eth_5m_cloud_ribbon_mp_hurst_v6_vL,1780689000000000,0.7649534883720924,1,0.8600000000000001,eth-updown-5m-1780688700
poly_sniper_v5_eth_5m_v6c3_parent15mrang_v7_vL,1780689300000000,-5.0,0,0.6,eth-updown-5m-1780689000
poly_sniper_v5_eth_5m_ema50_hurst_parent15mrang_v7,1780689300000000,-5.0,0,0.6,eth-updown-5m-1780689000
poly_sniper_v5_eth_5m_v6c3_parent15mrang_v7,1780689300000000,-5.0,0,0.6,eth-updown-5m-1780689000
poly_sniper_v5_eth_5m_a2_hlcascade50k_v9,1780689300000000,6.988621951219514,1,0.41,eth-updown-5m-1780689000
poly_sniper_v5_eth_5m_cloud_ribbon_mp_hurst_v6_vL,1780689300000000,-5.0,0,0.6,eth-updown-5m-1780689000
poly_sniper_v5_eth_5m_up_a2_hlcascade25k_v9,1780689300000000,-5.0,0,0.6,eth-updown-5m-1780689000
poly_fast_taker_b2_nomerge_eth_5m,1780689300000000,1.2531147540983607,1,0.61,eth-updown-5m-1780689000
poly_sniper_v5_eth_5m_ema50_hurst_parent15mrang_v7_vL,1780689300000000,-5.0,0,0.6,eth-updown-5m-1780689000
poly_sniper_v5_eth_5m_bb_mp_hurst_band_v6_vL,1780689300000000,-5.0,0,0.6,eth-updown-5m-1780689000
poly_sniper_v5_eth_5m_ema200_vwap_regimerang_xa3_v7,1780689300000000,-5.0,0,0.75,eth-updown-5m-1780689000
poly_sniper_v5_eth_5m_cloud_vwap_hurstmp_v7_vL,1780689300000000,-5.0,0,0.6,eth-updown-5m-1780689000
poly_sniper_v5_eth_5m_cloud_vwap_hurstmp_v7,1780689300000000,-5.0,0,0.6,eth-updown-5m-1780689000
poly_sniper_v5_eth_5m_bb_mp_hurst_band_v6,1780689300000000,-5.0,0,0.6,eth-updown-5m-1780689000
poly_sniper_v5_eth_5m_cloud_ribbon_mp_hurst_v6,1780689300000000,-5.0,0,0.6,eth-updown-5m-1780689000
poly_sniper_v5_eth_5m_a2_hlcascade50k_v9,1780689300000000,-5.0,0,0.6,eth-updown-5m-1780689000
shadow_oracle_settle_eth_5m,1780689600000000,0.3518440860215051,1,0.93,eth-updown-5m-1780689300
poly_fast_taker_b2_nomerge_eth_5m,1780689900000000,-2.0,0,0.48,eth-updown-5m-1780689600
poly_fast_taker_b2_nomerge_eth_5m,1780690200000000,-2.0,0,0.6,eth-updown-5m-1780689900
poly_sniper_v5_eth_5m_a2_hlcascade50k_v9,1780690500000000,2.6865,1,0.64,eth-updown-5m-1780690200
poly_fast_taker_b2_nomerge_eth_5m,1780690500000000,-2.0,0,0.5,eth-updown-5m-1780690200
poly_sniper_v5_eth_5m_up_a2_hlcascade25k_v9,1780690500000000,-5.0,0,0.37254901960784315,eth-updown-5m-1780690200
poly_sniper_v5_eth_5m_a2_hlcascade50k_v9,1780690500000000,-5.0,0,0.37254901960784315,eth-updown-5m-1780690200
shadow_oracle_settle_eth_5m,1780690800000000,0.3518440860215051,1,0.93,eth-updown-5m-1780690500
poly_fast_taker_b2_nomerge_eth_5m,1780690800000000,1.4785964912280705,1,0.57,eth-updown-5m-1780690500
poly_sniper_v5_eth_5m_cloud_ribbon_mp_hurst_v6_vL,1780691400000000,-5.0,0,0.72,eth-updown-5m-1780691100
shadow_oracle_settle_eth_5m,1780691400000000,-5.0,0,0.84,eth-updown-5m-1780691100
poly_sniper_v5_eth_5m_cloud_vwap_hurstmp_v7,1780691400000000,-5.0,0,0.72,eth-updown-5m-1780691100
poly_sniper_v5_eth_5m_cloud_ribbon_mp_hurst_v6,1780691400000000,-5.0,0,0.72,eth-updown-5m-1780691100
poly_sniper_v5_eth_5m_cloud_vwap_hurstmp_v7_vL,1780691400000000,-5.0,0,0.72,eth-updown-5m-1780691100
poly_sniper_v5_eth_5m_bb_mp_hurst_band_v6,1780691400000000,-5.0,0,0.72,eth-updown-5m-1780691100
poly_sniper_v5_eth_5m_bb_mp_hurst_band_v6_vL,1780691400000000,-5.0,0,0.72,eth-updown-5m-1780691100
poly_sniper_v5_eth_5m_a2_hlcascade50k_v9,1780691700000000,2.0378571428571433,1,0.7,eth-updown-5m-1780691400
poly_sniper_v5_eth_5m_cloud_ribbon_mp_hurst_v6_vL,1780691700000000,-5.0,0,0.74,eth-updown-5m-1780691400
poly_sniper_v5_eth_5m_bb_mp_hurst_band_v6,1780691700000000,-5.0,0,0.74,eth-updown-5m-1780691400
poly_sniper_v5_eth_5m_up_a2_hlcascade25k_v9,1780691700000000,-5.0,0,0.31,eth-updown-5m-1780691400
poly_sniper_v5_eth_5m_cloud_vwap_hurstmp_v7,1780691700000000,-5.0,0,0.74,eth-updown-5m-1780691400
poly_sniper_v5_eth_5m_cloud_ribbon_mp_hurst_v6,1780691700000000,-5.0,0,0.74,eth-updown-5m-1780691400
poly_sniper_v5_eth_5m_bb_mp_hurst_band_v6_vL,1780691700000000,-5.0,0,0.74,eth-updown-5m-1780691400
poly_sniper_v5_eth_5m_cloud_vwap_hurstmp_v7_vL,1780691700000000,-5.0,0,0.74,eth-updown-5m-1780691400
poly_sniper_v5_eth_5m_a2_hlcascade50k_v9,1780691700000000,-5.0,0,0.31,eth-updown-5m-1780691400
poly_sniper_v5_eth_5m_a2_hlcascade50k_v9,1780692000000000,-5.0,0,0.4,eth-updown-5m-1780691700
poly_sniper_v5_eth_5m_a2_hlcascade50k_v9,1780692000000000,3.0602213114754098,1,0.61,eth-updown-5m-1780691700
poly_sniper_v5_eth_5m_up_a2_hlcascade25k_v9,1780692000000000,3.0602213114754098,1,0.61,eth-updown-5m-1780691700
poly_fast_taker_b2_nomerge_eth_5m,1780692000000000,1.8092307692307688,1,0.52,eth-updown-5m-1780691700
poly_sniper_v5_eth_5m_cloud_vwap_hurstmp_v7_vL,1780692300000000,-5.0,0,0.5,eth-updown-5m-1780692000
poly_sniper_v5_eth_5m_bb_mp_hurst_band_V10,1780692300000000,-5.0,0,0.5,eth-updown-5m-1780692000
poly_sniper_v5_eth_5m_bb_mp_hurst_band_v6,1780692300000000,-5.0,0,0.5,eth-updown-5m-1780692000
poly_sniper_v5_eth_5m_cloud_vwap_hurstmp_v7,1780692300000000,-5.0,0,0.5,eth-updown-5m-1780692000
poly_sniper_v5_eth_5m_bb_mp_hurst_band_v6_vL,1780692300000000,-5.0,0,0.5,eth-updown-5m-1780692000
shadow_oracle_settle_eth_5m,1780692600000000,0.4630054945054944,1,0.91,eth-updown-5m-1780692300
poly_sniper_v5_eth_5m_up_a2_hlcascade25k_v9,1780692900000000,-5.0,0,0.41,eth-updown-5m-1780692600
poly_sniper_v5_eth_5m_ema200_vwap_regimerang_xa3_v7,1780692900000000,-5.0,0,0.6102602464663963,eth-updown-5m-1780692600
poly_sniper_v5_eth_5m_l_ema50_hurst_grandparent_v8,1780693200000000,-5.0,0,0.37,eth-updown-5m-1780692900
poly_fast_taker_b2_nomerge_eth_5m,1780693200000000,1.201290322580645,1,0.62,eth-updown-5m-1780692900
poly_sniper_v5_eth_5m_ema200_vwap_regimerang_xa3_v7,1780693200000000,1.5791666666666668,1,0.75,eth-updown-5m-1780692900
poly_sniper_v5_eth_5m_l_ema50_hurst_grandparent_V10,1780693200000000,-5.0,0,0.37,eth-updown-5m-1780692900
shadow_oracle_settle_eth_5m,1780693200000000,0.2981489361702125,1,0.9400000000000001,eth-updown-5m-1780692900
poly_sniper_v5_eth_5m_bb_mp_hurst_band_v6_vL,1780693500000000,-5.0,0,0.51,eth-updown-5m-1780693200
poly_sniper_v5_eth_5m_cloud_vwap_hurstmp_v7,1780693500000000,-5.0,0,0.51,eth-updown-5m-1780693200
poly_sniper_v5_eth_5m_cloud_vwap_hurstmp_v7_vL,1780693500000000,-5.0,0,0.51,eth-updown-5m-1780693200
poly_sniper_v5_eth_5m_l_ema50_hurst_grandparent_v8,1780693500000000,-5.0,0,0.51,eth-updown-5m-1780693200
poly_sniper_v5_eth_5m_bb_mp_hurst_band_v6,1780693500000000,-5.0,0,0.51,eth-updown-5m-1780693200
poly_sniper_v5_eth_5m_ema200_vwap_regimerang_xa3_v7,1780693500000000,-5.0,0,0.58,eth-updown-5m-1780693200
poly_sniper_v5_eth_5m_l_ema50_hurst_grandparent_V10,1780693500000000,-5.0,0,0.51,eth-updown-5m-1780693200
poly_fast_taker_b2_nomerge_eth_5m,1780693500000000,-2.0,0,0.62,eth-updown-5m-1780693200
poly_sniper_v5_eth_5m_cloud_ribbon_mp_hurst_v6,1780693500000000,-5.0,0,0.51,eth-updown-5m-1780693200
poly_sniper_v5_eth_5m_cloud_ribbon_mp_hurst_v6_vL,1780693500000000,-5.0,0,0.51,eth-updown-5m-1780693200
poly_sniper_v5_eth_5m_bb_mp_hurst_band_V10,1780693500000000,-5.0,0,0.51,eth-updown-5m-1780693200
poly_sniper_v5_eth_5m_up_a2_hlcascade25k_v9,1780693800000000,2.8070079365079366,1,0.63,eth-updown-5m-1780693500
poly_sniper_v5_eth_5m_ema50_hurst_parent15mrang_v7_vL,1780693800000000,-5.0,0,0.55,eth-updown-5m-1780693500
poly_sniper_v5_eth_5m_a2_hlcascade50k_v9,1780693800000000,2.8070079365079366,1,0.63,eth-updown-5m-1780693500
poly_sniper_v5_eth_5m_ema50_hurst_parent15mrang_v7,1780693800000000,-5.0,0,0.55,eth-updown-5m-1780693500
poly_fast_taker_b2_nomerge_eth_5m,1780693800000000,1.4193103448275863,1,0.58,eth-updown-5m-1780693500
poly_sniper_v5_eth_5m_a2_hlcascade50k_v9,1780693800000000,-5.0,0,0.3823529411764706,eth-updown-5m-1780693500
poly_sniper_v5_eth_5m_cloud_ribbon_mp_hurst_v6_vL,1780694100000000,-5.0,0,0.71,eth-updown-5m-1780693800
poly_sniper_v5_eth_5m_ema50_hurst_parent15mrang_v7,1780694100000000,-5.0,0,0.71,eth-updown-5m-1780693800
poly_sniper_v5_eth_5m_v6c3_parent15mrang_v7,1780694100000000,-5.0,0,0.71,eth-updown-5m-1780693800
poly_sniper_v5_eth_5m_cloud_ribbon_mp_hurst_v6,1780694100000000,-5.0,0,0.71,eth-updown-5m-1780693800
poly_sniper_v5_eth_5m_cloud_vwap_hurstmp_v7,1780694100000000,-5.0,0,0.71,eth-updown-5m-1780693800
poly_sniper_v5_eth_5m_ema50_hurst_parent15mrang_v7_vL,1780694100000000,-5.0,0,0.71,eth-updown-5m-1780693800
poly_sniper_v5_eth_5m_bb_mp_hurst_band_v6,1780694100000000,-5.0,0,0.71,eth-updown-5m-1780693800
poly_sniper_v5_eth_5m_v6c3_parent15mrang_v7_vL,1780694100000000,-5.0,0,0.71,eth-updown-5m-1780693800
poly_sniper_v5_eth_5m_bb_mp_hurst_band_v6_vL,1780694100000000,-5.0,0,0.71,eth-updown-5m-1780693800
poly_sniper_v5_eth_5m_cloud_vwap_hurstmp_v7_vL,1780694100000000,-5.0,0,0.71,eth-updown-5m-1780693800
poly_sniper_v5_eth_5m_ema50_hurst_parent15mrang_v7_vL,1780694400000000,-5.0,0,0.58,eth-updown-5m-1780694100
poly_sniper_v5_eth_5m_ema50_hurst_parent15mrang_v7,1780694400000000,-5.0,0,0.58,eth-updown-5m-1780694100
poly_sniper_v5_eth_5m_l_ema50_hurst_grandparent_v8,1780694400000000,-5.0,0,0.58,eth-updown-5m-1780694100
poly_sniper_v5_eth_5m_cloud_vwap_hurstmp_v7,1780694400000000,-5.0,0,0.58,eth-updown-5m-1780694100
poly_sniper_v5_eth_5m_lq_ema50_hurst_grandparent_prev15m_v8_vL,1780694400000000,-5.0,0,0.58,eth-updown-5m-1780694100
poly_sniper_v5_eth_5m_lq_ema50_hurst_grandparent_prev15m_v8,1780694400000000,-5.0,0,0.58,eth-updown-5m-1780694100
poly_sniper_v5_eth_5m_cloud_vwap_hurstmp_v7_vL,1780694400000000,-5.0,0,0.58,eth-updown-5m-1780694100
poly_sniper_v5_eth_5m_ema200_vwap_regimerang_xa3_v7,1780694700000000,-5.0,0,0.5775281793922014,eth-updown-5m-1780694400
poly_sniper_v5_eth_5m_lq_ema50_hurst_grandparent_prev15m_v8_vL,1780695000000000,3.473689655172415,1,0.58,eth-updown-5m-1780694700
poly_sniper_v5_eth_5m_lq_ema50_hurst_grandparent_prev15m_v8,1780695000000000,3.473689655172415,1,0.58,eth-updown-5m-1780694700
poly_sniper_v5_eth_5m_bb_mp_hurst_band_v6_vL,1780695000000000,3.473689655172415,1,0.58,eth-updown-5m-1780694700
poly_sniper_v5_eth_5m_l_ema50_hurst_grandparent_v8,1780695000000000,3.473689655172415,1,0.58,eth-updown-5m-1780694700
poly_sniper_v5_eth_5m_bb_mp_hurst_band_v6,1780695000000000,3.473689655172415,1,0.58,eth-updown-5m-1780694700
poly_fast_taker_b2_nomerge_eth_5m,1780695000000000,1.3066666666666669,1,0.6,eth-updown-5m-1780694700
poly_sniper_v5_eth_5m_cloud_vwap_hurstmp_v7_vL,1780695300000000,-5.0,0,0.33,eth-updown-5m-1780695000
poly_sniper_v5_eth_5m_cloud_vwap_hurstmp_v7,1780695300000000,-5.0,0,0.33,eth-updown-5m-1780695000
poly_sniper_v5_eth_5m_lq_ema50_hurst_grandparent_prev15m_v8_vL,1780695600000000,1.4130064935064934,1,0.77,eth-updown-5m-1780695300
poly_sniper_v5_eth_5m_l_ema50_hurst_grandparent_v8,1780695600000000,1.4130064935064934,1,0.77,eth-updown-5m-1780695300
poly_sniper_v5_eth_5m_ema50_hurst_parent15mrang_v7,1780695600000000,1.4130064935064934,1,0.77,eth-updown-5m-1780695300
poly_sniper_v5_eth_5m_l_ema50_hurst_grandparent_V10,1780695600000000,1.4130064935064934,1,0.77,eth-updown-5m-1780695300
poly_sniper_v5_eth_5m_lq_ema50_hurst_grandparent_prev15m_v8,1780695600000000,1.4130064935064934,1,0.77,eth-updown-5m-1780695300
poly_sniper_v5_eth_5m_ema50_hurst_parent15mrang_v7_vL,1780695600000000,1.4130064935064934,1,0.77,eth-updown-5m-1780695300
poly_sniper_v5_eth_5m_ema50_hurst_parent15mrang_v7_vL,1780695900000000,2.1378768115942033,1,0.69,eth-updown-5m-1780695600
poly_sniper_v5_eth_5m_ema50_hurst_parent15mrang_v7,1780695900000000,2.1378768115942033,1,0.69,eth-updown-5m-1780695600
poly_sniper_v5_eth_5m_cloud_vwap_hurstmp_v7,1780695900000000,2.1378768115942033,1,0.69,eth-updown-5m-1780695600
poly_sniper_v5_eth_5m_cloud_ribbon_mp_hurst_v6_vL,1780695900000000,2.1378768115942033,1,0.69,eth-updown-5m-1780695600
poly_sniper_v5_eth_5m_v6c3_parent15mrang_v7_vL,1780695900000000,2.1378768115942033,1,0.69,eth-updown-5m-1780695600
poly_sniper_v5_eth_5m_bb_mp_hurst_band_v6,1780695900000000,2.1378768115942033,1,0.69,eth-updown-5m-1780695600
poly_sniper_v5_eth_5m_up_a2_hlcascade25k_v9,1780695900000000,-5.0,0,0.41,eth-updown-5m-1780695600
poly_sniper_v5_eth_5m_cloud_vwap_hurstmp_v7_vL,1780695900000000,2.1378768115942033,1,0.69,eth-updown-5m-1780695600
poly_sniper_v5_eth_5m_cloud_ribbon_mp_hurst_v6,1780695900000000,2.1378768115942033,1,0.69,eth-updown-5m-1780695600
poly_sniper_v5_eth_5m_bb_mp_hurst_band_v6_vL,1780695900000000,2.1378768115942033,1,0.69,eth-updown-5m-1780695600
poly_sniper_v5_eth_5m_v6c3_parent15mrang_v7,1780695900000000,2.1378768115942033,1,0.69,eth-updown-5m-1780695600
poly_sniper_v5_eth_5m_ema50_hurst_parent15mrang_v7,1780696200000000,-5.0,0,0.5,eth-updown-5m-1780695900
poly_sniper_v5_eth_5m_ema50_hurst_parent15mrang_v7_vL,1780696200000000,-5.0,0,0.5,eth-updown-5m-1780695900
poly_sniper_v5_eth_5m_l_ema50_hurst_grandparent_v8,1780696500000000,-5.0,0,0.64,eth-updown-5m-1780696200
poly_sniper_v5_eth_5m_lq_ema50_hurst_grandparent_prev15m_v8_vL,1780696500000000,-5.0,0,0.64,eth-updown-5m-1780696200
poly_sniper_v5_eth_5m_lq_ema50_hurst_grandparent_prev15m_v8,1780696500000000,-5.0,0,0.64,eth-updown-5m-1780696200
poly_sniper_v5_eth_5m_up_a2_hlcascade25k_v9,1780696500000000,-4.999999999999999,0,0.61,eth-updown-5m-1780696200
poly_sniper_v5_eth_5m_ema200_vwap_regimerang_xa3_v7,1780696500000000,-5.0,0,0.71,eth-updown-5m-1780696200
poly_sniper_v5_eth_5m_ema50_hurst_parent15mrang_v7_vL,1780696500000000,-5.0,0,0.64,eth-updown-5m-1780696200
poly_sniper_v5_eth_5m_ema50_hurst_parent15mrang_v7,1780696500000000,-5.0,0,0.64,eth-updown-5m-1780696200
poly_sniper_v5_eth_5m_ema50_hurst_parent15mrang_v7,1780696800000000,4.632421568627452,1,0.51,eth-updown-5m-1780696500
poly_sniper_v5_eth_5m_ema50_hurst_parent15mrang_v7_vL,1780696800000000,4.632421568627452,1,0.51,eth-updown-5m-1780696500
poly_sniper_v5_eth_5m_ema50_hurst_parent15mrang_v7_vL,1780697100000000,3.0602213114754098,1,0.61,eth-updown-5m-1780696800
poly_sniper_v5_eth_5m_ema50_hurst_parent15mrang_v7,1780697100000000,3.0602213114754098,1,0.61,eth-updown-5m-1780696800
poly_sniper_v5_eth_5m_bb_mp_hurst_band_v6,1780697400000000,1.5791666666666668,1,0.75,eth-updown-5m-1780697100
poly_sniper_v5_eth_5m_ema50_hurst_parent15mrang_v7_vL,1780697400000000,1.5791666666666668,1,0.75,eth-updown-5m-1780697100
poly_sniper_v5_eth_5m_bb_mp_hurst_band_v6_vL,1780697400000000,1.5791666666666668,1,0.75,eth-updown-5m-1780697100
poly_sniper_v5_eth_5m_ema50_hurst_parent15mrang_v7,1780697400000000,1.5791666666666668,1,0.75,eth-updown-5m-1780697100
poly_fast_taker_b2_nomerge_eth_5m,1780697400000000,1.7381132075471695,1,0.53,eth-updown-5m-1780697100
poly_sniper_v5_eth_5m_v6c3_parent15mrang_v7,1780698000000000,2.6865,1,0.64,eth-updown-5m-1780697700
poly_sniper_v5_eth_5m_ema50_hurst_parent15mrang_v7_vL,1780698000000000,2.6865,1,0.64,eth-updown-5m-1780697700
poly_sniper_v5_eth_5m_ema200_vwap_regimerang_xa3_v7,1780698000000000,1.2556139240506328,1,0.79,eth-updown-5m-1780697700
poly_sniper_v5_eth_5m_ema50_hurst_parent15mrang_v7,1780698000000000,2.6865,1,0.64,eth-updown-5m-1780697700
poly_sniper_v5_eth_5m_cloud_ribbon_mp_hurst_v6,1780698000000000,2.6865,1,0.64,eth-updown-5m-1780697700
poly_sniper_v5_eth_5m_v6c3_parent15mrang_v7_vL,1780698000000000,2.6865,1,0.64,eth-updown-5m-1780697700
poly_sniper_v5_eth_5m_l_ema50_hurst_grandparent_V10,1780698000000000,2.6865,1,0.64,eth-updown-5m-1780697700
poly_sniper_v5_eth_5m_bb_mp_hurst_band_v6,1780698000000000,2.6865,1,0.64,eth-updown-5m-1780697700
poly_sniper_v5_eth_5m_cloud_vwap_hurstmp_v7,1780698000000000,2.6865,1,0.64,eth-updown-5m-1780697700
poly_sniper_v5_eth_5m_cloud_vwap_hurstmp_v7_vL,1780698000000000,2.6865,1,0.64,eth-updown-5m-1780697700
poly_fast_taker_b2_nomerge_eth_5m,1780698000000000,-1.9999999999999998,0,0.47,eth-updown-5m-1780697700
poly_sniper_v5_eth_5m_cloud_ribbon_mp_hurst_v6_vL,1780698000000000,2.6865,1,0.64,eth-updown-5m-1780697700
poly_sniper_v5_eth_5m_l_ema50_hurst_grandparent_v8,1780698000000000,2.6865,1,0.64,eth-updown-5m-1780697700
poly_sniper_v5_eth_5m_bb_mp_hurst_band_v6_vL,1780698000000000,2.6865,1,0.64,eth-updown-5m-1780697700
poly_sniper_v5_eth_5m_l_ema50_hurst_grandparent_v8,1780698300000000,-5.0,0,0.4,eth-updown-5m-1780698000
poly_fast_taker_b2_nomerge_eth_5m,1780698300000000,1.4193103448275863,1,0.58,eth-updown-5m-1780698000
poly_sniper_v5_eth_5m_l_ema50_hurst_grandparent_V10,1780698300000000,-5.0,0,0.4,eth-updown-5m-1780698000
poly_sniper_v5_eth_5m_bb_mp_hurst_band_v6_vL,1780698600000000,-5.0,0,0.56,eth-updown-5m-1780698300
poly_fast_taker_b2_nomerge_eth_5m,1780698600000000,1.6696296296296291,1,0.54,eth-updown-5m-1780698300
shadow_oracle_settle_eth_5m,1780698600000000,0.2912453018321243,1,0.941302366136895,eth-updown-5m-1780698300
poly_sniper_v5_eth_5m_cloud_vwap_hurstmp_v7_vL,1780698600000000,-5.0,0,0.56,eth-updown-5m-1780698300
poly_fast_taker_b2_nomerge_eth_5m,1780698900000000,1.5399999999999998,1,0.56,eth-updown-5m-1780698600
poly_sniper_v5_eth_5m_l_ema50_hurst_grandparent_V10,1780699200000000,8.664888888888889,1,0.36,eth-updown-5m-1780698900
poly_sniper_v5_eth_5m_cloud_ribbon_mp_hurst_v6,1780699200000000,8.664888888888889,1,0.36,eth-updown-5m-1780698900
poly_sniper_v5_eth_5m_cloud_vwap_hurstmp_v7_vL,1780699200000000,8.664888888888889,1,0.36,eth-updown-5m-1780698900
poly_sniper_v5_eth_5m_cloud_ribbon_mp_hurst_v6_vL,1780699200000000,8.664888888888889,1,0.36,eth-updown-5m-1780698900
poly_sniper_v5_eth_5m_cloud_vwap_hurstmp_v7,1780699200000000,8.664888888888889,1,0.36,eth-updown-5m-1780698900
poly_sniper_v5_eth_5m_bb_mp_hurst_band_v6_vL,1780699200000000,8.664888888888889,1,0.36,eth-updown-5m-1780698900
poly_sniper_v5_eth_5m_bb_mp_hurst_band_v6,1780699200000000,8.664888888888889,1,0.36,eth-updown-5m-1780698900
poly_sniper_v5_eth_5m_l_ema50_hurst_grandparent_v8,1780699200000000,8.664888888888889,1,0.36,eth-updown-5m-1780698900
poly_sniper_v5_eth_5m_bb_mp_hurst_band_V10,1780699200000000,8.664888888888889,1,0.36,eth-updown-5m-1780698900
poly_fast_taker_b2_nomerge_eth_5m,1780699500000000,1.201290322580645,1,0.62,eth-updown-5m-1780699200
poly_sniper_v5_eth_5m_up_a2_hlcascade25k_v9,1780699500000000,-5.0,0,0.29,eth-updown-5m-1780699200
shadow_oracle_settle_eth_5m,1780699800000000,0.3518440860215051,1,0.93,eth-updown-5m-1780699500
poly_sniper_v5_eth_5m_v6c3_parent15mrang_v7_vL,1780700100000000,-5.0,0,0.78,eth-updown-5m-1780699800
poly_sniper_v5_eth_5m_bb_mp_hurst_band_v6_vL,1780700100000000,-5.0,0,0.78,eth-updown-5m-1780699800
poly_sniper_v5_eth_5m_cloud_vwap_hurstmp_v7_vL,1780700100000000,-5.0,0,0.78,eth-updown-5m-1780699800
poly_sniper_v5_eth_5m_cloud_vwap_hurstmp_v7,1780700100000000,-5.0,0,0.78,eth-updown-5m-1780699800
poly_sniper_v5_eth_5m_cloud_ribbon_mp_hurst_v6,1780700100000000,-5.0,0,0.78,eth-updown-5m-1780699800
poly_sniper_v5_eth_5m_cloud_ribbon_mp_hurst_v6_vL,1780700100000000,-5.0,0,0.78,eth-updown-5m-1780699800
shadow_oracle_settle_eth_5m,1780700100000000,1.33325641025641,1,0.78,eth-updown-5m-1780699800
poly_sniper_v5_eth_5m_bb_mp_hurst_band_v6,1780700100000000,-5.0,0,0.78,eth-updown-5m-1780699800
poly_sniper_v5_eth_5m_ema50_hurst_parent15mrang_v7,1780700100000000,-5.0,0,0.78,eth-updown-5m-1780699800
poly_sniper_v5_eth_5m_ema50_hurst_parent15mrang_v7_vL,1780700100000000,-5.0,0,0.78,eth-updown-5m-1780699800
poly_fast_taker_b2_nomerge_eth_5m,1780700100000000,-2.0,0,0.57,eth-updown-5m-1780699800
poly_sniper_v5_eth_5m_v6c3_parent15mrang_v7,1780700100000000,-5.0,0,0.78,eth-updown-5m-1780699800
poly_sniper_v5_eth_5m_v6c3_parent15mrang_v7,1780700400000000,0.9645963855421689,1,0.83,eth-updown-5m-1780700100
poly_sniper_v5_eth_5m_cloud_ribbon_mp_hurst_v6_vL,1780700400000000,0.9645963855421689,1,0.83,eth-updown-5m-1780700100
poly_sniper_v5_eth_5m_cloud_ribbon_mp_hurst_v6,1780700400000000,0.9645963855421689,1,0.83,eth-updown-5m-1780700100
poly_sniper_v5_eth_5m_ema50_hurst_parent15mrang_v7_vL,1780700400000000,0.9645963855421689,1,0.83,eth-updown-5m-1780700100
poly_sniper_v5_eth_5m_v6c3_parent15mrang_v7_vL,1780700400000000,0.9645963855421689,1,0.83,eth-updown-5m-1780700100
poly_sniper_v5_eth_5m_ema50_hurst_parent15mrang_v7,1780700400000000,0.9645963855421689,1,0.83,eth-updown-5m-1780700100
poly_fast_taker_b2_nomerge_eth_5m,1780700400000000,0.8400000000000002,1,0.7,eth-updown-5m-1780700100
poly_sniper_v5_eth_5m_l_ema50_hurst_grandparent_V10,1780700700000000,1.7548150684931507,1,0.73,eth-updown-5m-1780700400
poly_sniper_v5_eth_5m_lq_ema50_hurst_grandparent_prev15m_v8_vL,1780700700000000,1.7548150684931507,1,0.73,eth-updown-5m-1780700400
poly_fast_taker_b2_nomerge_eth_5m,1780700700000000,0.7249315068493151,1,0.73,eth-updown-5m-1780700400
poly_sniper_v5_eth_5m_l_ema50_hurst_grandparent_v8,1780700700000000,1.7548150684931507,1,0.73,eth-updown-5m-1780700400
poly_sniper_v5_eth_5m_ema50_hurst_parent15mrang_v7,1780700700000000,1.7548150684931507,1,0.73,eth-updown-5m-1780700400
poly_sniper_v5_eth_5m_lq_ema50_hurst_grandparent_prev15m_v8,1780700700000000,1.7548150684931507,1,0.73,eth-updown-5m-1780700400
poly_sniper_v5_eth_5m_ema50_hurst_parent15mrang_v7_vL,1780700700000000,1.7548150684931507,1,0.73,eth-updown-5m-1780700400
poly_sniper_v5_eth_5m_cloud_mp_sms_active_off120,1780701000000000,9.91701515151515,1,0.33,eth-updown-5m-1780700700
poly_sniper_v5_eth_5m_ema50_hurst_parent15mrang_v7_vL,1780701000000000,-5.0,0,0.5,eth-updown-5m-1780700700
poly_sniper_v5_eth_5m_ema50_hurst_parent15mrang_v7,1780701000000000,-5.0,0,0.5,eth-updown-5m-1780700700
poly_sniper_v5_eth_5m_ema50_hurst_parent15mrang_v7_vL,1780701300000000,4.269462264150942,1,0.53,eth-updown-5m-1780701000
poly_sniper_v5_eth_5m_cloud_vwap_hurstmp_v7_vL,1780701300000000,4.269462264150942,1,0.53,eth-updown-5m-1780701000
poly_sniper_v5_eth_5m_v6c3_parent15mrang_v7_vL,1780701300000000,4.269462264150942,1,0.53,eth-updown-5m-1780701000
poly_sniper_v5_eth_5m_bb_mp_hurst_band_v6_vL,1780701300000000,4.269462264150942,1,0.53,eth-updown-5m-1780701000
poly_sniper_v5_eth_5m_cloud_ribbon_mp_hurst_v6_vL,1780701300000000,4.269462264150942,1,0.53,eth-updown-5m-1780701000
poly_sniper_v5_eth_5m_ema200_vwap_regimerang_xa3_v7,1780701600000000,1.33325641025641,1,0.78,eth-updown-5m-1780701300
poly_sniper_v5_eth_5m_bb_mp_hurst_band_V10,1780701900000000,-5.0,0,0.53,eth-updown-5m-1780701600
poly_sniper_v5_eth_5m_ema50_hurst_parent15mrang_v7,1780701900000000,-5.0,0,0.53,eth-updown-5m-1780701600
poly_sniper_v5_eth_5m_v6c3_parent15mrang_v7_vL,1780701900000000,-5.0,0,0.53,eth-updown-5m-1780701600
poly_sniper_v5_eth_5m_v6c3_parent15mrang_v7,1780701900000000,-5.0,0,0.53,eth-updown-5m-1780701600
poly_sniper_v5_eth_5m_cloud_vwap_hurstmp_v7,1780701900000000,-5.0,0,0.53,eth-updown-5m-1780701600
poly_sniper_v5_eth_5m_cloud_ribbon_mp_hurst_v6,1780701900000000,-5.0,0,0.53,eth-updown-5m-1780701600
poly_sniper_v5_eth_5m_ema50_hurst_parent15mrang_v7_vL,1780701900000000,-5.0,0,0.53,eth-updown-5m-1780701600
poly_fast_taker_b2_nomerge_eth_5m,1780701900000000,1.2531147540983607,1,0.61,eth-updown-5m-1780701600
poly_sniper_v5_eth_5m_bb_mp_hurst_band_v6_vL,1780701900000000,-5.0,0,0.53,eth-updown-5m-1780701600
poly_sniper_v5_eth_5m_cloud_ribbon_mp_hurst_v6_vL,1780701900000000,-5.0,0,0.53,eth-updown-5m-1780701600
poly_sniper_v5_eth_5m_cloud_vwap_hurstmp_v7_vL,1780701900000000,-5.0,0,0.53,eth-updown-5m-1780701600
poly_sniper_v5_eth_5m_bb_mp_hurst_band_v6,1780701900000000,-5.0,0,0.53,eth-updown-5m-1780701600
poly_sniper_v5_eth_5m_lq_ema50_hurst_grandparent_prev15m_v8,1780702200000000,1.4130064935064934,1,0.77,eth-updown-5m-1780701900
poly_sniper_v5_eth_5m_ema50_hurst_parent15mrang_v7,1780702200000000,1.4130064935064934,1,0.77,eth-updown-5m-1780701900
poly_sniper_v5_eth_5m_ema50_hurst_parent15mrang_v7_vL,1780702200000000,1.4130064935064934,1,0.77,eth-updown-5m-1780701900
poly_sniper_v5_eth_5m_lq_ema50_hurst_grandparent_prev15m_v8_vL,1780702200000000,1.4130064935064934,1,0.77,eth-updown-5m-1780701900
poly_sniper_v5_eth_5m_l_ema50_hurst_grandparent_v8,1780702200000000,1.4130064935064934,1,0.77,eth-updown-5m-1780701900
poly_sniper_v5_eth_5m_l_ema50_hurst_grandparent_v8,1780702500000000,0.6398181818181817,1,0.88,eth-updown-5m-1780702200
poly_sniper_v5_eth_5m_lq_ema50_hurst_grandparent_prev15m_v8_vL,1780702500000000,0.6398181818181817,1,0.88,eth-updown-5m-1780702200
poly_fast_taker_b2_nomerge_eth_5m,1780702500000000,2.04,1,0.49,eth-updown-5m-1780702200
poly_sniper_v5_eth_5m_ema50_hurst_parent15mrang_v7,1780702500000000,0.6398181818181817,1,0.88,eth-updown-5m-1780702200
poly_sniper_v5_eth_5m_ema50_hurst_parent15mrang_v7_vL,1780702500000000,0.6398181818181817,1,0.88,eth-updown-5m-1780702200
poly_sniper_v5_eth_5m_lq_ema50_hurst_grandparent_prev15m_v8,1780702500000000,0.6398181818181817,1,0.88,eth-updown-5m-1780702200
poly_sniper_v5_eth_5m_cloud_ribbon_mp_hurst_v6,1780702800000000,0.4067826086956525,1,0.9199999999999999,eth-updown-5m-1780702500
poly_sniper_v5_eth_5m_cloud_ribbon_mp_hurst_v6_vL,1780702800000000,0.4067826086956525,1,0.9199999999999999,eth-updown-5m-1780702500
poly_fast_taker_b2_nomerge_eth_5m,1780702800000000,0.5210126582278479,1,0.79,eth-updown-5m-1780702500
poly_sniper_v5_eth_5m_a2_hlcascade50k_v9,1780703100000000,-5.0,0,0.84,eth-updown-5m-1780702800
poly_sniper_v5_eth_5m_up_a2_hlcascade25k_v9,1780703100000000,24.12126470588235,1,0.17,eth-updown-5m-1780702800
poly_sniper_v5_eth_5m_a2_hlcascade50k_v9,1780703100000000,24.12126470588235,1,0.17,eth-updown-5m-1780702800
poly_fast_taker_b2_nomerge_eth_5m,1780703100000000,-2.0,0,0.6,eth-updown-5m-1780702800
poly_sniper_v5_eth_5m_l_ema50_hurst_grandparent_V10,1780703400000000,-5.0,0,0.74,eth-updown-5m-1780703100
poly_sniper_v5_eth_5m_lq_ema50_hurst_grandparent_prev15m_v8,1780703400000000,-5.0,0,0.74,eth-updown-5m-1780703100
poly_fast_taker_b2_nomerge_eth_5m,1780703400000000,-2.0,0,0.67,eth-updown-5m-1780703100
poly_sniper_v5_eth_5m_cloud_vwap_hurstmp_v7_vL,1780703400000000,13.26301851851852,1,0.27,eth-updown-5m-1780703100
poly_sniper_v5_eth_5m_lq_ema50_hurst_grandparent_prev15m_v8_vL,1780703400000000,-5.0,0,0.74,eth-updown-5m-1780703100
poly_sniper_v5_eth_5m_l_ema50_hurst_grandparent_v8,1780703400000000,-5.0,0,0.74,eth-updown-5m-1780703100
poly_sniper_v5_eth_5m_cloud_vwap_hurstmp_v7,1780703400000000,13.26301851851852,1,0.27,eth-updown-5m-1780703100
poly_sniper_v5_eth_5m_v6c3_parent15mrang_v7,1780703700000000,0.6398181818181817,1,0.88,eth-updown-5m-1780703400
poly_sniper_v5_eth_5m_cloud_ribbon_mp_hurst_v6,1780703700000000,0.6398181818181817,1,0.88,eth-updown-5m-1780703400
poly_sniper_v5_eth_5m_ema50_hurst_parent15mrang_v7_vL,1780703700000000,0.6398181818181817,1,0.88,eth-updown-5m-1780703400
poly_sniper_v5_eth_5m_ema50_hurst_parent15mrang_v7,1780703700000000,0.6398181818181817,1,0.88,eth-updown-5m-1780703400
poly_sniper_v5_eth_5m_v6c3_parent15mrang_v7_vL,1780703700000000,0.6398181818181817,1,0.88,eth-updown-5m-1780703400
poly_sniper_v5_eth_5m_cloud_ribbon_mp_hurst_v6_vL,1780703700000000,0.6398181818181817,1,0.88,eth-updown-5m-1780703400
poly_sniper_v5_eth_5m_cloud_vwap_hurstmp_v7,1780704000000000,8.396923468090515,1,0.3671497584541063,eth-updown-5m-1780703700
poly_sniper_v5_eth_5m_ema50_hurst_parent15mrang_v7,1780704000000000,8.396923468090515,1,0.3671497584541063,eth-updown-5m-1780703700
poly_sniper_v5_eth_5m_cloud_vwap_hurstmp_v7_vL,1780704000000000,8.396923468090515,1,0.3671497584541063,eth-updown-5m-1780703700
poly_sniper_v5_eth_5m_ema50_hurst_parent15mrang_v7_vL,1780704000000000,8.396923468090515,1,0.3671497584541063,eth-updown-5m-1780703700
poly_sniper_v5_eth_5m_ema50_hurst_parent15mrang_v7,1780704300000000,0.9645963855421689,1,0.83,eth-updown-5m-1780704000
poly_sniper_v5_eth_5m_ema50_hurst_parent15mrang_v7_vL,1780704300000000,0.9645963855421689,1,0.83,eth-updown-5m-1780704000
poly_sniper_v5_eth_5m_up_a2_hlcascade25k_v9,1780704300000000,1.1799999999999997,1,0.8,eth-updown-5m-1780704000
poly_fast_taker_b2_nomerge_eth_5m,1780704300000000,1.6696296296296291,1,0.54,eth-updown-5m-1780704000
poly_sniper_v5_eth_5m_a2_hlcascade50k_v9,1780704600000000,-5.0,0,0.7,eth-updown-5m-1780704300
poly_sniper_v5_eth_5m_v6c3_parent15mrang_v7_vL,1780704600000000,-5.0,0,0.85,eth-updown-5m-1780704300
poly_sniper_v5_eth_5m_ema50_hurst_parent15mrang_v7_vL,1780704600000000,-5.0,0,0.85,eth-updown-5m-1780704300
poly_sniper_v5_eth_5m_up_a2_hlcascade25k_v9,1780704600000000,10.697303921568627,1,0.3137254901960784,eth-updown-5m-1780704300
poly_sniper_v5_eth_5m_cloud_ribbon_mp_hurst_v6_vL,1780704600000000,-5.0,0,0.85,eth-updown-5m-1780704300
poly_sniper_v5_eth_5m_a2_hlcascade50k_v9,1780704600000000,10.697303921568627,1,0.3137254901960784,eth-updown-5m-1780704300
poly_fast_taker_b2_nomerge_eth_5m,1780704600000000,-2.0,0,0.57,eth-updown-5m-1780704300
poly_sniper_v5_eth_5m_l_ema50_hurst_grandparent_v8,1780704900000000,2.6865,1,0.64,eth-updown-5m-1780704600
poly_fast_taker_b2_nomerge_eth_5m,1780704900000000,1.6036363636363635,1,0.55,eth-updown-5m-1780704600
poly_sniper_v5_eth_5m_bb_mp_hurst_band_v6_vL,1780704900000000,2.6865,1,0.64,eth-updown-5m-1780704600
poly_sniper_v5_eth_5m_ema50_hurst_parent15mrang_v7,1780704900000000,2.6865,1,0.64,eth-updown-5m-1780704600
poly_sniper_v5_eth_5m_bb_mp_hurst_band_v6,1780704900000000,2.6865,1,0.64,eth-updown-5m-1780704600
poly_sniper_v5_eth_5m_l_ema50_hurst_grandparent_V10,1780704900000000,2.6865,1,0.64,eth-updown-5m-1780704600
poly_sniper_v5_eth_5m_ema200_vwap_regimerang_xa3_v7,1780704900000000,1.4130064935064934,1,0.77,eth-updown-5m-1780704600
poly_sniper_v5_eth_5m_ema50_hurst_parent15mrang_v7_vL,1780704900000000,2.6865,1,0.64,eth-updown-5m-1780704600
poly_fast_taker_lagv2_eth_5m,1780704900000000,26.173333333333336,1,0.48,eth-updown-5m-1780704600
poly_fast_taker_lagv2_eth_5m,1780705200000000,-11.376043859649121,0,0.5688509211392986,eth-updown-5m-1780704900
poly_fast_taker_lagv2_eth_5m,1780705500000000,-6.133333333333334,0,0.6,eth-updown-5m-1780705200
poly_sniper_v5_eth_5m_ema200_vwap_regimerang_xa3_v7,1780705200000000,-5.0,0,0.71,eth-updown-5m-1780704900
poly_sniper_v5_eth_5m_cloud_ribbon_mp_hurst_v6_vL,1780705200000000,-4.999999999999999,0,0.61,eth-updown-5m-1780704900
poly_sniper_v5_eth_5m_v6c3_parent15mrang_v7_vL,1780705200000000,-4.999999999999999,0,0.61,eth-updown-5m-1780704900
poly_sniper_v5_eth_5m_ema50_hurst_parent15mrang_v7_vL,1780705200000000,-4.999999999999999,0,0.61,eth-updown-5m-1780704900
poly_sniper_v5_eth_5m_bb_mp_hurst_band_v6_vL,1780705200000000,-4.999999999999999,0,0.61,eth-updown-5m-1780704900
poly_fast_taker_b2_nomerge_eth_5m,1780705200000000,-2.0,0,0.59,eth-updown-5m-1780704900
poly_sniper_v5_eth_5m_cloud_vwap_hurstmp_v7_vL,1780705200000000,-4.999999999999999,0,0.61,eth-updown-5m-1780704900
poly_sniper_v5_eth_5m_bb_mp_hurst_band_v6_vL,1780705500000000,-5.0,0,0.53,eth-updown-5m-1780705200
poly_sniper_v5_eth_5m_cloud_ribbon_mp_hurst_v6,1780705500000000,-5.0,0,0.53,eth-updown-5m-1780705200
poly_sniper_v5_eth_5m_cloud_vwap_hurstmp_v7,1780705500000000,-5.0,0,0.53,eth-updown-5m-1780705200
poly_sniper_v5_eth_5m_cloud_vwap_hurstmp_v7_vL,1780705500000000,-5.0,0,0.53,eth-updown-5m-1780705200
poly_sniper_v5_eth_5m_cloud_ribbon_mp_hurst_v6_vL,1780705500000000,-5.0,0,0.53,eth-updown-5m-1780705200
poly_sniper_v5_eth_5m_bb_mp_hurst_band_v6,1780705500000000,-5.0,0,0.53,eth-updown-5m-1780705200
poly_sniper_v5_eth_5m_bb_mp_hurst_band_V10,1780705500000000,-5.0,0,0.53,eth-updown-5m-1780705200
poly_sniper_v5_eth_5m_cloud_ribbon_mp_hurst_V10,1780705500000000,-5.0,0,0.53,eth-updown-5m-1780705200
poly_sniper_v5_eth_5m_cloud_vwap_hurstmp_v7_vL,1780705800000000,-5.0,0,0.4799999999999999,eth-updown-5m-1780705500
poly_sniper_v5_eth_5m_cloud_ribbon_mp_hurst_v6_vL,1780705800000000,-5.0,0,0.4799999999999999,eth-updown-5m-1780705500
poly_sniper_v5_eth_5m_l_ema50_hurst_grandparent_V10,1780705800000000,-5.0,0,0.4799999999999999,eth-updown-5m-1780705500
poly_sniper_v5_eth_5m_bb_mp_hurst_band_V10,1780705800000000,-5.0,0,0.4799999999999999,eth-updown-5m-1780705500
poly_sniper_v5_eth_5m_l_ema50_hurst_grandparent_v8,1780705800000000,-5.0,0,0.4799999999999999,eth-updown-5m-1780705500
poly_sniper_v5_eth_5m_bb_mp_hurst_band_v6,1780705800000000,-5.0,0,0.4799999999999999,eth-updown-5m-1780705500
poly_sniper_v5_eth_5m_cloud_vwap_hurstmp_v7,1780705800000000,-5.0,0,0.4799999999999999,eth-updown-5m-1780705500
poly_sniper_v5_eth_5m_cloud_ribbon_mp_hurst_v6,1780705800000000,-5.0,0,0.4799999999999999,eth-updown-5m-1780705500
poly_sniper_v5_eth_5m_bb_mp_hurst_band_v6_vL,1780705800000000,-5.0,0,0.4799999999999999,eth-updown-5m-1780705500
poly_sniper_v5_eth_5m_v6c3_parent15mrang_v7,1780706400000000,0.4630054945054944,1,0.91,eth-updown-5m-1780706100
poly_sniper_v5_eth_5m_ema50_hurst_parent15mrang_v7_vL,1780706400000000,0.4630054945054944,1,0.91,eth-updown-5m-1780706100
poly_sniper_v5_eth_5m_l_ema50_hurst_grandparent_V10,1780706400000000,0.4630054945054944,1,0.91,eth-updown-5m-1780706100
poly_sniper_v5_eth_5m_l_ema50_hurst_grandparent_v8,1780706400000000,0.4630054945054944,1,0.91,eth-updown-5m-1780706100
poly_sniper_v5_eth_5m_ema50_hurst_parent15mrang_v7,1780706400000000,0.4630054945054944,1,0.91,eth-updown-5m-1780706100
poly_sniper_v5_eth_5m_cloud_ribbon_mp_hurst_v6_vL,1780706400000000,0.4630054945054944,1,0.91,eth-updown-5m-1780706100
poly_sniper_v5_eth_5m_cloud_ribbon_mp_hurst_v6,1780706400000000,0.4630054945054944,1,0.91,eth-updown-5m-1780706100
poly_sniper_v5_eth_5m_v6c3_parent15mrang_v7_vL,1780706400000000,0.4630054945054944,1,0.91,eth-updown-5m-1780706100
poly_fast_taker_lagv2_eth_5m,1780710300000000,13.432500000000001,1,0.64,eth-updown-5m-1780710000
poly_sniper_v5_eth_5m_ema50_hurst_parent15mrang_v7_vL,1780710300000000,2.3471865671641785,1,0.67,eth-updown-5m-1780710000
poly_sniper_v5_eth_5m_ema50_hurst_parent15mrang_v7,1780710300000000,2.3471865671641785,1,0.67,eth-updown-5m-1780710000
poly_sniper_v5_eth_5m_bb_mp_hurst_band_v6_vL,1780710600000000,2.569807692307692,1,0.65,eth-updown-5m-1780710300
poly_sniper_v5_eth_5m_ema50_hurst_parent15mrang_v7_vL,1780710600000000,2.569807692307692,1,0.65,eth-updown-5m-1780710300
poly_fast_taker_lagv2_eth_5m,1780710600000000,14.035039682539683,1,0.63,eth-updown-5m-1780710300
poly_fast_taker_lagv2_eth_5m,1780710900000000,-12.62561282051282,0,0.78,eth-updown-5m-1780710600
poly_sniper_v5_eth_5m_cloud_ribbon_mp_hurst_v6,1780710900000000,-5.0,0,0.8700000000000001,eth-updown-5m-1780710600
poly_sniper_v5_eth_5m_cloud_ribbon_mp_hurst_v6_vL,1780710900000000,-5.0,0,0.8700000000000001,eth-updown-5m-1780710600
poly_sniper_v5_eth_5m_ema50_hurst_parent15mrang_v7_vL,1780710900000000,-5.0,0,0.8700000000000001,eth-updown-5m-1780710600
poly_sniper_v5_eth_5m_ema50_hurst_parent15mrang_v7,1780710900000000,-5.0,0,0.8700000000000001,eth-updown-5m-1780710600
poly_sniper_v5_eth_5m_v6c3_parent15mrang_v7_vL,1780710900000000,-5.0,0,0.8700000000000001,eth-updown-5m-1780710600
poly_sniper_v5_eth_5m_v6c3_parent15mrang_v7,1780710900000000,-5.0,0,0.8700000000000001,eth-updown-5m-1780710600
poly_sniper_v5_eth_5m_ema50_hurst_parent15mrang_v7,1780711200000000,2.686014336917562,1,0.6400409626216078,eth-updown-5m-1780710900
poly_sniper_v5_eth_5m_v6c3_parent15mrang_v7,1780711200000000,2.686014336917562,1,0.6400409626216078,eth-updown-5m-1780710900
poly_sniper_v5_eth_5m_cloud_vwap_hurstmp_v7_vL,1780711200000000,2.686014336917562,1,0.6400409626216078,eth-updown-5m-1780710900
poly_fast_taker_b2_nomerge_eth_5m,1780711200000000,1.3066666666666669,1,0.6,eth-updown-5m-1780710900
poly_sniper_v5_eth_5m_bb_mp_hurst_band_v6_vL,1780711200000000,2.686014336917562,1,0.6400409626216078,eth-updown-5m-1780710900
poly_sniper_v5_eth_5m_v6c3_parent15mrang_v7_vL,1780711200000000,2.686014336917562,1,0.6400409626216078,eth-updown-5m-1780710900
poly_sniper_v5_eth_5m_cloud_vwap_hurstmp_v7,1780711200000000,2.686014336917562,1,0.6400409626216078,eth-updown-5m-1780710900
poly_sniper_v5_eth_5m_cloud_ribbon_mp_hurst_v6_vL,1780711200000000,2.686014336917562,1,0.6400409626216078,eth-updown-5m-1780710900
poly_sniper_v5_eth_5m_bb_mp_hurst_band_v6,1780711200000000,2.686014336917562,1,0.6400409626216078,eth-updown-5m-1780710900
poly_sniper_v5_eth_5m_ema50_hurst_parent15mrang_v7_vL,1780711200000000,2.686014336917562,1,0.6400409626216078,eth-updown-5m-1780710900
poly_sniper_v5_eth_5m_cloud_ribbon_mp_hurst_v6,1780711200000000,2.686014336917562,1,0.6400409626216078,eth-updown-5m-1780710900
poly_sniper_v5_eth_5m_ema50_hurst_parent15mrang_v7_vL,1780711500000000,2.569807692307692,1,0.65,eth-updown-5m-1780711200
poly_sniper_v5_eth_5m_ema50_hurst_parent15mrang_v7,1780711500000000,2.569807692307692,1,0.65,eth-updown-5m-1780711200
poly_sniper_v5_eth_5m_cloud_ribbon_mp_hurst_v6_vL,1780711800000000,-5.0,0,0.71,eth-updown-5m-1780711500
poly_sniper_v5_eth_5m_cloud_vwap_hurstmp_v7_vL,1780711800000000,-5.0,0,0.71,eth-updown-5m-1780711500
poly_sniper_v5_eth_5m_v6c3_parent15mrang_v7_vL,1780711800000000,-5.0,0,0.71,eth-updown-5m-1780711500
poly_sniper_v5_eth_5m_ema50_hurst_parent15mrang_v7_vL,1780711800000000,-5.0,0,0.71,eth-updown-5m-1780711500
poly_sniper_v5_eth_5m_bb_mp_hurst_band_v6_vL,1780711800000000,-5.0,0,0.71,eth-updown-5m-1780711500
poly_fast_taker_lagv2_eth_5m,1780712100000000,-8.445945945945946,0,0.74,eth-updown-5m-1780711800
poly_sniper_v5_eth_5m_ema200_vwap_regimerang_xa3_v7,1780712100000000,1.33325641025641,1,0.78,eth-updown-5m-1780711800
poly_sniper_v5_eth_5m_ema50_hurst_parent15mrang_v7_vL,1780712100000000,6.428406976744185,1,0.43000000000000005,eth-updown-5m-1780711800
poly_fast_taker_b2_nomerge_eth_5m,1780712100000000,-2.0,0,0.75,eth-updown-5m-1780711800
poly_sniper_v5_eth_5m_ema50_hurst_parent15mrang_v7,1780712100000000,6.428406976744185,1,0.43000000000000005,eth-updown-5m-1780711800
poly_fast_taker_lagv2_eth_5m,1780712400000000,-12.464712698412699,0,0.63,eth-updown-5m-1780712100
poly_sniper_v5_eth_5m_ema200_vwap_regimerang_xa3_v7,1780712400000000,1.4949473684210524,1,0.76,eth-updown-5m-1780712100
poly_sniper_v5_eth_5m_ema50_hurst_parent15mrang_v7_vL,1780712400000000,6.2153473536628105,1,0.43813529617946023,eth-updown-5m-1780712100
poly_sniper_v5_eth_5m_ema50_hurst_parent15mrang_v7,1780712400000000,6.2153473536628105,1,0.43813529617946023,eth-updown-5m-1780712100
poly_sniper_v5_eth_5m_ema50_hurst_parent15mrang_v7,1780712700000000,-5.0,0,0.22,eth-updown-5m-1780712400
poly_fast_taker_lagv2_eth_5m,1780712700000000,12.768740504133325,1,0.6514015001973943,eth-updown-5m-1780712400
poly_sniper_v5_eth_5m_ema50_hurst_parent15mrang_v7_vL,1780712700000000,-5.0,0,0.22,eth-updown-5m-1780712400
poly_fast_taker_b2_nomerge_eth_5m,1780712700000000,1.201290322580645,1,0.62,eth-updown-5m-1780712400
poly_fast_taker_lagv2_eth_5m,1780713000000000,-12.536567164179102,0,0.67,eth-updown-5m-1780712700
poly_sniper_v5_eth_5m_l_ema50_hurst_grandparent_V10,1780713000000000,-5.0,0,0.36,eth-updown-5m-1780712700
poly_sniper_v5_eth_5m_ema50_hurst_parent15mrang_v7_vL,1780713000000000,-5.0,0,0.36,eth-updown-5m-1780712700
poly_sniper_v5_eth_5m_l_ema50_hurst_grandparent_v8,1780713000000000,-5.0,0,0.36,eth-updown-5m-1780712700
poly_fast_taker_b2_nomerge_eth_5m,1780713000000000,0.965373134328358,1,0.67,eth-updown-5m-1780712700
poly_sniper_v5_eth_5m_ema50_hurst_parent15mrang_v7,1780713000000000,-5.0,0,0.36,eth-updown-5m-1780712700
poly_sniper_v5_eth_5m_ema200_vwap_regimerang_xa3_v7,1780713000000000,-4.999999999999999,0,0.61,eth-updown-5m-1780712700
poly_sniper_v5_eth_5m_cloud_vwap_hurstmp_v7_vL,1780713300000000,3.193333333333334,1,0.6,eth-updown-5m-1780713000
poly_sniper_v5_eth_5m_ema50_hurst_parent15mrang_v7,1780713300000000,3.193333333333334,1,0.6,eth-updown-5m-1780713000
poly_sniper_v5_eth_5m_l_ema50_hurst_grandparent_V10,1780713300000000,3.193333333333334,1,0.6,eth-updown-5m-1780713000
poly_sniper_v5_eth_5m_cloud_vwap_hurstmp_v7,1780713300000000,3.193333333333334,1,0.6,eth-updown-5m-1780713000
poly_sniper_v5_eth_5m_l_ema50_hurst_grandparent_v8,1780713300000000,3.193333333333334,1,0.6,eth-updown-5m-1780713000
poly_sniper_v5_eth_5m_ema200_vwap_regimerang_xa3_v7,1780713300000000,2.1378768115942033,1,0.69,eth-updown-5m-1780713000
poly_sniper_v5_eth_5m_ema50_hurst_parent15mrang_v7_vL,1780713300000000,3.193333333333334,1,0.6,eth-updown-5m-1780713000
poly_sniper_v5_eth_5m_ema50_hurst_parent15mrang_v7_vL,1780713600000000,-5.0,0,0.82,eth-updown-5m-1780713300
poly_sniper_v5_eth_5m_ema50_hurst_parent15mrang_v7,1780713600000000,-5.0,0,0.82,eth-updown-5m-1780713300
poly_fast_taker_lagv2_eth_5m,1780714200000000,-7.936507936507937,0,0.63,eth-updown-5m-1780713900
poly_sniper_v5_eth_5m_ema50_hurst_parent15mrang_v7,1780713900000000,1.7548150684931507,1,0.73,eth-updown-5m-1780713600
poly_fast_taker_lagv2_eth_5m,1780713900000000,10.189285714285715,1,0.7,eth-updown-5m-1780713600
poly_sniper_v5_eth_5m_ema50_hurst_parent15mrang_v7_vL,1780713900000000,1.7548150684931507,1,0.73,eth-updown-5m-1780713600
poly_fast_taker_b2_nomerge_eth_5m,1780713900000000,-2.0,0,0.63,eth-updown-5m-1780713600
poly_sniper_v5_eth_5m_v6c3_parent15mrang_v7_vL,1780714200000000,2.6865,1,0.64,eth-updown-5m-1780713900
poly_sniper_v5_eth_5m_cloud_vwap_hurstmp_v7_vL,1780714200000000,2.6865,1,0.64,eth-updown-5m-1780713900
poly_sniper_v5_eth_5m_cloud_ribbon_mp_hurst_v6_vL,1780714200000000,2.6865,1,0.64,eth-updown-5m-1780713900
poly_fast_taker_b2_nomerge_eth_5m,1780714200000000,-2.0,0,0.69,eth-updown-5m-1780713900
poly_sniper_v5_eth_5m_bb_mp_hurst_band_v6_vL,1780714200000000,2.6865,1,0.64,eth-updown-5m-1780713900
poly_sniper_v5_eth_5m_ema50_hurst_parent15mrang_v7_vL,1780714200000000,2.6865,1,0.64,eth-updown-5m-1780713900
poly_fast_taker_lagv2_eth_5m,1780714500000000,-9.836065573770492,0,0.61,eth-updown-5m-1780714200
poly_sniper_v5_eth_5m_cloud_ribbon_mp_hurst_V10,1780714500000000,-5.0,0,0.58,eth-updown-5m-1780714200
poly_sniper_v5_eth_5m_v6c3_parent15mrang_v7,1780714500000000,-5.0,0,0.58,eth-updown-5m-1780714200
poly_sniper_v5_eth_5m_ema50_hurst_parent15mrang_v7_vL,1780714500000000,-5.0,0,0.58,eth-updown-5m-1780714200
poly_sniper_v5_eth_5m_v6c3_parent15mrang_v7_vL,1780714500000000,-5.0,0,0.58,eth-updown-5m-1780714200
poly_sniper_v5_eth_5m_cloud_vwap_hurstmp_v7,1780714500000000,-5.0,0,0.58,eth-updown-5m-1780714200
poly_sniper_v5_eth_5m_bb_mp_hurst_band_v6,1780714500000000,-5.0,0,0.58,eth-updown-5m-1780714200
poly_sniper_v5_eth_5m_cloud_vwap_hurstmp_v7_vL,1780714500000000,-5.0,0,0.58,eth-updown-5m-1780714200
poly_sniper_v5_eth_5m_bb_mp_hurst_band_v6_vL,1780714500000000,-5.0,0,0.58,eth-updown-5m-1780714200
poly_sniper_v5_eth_5m_l_ema50_hurst_grandparent_v8,1780714500000000,-5.0,0,0.58,eth-updown-5m-1780714200
poly_sniper_v5_eth_5m_l_ema50_hurst_grandparent_V10,1780714500000000,-5.0,0,0.58,eth-updown-5m-1780714200
poly_sniper_v5_eth_5m_cloud_ribbon_mp_hurst_v6_vL,1780714500000000,-5.0,0,0.58,eth-updown-5m-1780714200
poly_sniper_v5_eth_5m_ema200_vwap_regimerang_xa3_v7,1780714500000000,-5.0,0,0.5676499292927282,eth-updown-5m-1780714200
poly_sniper_v5_eth_5m_cloud_ribbon_mp_hurst_v6,1780714500000000,-5.0,0,0.58,eth-updown-5m-1780714200
poly_sniper_v5_eth_5m_ema50_hurst_parent15mrang_v7,1780714500000000,-5.0,0,0.58,eth-updown-5m-1780714200
poly_sniper_v5_eth_5m_ema50_hurst_parent15mrang_v7_vL,1780714800000000,0.7016264367816085,1,0.8700000000000001,eth-updown-5m-1780714500
poly_fast_taker_lagv2_eth_5m,1780714800000000,9.232222222222223,1,0.72,eth-updown-5m-1780714500
poly_sniper_v5_eth_5m_ema50_hurst_parent15mrang_v7,1780714800000000,0.7016264367816085,1,0.8700000000000001,eth-updown-5m-1780714500
poly_sniper_v5_eth_5m_ema50_hurst_parent15mrang_v7_vL,1780715100000000,1.7548150684931507,1,0.73,eth-updown-5m-1780714800
poly_sniper_v5_eth_5m_ema50_hurst_parent15mrang_v7,1780715100000000,1.7548150684931507,1,0.73,eth-updown-5m-1780714800
poly_sniper_v5_eth_5m_ema200_vwap_regimerang_xa3_v7,1780715100000000,1.2626353278298437,1,0.789084661792321,eth-updown-5m-1780714800
poly_fast_taker_lagv2_eth_5m,1780715400000000,-10.416666666666668,0,0.6,eth-updown-5m-1780715100
poly_sniper_v5_eth_5m_cloud_vwap_hurstmp_v7_vL,1780715400000000,3.193333333333334,1,0.6,eth-updown-5m-1780715100
poly_sniper_v5_eth_5m_bb_mp_hurst_band_v6_vL,1780715400000000,3.193333333333334,1,0.6,eth-updown-5m-1780715100
poly_sniper_v5_eth_5m_ema50_hurst_parent15mrang_v7_vL,1780715400000000,3.193333333333334,1,0.6,eth-updown-5m-1780715100
poly_sniper_v5_eth_5m_bb_mp_hurst_band_v6,1780715400000000,3.193333333333334,1,0.6,eth-updown-5m-1780715100
poly_sniper_v5_eth_5m_cloud_ribbon_mp_hurst_v6,1780715400000000,3.193333333333334,1,0.6,eth-updown-5m-1780715100
poly_sniper_v5_eth_5m_cloud_vwap_hurstmp_v7,1780715400000000,3.193333333333334,1,0.6,eth-updown-5m-1780715100
poly_sniper_v5_eth_5m_ema50_hurst_parent15mrang_v7,1780715400000000,3.193333333333334,1,0.6,eth-updown-5m-1780715100
poly_sniper_v5_eth_5m_v6c3_parent15mrang_v7_vL,1780715400000000,3.193333333333334,1,0.6,eth-updown-5m-1780715100
poly_sniper_v5_eth_5m_cloud_ribbon_mp_hurst_v6_vL,1780715400000000,3.193333333333334,1,0.6,eth-updown-5m-1780715100
poly_sniper_v5_eth_5m_v6c3_parent15mrang_v7,1780715400000000,3.193333333333334,1,0.6,eth-updown-5m-1780715100
poly_sniper_v5_eth_5m_ema50_hurst_parent15mrang_v7_vL,1780715700000000,0.8963809523809526,1,0.84,eth-updown-5m-1780715400
poly_sniper_v5_eth_5m_cloud_ribbon_mp_hurst_v6_vL,1780715700000000,0.8963809523809526,1,0.84,eth-updown-5m-1780715400
poly_sniper_v5_eth_5m_v6c3_parent15mrang_v7_vL,1780715700000000,0.8963809523809526,1,0.84,eth-updown-5m-1780715400
poly_sniper_v5_eth_5m_ema200_vwap_regimerang_xa3_v7,1780715700000000,-5.0,0,0.49,eth-updown-5m-1780715400
poly_fast_taker_lagv2_eth_5m,1780716000000000,-15.517241379310343,0,0.58,eth-updown-5m-1780715700
poly_sniper_v5_eth_5m_cloud_vwap_hurstmp_v7_vL,1780716000000000,-5.0,0,0.42,eth-updown-5m-1780715700
poly_sniper_v5_eth_5m_l_ema50_hurst_grandparent_V10,1780716000000000,-5.0,0,0.42,eth-updown-5m-1780715700
poly_sniper_v5_eth_5m_cloud_vwap_hurstmp_v7,1780716000000000,-5.0,0,0.42,eth-updown-5m-1780715700
poly_sniper_v5_eth_5m_ema50_hurst_parent15mrang_v7_vL,1780716000000000,-5.0,0,0.42,eth-updown-5m-1780715700
poly_sniper_v5_eth_5m_bb_mp_hurst_band_V10,1780716000000000,-5.0,0,0.42,eth-updown-5m-1780715700
poly_sniper_v5_eth_5m_ema200_vwap_regimerang_xa3_v7,1780716000000000,-5.0,0,0.51,eth-updown-5m-1780715700
poly_sniper_v5_eth_5m_l_ema50_hurst_grandparent_v8,1780716000000000,-5.0,0,0.42,eth-updown-5m-1780715700
poly_sniper_v5_eth_5m_ema50_hurst_parent15mrang_v7,1780716000000000,-5.0,0,0.42,eth-updown-5m-1780715700
poly_fast_taker_b2_nomerge_eth_5m,1780716000000000,0.8005633802816903,1,0.71,eth-updown-5m-1780715700
poly_sniper_v5_eth_5m_bb_mp_hurst_band_v6,1780716000000000,-5.0,0,0.42,eth-updown-5m-1780715700
poly_sniper_v5_eth_5m_bb_mp_hurst_band_v6_vL,1780716000000000,-5.0,0,0.42,eth-updown-5m-1780715700
poly_sniper_v5_eth_5m_cloud_vwap_hurstmp_v7,1780716300000000,1.4949473684210524,1,0.76,eth-updown-5m-1780716000
poly_sniper_v5_eth_5m_cloud_vwap_hurstmp_v7_vL,1780716300000000,1.4949473684210524,1,0.76,eth-updown-5m-1780716000
poly_sniper_v5_eth_5m_bb_mp_hurst_band_v6_vL,1780716300000000,1.4949473684210524,1,0.76,eth-updown-5m-1780716000
poly_sniper_v5_eth_5m_v6c3_parent15mrang_v7,1780716300000000,1.4949473684210524,1,0.76,eth-updown-5m-1780716000
poly_sniper_v5_eth_5m_ema50_hurst_parent15mrang_v7,1780716300000000,1.4949473684210524,1,0.76,eth-updown-5m-1780716000
poly_sniper_v5_eth_5m_v6c3_parent15mrang_v7_vL,1780716300000000,1.4949473684210524,1,0.76,eth-updown-5m-1780716000
poly_sniper_v5_eth_5m_l_ema50_hurst_grandparent_v8,1780716300000000,1.4949473684210524,1,0.76,eth-updown-5m-1780716000
poly_sniper_v5_eth_5m_cloud_ribbon_mp_hurst_V10,1780716300000000,1.4949473684210524,1,0.76,eth-updown-5m-1780716000
poly_sniper_v5_eth_5m_cloud_ribbon_mp_hurst_v6,1780716300000000,1.4949473684210524,1,0.76,eth-updown-5m-1780716000
poly_sniper_v5_eth_5m_bb_mp_hurst_band_v6,1780716300000000,1.4949473684210524,1,0.76,eth-updown-5m-1780716000
poly_sniper_v5_eth_5m_cloud_ribbon_mp_hurst_v6_vL,1780716300000000,1.4949473684210524,1,0.76,eth-updown-5m-1780716000
poly_sniper_v5_eth_5m_ema200_vwap_regimerang_xa3_v7,1780716300000000,-5.0,0,0.33,eth-updown-5m-1780716000
poly_sniper_v5_eth_5m_l_ema50_hurst_grandparent_V10,1780716300000000,1.4949473684210524,1,0.76,eth-updown-5m-1780716000
poly_sniper_v5_eth_5m_ema50_hurst_parent15mrang_v7_vL,1780716300000000,1.4949473684210524,1,0.76,eth-updown-5m-1780716000
poly_fast_taker_lagv2_eth_5m,1780716600000000,-16.833492063492066,0,0.63,eth-updown-5m-1780716300
poly_sniper_v5_eth_5m_l_ema50_hurst_grandparent_V10,1780716600000000,-5.0,0,0.66,eth-updown-5m-1780716300
poly_sniper_v5_eth_5m_ema50_hurst_parent15mrang_v7,1780716600000000,-5.0,0,0.66,eth-updown-5m-1780716300
poly_sniper_v5_eth_5m_l_ema50_hurst_grandparent_v8,1780716600000000,-5.0,0,0.66,eth-updown-5m-1780716300
poly_sniper_v5_eth_5m_ema50_hurst_parent15mrang_v7_vL,1780716600000000,-5.0,0,0.66,eth-updown-5m-1780716300
poly_fast_taker_b2_nomerge_eth_5m,1780716600000000,-2.0,0,0.6,eth-updown-5m-1780716300
poly_sniper_v5_eth_5m_ema50_hurst_parent15mrang_v7,1780717200000000,0.4630054945054944,1,0.91,eth-updown-5m-1780716900
poly_sniper_v5_eth_5m_ema50_hurst_parent15mrang_v7_vL,1780717200000000,0.4630054945054944,1,0.91,eth-updown-5m-1780716900
poly_fast_taker_b2_nomerge_eth_5m,1780717200000000,1.151111111111111,1,0.63,eth-updown-5m-1780716900
poly_sniper_v5_eth_5m_ema50_hurst_parent15mrang_v7,1780717500000000,-5.0,0,0.49,eth-updown-5m-1780717200
poly_sniper_v5_eth_5m_ema50_hurst_parent15mrang_v7_vL,1780717500000000,-5.0,0,0.49,eth-updown-5m-1780717200
poly_sniper_v5_eth_5m_l_ema50_hurst_grandparent_v8,1780717500000000,-5.0,0,0.49,eth-updown-5m-1780717200
poly_sniper_v5_eth_5m_bb_mp_hurst_band_v6,1780718700000000,-5.0,0,0.6,eth-updown-5m-1780718400
poly_sniper_v5_eth_5m_bb_mp_hurst_band_v6_vL,1780718700000000,-5.0,0,0.6,eth-updown-5m-1780718400
poly_sniper_v5_eth_5m_cloud_vwap_hurstmp_v7,1780718700000000,-5.0,0,0.6,eth-updown-5m-1780718400
poly_sniper_v5_eth_5m_ema50_hurst_parent15mrang_v7_vL,1780718700000000,-5.0,0,0.6,eth-updown-5m-1780718400
poly_sniper_v5_eth_5m_cloud_vwap_hurstmp_v7_vL,1780718700000000,-5.0,0,0.6,eth-updown-5m-1780718400
poly_sniper_v5_eth_5m_ema50_hurst_parent15mrang_v7,1780718700000000,-5.0,0,0.6,eth-updown-5m-1780718400
poly_sniper_v5_eth_5m_v5repl_off120_v6,1780719000000000,0.4067826086956525,1,0.9199999999999999,eth-updown-5m-1780718700
poly_sniper_v5_eth_5m_a2_hlcascade50k_v9,1780719000000000,-5.0,0,0.22,eth-updown-5m-1780718700
poly_sniper_v5_eth_5m_l_ema50_hurst_grandparent_v8,1780719000000000,0.4630054945054944,1,0.91,eth-updown-5m-1780718700
poly_sniper_v5_eth_5m_tr200_mp_sms_active_off120,1780719000000000,0.4067826086956525,1,0.9199999999999999,eth-updown-5m-1780718700
poly_sniper_v5_eth_5m_l_ema50_hurst_grandparent_V10,1780719000000000,0.4630054945054944,1,0.91,eth-updown-5m-1780718700
poly_sniper_v5_eth_5m_up_a2_hlcascade25k_v9,1780719000000000,-5.0,0,0.22,eth-updown-5m-1780718700
poly_sniper_v5_eth_5m_ema50_hurst_parent15mrang_v7_vL,1780719000000000,0.4630054945054944,1,0.91,eth-updown-5m-1780718700
poly_sniper_v5_eth_5m_cloud_mp_sms_active_off120,1780719000000000,0.4067826086956525,1,0.9199999999999999,eth-updown-5m-1780718700
poly_fast_taker_lagv2_eth_5m,1780719000000000,11.735932835820892,1,0.67,eth-updown-5m-1780718700
poly_sniper_v5_eth_5m_ema50_hurst_parent15mrang_v7,1780719000000000,0.4630054945054944,1,0.91,eth-updown-5m-1780718700
poly_fast_taker_b2_nomerge_eth_5m,1780719000000000,0.8400000000000002,1,0.7,eth-updown-5m-1780718700
poly_sniper_v5_eth_5m_ema50_hurst_parent15mrang_v7_vL,1780719300000000,-5.0,0,0.68,eth-updown-5m-1780719000
poly_fast_taker_b2_nomerge_eth_5m,1780719300000000,-2.0,0,0.65,eth-updown-5m-1780719000
poly_sniper_v5_eth_5m_ema50_hurst_parent15mrang_v7,1780719300000000,-5.0,0,0.68,eth-updown-5m-1780719000
poly_sniper_v5_eth_5m_v6c3_parent15mrang_v7,1780719600000000,-5.0,0,0.35,eth-updown-5m-1780719300
poly_sniper_v5_eth_5m_ema50_hurst_parent15mrang_v7,1780719600000000,-5.0,0,0.35,eth-updown-5m-1780719300
poly_sniper_v5_eth_5m_bb_mp_hurst_band_v6,1780719600000000,-5.0,0,0.35,eth-updown-5m-1780719300
poly_sniper_v5_eth_5m_cloud_vwap_hurstmp_v7_vL,1780719600000000,-5.0,0,0.35,eth-updown-5m-1780719300
poly_sniper_v5_eth_5m_ema50_hurst_parent15mrang_v7_vL,1780719600000000,-5.0,0,0.35,eth-updown-5m-1780719300
poly_sniper_v5_eth_5m_cloud_ribbon_mp_hurst_v6,1780719600000000,-5.0,0,0.35,eth-updown-5m-1780719300
poly_sniper_v5_eth_5m_cloud_vwap_hurstmp_v7,1780719600000000,-5.0,0,0.35,eth-updown-5m-1780719300
poly_sniper_v5_eth_5m_bb_mp_hurst_band_v6_vL,1780719600000000,-5.0,0,0.35,eth-updown-5m-1780719300
poly_sniper_v5_eth_5m_bb_mp_hurst_band_V10,1780719600000000,-5.0,0,0.35,eth-updown-5m-1780719300
poly_sniper_v5_eth_5m_v6c3_parent15mrang_v7_vL,1780719600000000,-5.0,0,0.35,eth-updown-5m-1780719300
poly_sniper_v5_eth_5m_cloud_ribbon_mp_hurst_v6_vL,1780719600000000,-5.0,0,0.35,eth-updown-5m-1780719300
poly_sniper_v5_eth_5m_ema50_hurst_parent15mrang_v7_vL,1780719900000000,1.6657567567567568,1,0.74,eth-updown-5m-1780719600
poly_sniper_v5_eth_5m_ema200_vwap_regimerang_xa3_v7,1780719900000000,-5.0,0,0.39,eth-updown-5m-1780719600
poly_sniper_v5_eth_5m_ema50_hurst_parent15mrang_v7,1780719900000000,1.6657567567567568,1,0.74,eth-updown-5m-1780719600
poly_fast_taker_b2_nomerge_eth_5m,1780719900000000,-2.0,0,0.5517241379310346,eth-updown-5m-1780719600
poly_fast_taker_lagv2_eth_5m,1780720200000000,-4.709032786885246,0,0.61,eth-updown-5m-1780719900
poly_fast_taker_lagv2_eth_5m,1780720500000000,-9.303522807017544,0,0.57,eth-updown-5m-1780720200
poly_sniper_v5_eth_5m_ema50_hurst_parent15mrang_v7,1780720200000000,-5.0,0,0.74,eth-updown-5m-1780719900
poly_sniper_v5_eth_5m_ema200_vwap_regimerang_xa3_v7,1780720200000000,4.825,1,0.5,eth-updown-5m-1780719900
poly_sniper_v5_eth_5m_ema50_hurst_parent15mrang_v7_vL,1780720200000000,-5.0,0,0.74,eth-updown-5m-1780719900
poly_fast_taker_b2_nomerge_eth_5m,1780720200000000,-2.0,0,0.66,eth-updown-5m-1780719900
poly_sniper_v5_eth_5m_l_ema50_hurst_grandparent_V10,1780720500000000,1.5791666666666668,1,0.75,eth-updown-5m-1780720200
poly_sniper_v5_eth_5m_ema50_hurst_parent15mrang_v7,1780720500000000,1.5791666666666668,1,0.75,eth-updown-5m-1780720200
poly_sniper_v5_eth_5m_l_ema50_hurst_grandparent_v8,1780720500000000,1.5791666666666668,1,0.75,eth-updown-5m-1780720200
poly_sniper_v5_eth_5m_ema50_hurst_parent15mrang_v7_vL,1780720500000000,1.5791666666666668,1,0.75,eth-updown-5m-1780720200
poly_fast_taker_lagv2_eth_5m,1780720800000000,-15.184103030303032,0,0.66,eth-updown-5m-1780720500
poly_sniper_v5_eth_5m_ema50_hurst_parent15mrang_v7,1780720800000000,1.1063395061728392,1,0.81,eth-updown-5m-1780720500
poly_fast_taker_b2_nomerge_eth_5m,1780720800000000,1.0096969696969698,1,0.66,eth-updown-5m-1780720500
poly_sniper_v5_eth_5m_ema50_hurst_parent15mrang_v7_vL,1780720800000000,1.1063395061728392,1,0.81,eth-updown-5m-1780720500
poly_sniper_v5_eth_5m_ema50_hurst_parent15mrang_v7,1780721100000000,1.1799999999999997,1,0.8,eth-updown-5m-1780720800
poly_sniper_v5_eth_5m_a2_hlcascade50k_v9,1780721100000000,-5.0,0,0.4799999999999999,eth-updown-5m-1780720800
poly_fast_taker_b2_nomerge_eth_5m,1780721100000000,1.362033898305085,1,0.59,eth-updown-5m-1780720800
shadow_oracle_settle_eth_5m,1780721100000000,0.2643005145811991,1,0.9464225228635756,eth-updown-5m-1780720800
poly_sniper_v5_eth_5m_up_a2_hlcascade25k_v9,1780721100000000,4.233810497099261,1,0.5320511557333439,eth-updown-5m-1780720800
poly_sniper_v5_eth_5m_ema50_hurst_parent15mrang_v7_vL,1780721100000000,1.1799999999999997,1,0.8,eth-updown-5m-1780720800
poly_sniper_v5_eth_5m_a2_hlcascade50k_v9,1780721100000000,4.233810497099261,1,0.5320511557333439,eth-updown-5m-1780720800
poly_sniper_v5_eth_5m_bb_mp_hurst_band_v6,1780721400000000,1.6657567567567568,1,0.74,eth-updown-5m-1780721100
poly_sniper_v5_eth_5m_cloud_ribbon_mp_hurst_v6_vL,1780721400000000,1.6657567567567568,1,0.74,eth-updown-5m-1780721100
poly_sniper_v5_eth_5m_cloud_vwap_hurstmp_v7,1780721400000000,1.6657567567567568,1,0.74,eth-updown-5m-1780721100
poly_sniper_v5_eth_5m_cloud_ribbon_mp_hurst_v6,1780721400000000,1.6657567567567568,1,0.74,eth-updown-5m-1780721100
poly_sniper_v5_eth_5m_bb_mp_hurst_band_v6_vL,1780721400000000,1.6657567567567568,1,0.74,eth-updown-5m-1780721100
poly_sniper_v5_eth_5m_l_ema50_hurst_grandparent_v8,1780721400000000,1.6657567567567568,1,0.74,eth-updown-5m-1780721100
poly_sniper_v5_eth_5m_ema50_hurst_parent15mrang_v7,1780721400000000,1.6657567567567568,1,0.74,eth-updown-5m-1780721100
poly_sniper_v5_eth_5m_v6c3_parent15mrang_v7,1780721400000000,1.6657567567567568,1,0.74,eth-updown-5m-1780721100
poly_sniper_v5_eth_5m_ema50_hurst_parent15mrang_v7_vL,1780721400000000,1.6657567567567568,1,0.74,eth-updown-5m-1780721100
poly_sniper_v5_eth_5m_v6c3_parent15mrang_v7_vL,1780721400000000,1.6657567567567568,1,0.74,eth-updown-5m-1780721100
poly_fast_taker_b2_nomerge_eth_5m,1780721400000000,1.2487096774193547,1,0.6108374384236454,eth-updown-5m-1780721100
poly_sniper_v5_eth_5m_cloud_ribbon_mp_hurst_V10,1780721400000000,1.6657567567567568,1,0.74,eth-updown-5m-1780721100
poly_sniper_v5_eth_5m_cloud_vwap_hurstmp_v7_vL,1780721400000000,1.6657567567567568,1,0.74,eth-updown-5m-1780721100
poly_sniper_v5_eth_5m_ema50_hurst_parent15mrang_v7,1780721700000000,-5.0,0,0.3,eth-updown-5m-1780721400
poly_sniper_v5_eth_5m_l_ema50_hurst_grandparent_v8,1780721700000000,-5.0,0,0.3,eth-updown-5m-1780721400
poly_sniper_v5_eth_5m_ema50_hurst_parent15mrang_v7_vL,1780721700000000,-5.0,0,0.3,eth-updown-5m-1780721400
poly_sniper_v5_eth_5m_l_ema50_hurst_grandparent_V10,1780721700000000,-5.0,0,0.3,eth-updown-5m-1780721400
poly_fast_taker_b2_nomerge_eth_5m,1780721700000000,-2.0,0,0.53,eth-updown-5m-1780721400
poly_sniper_v5_eth_5m_up_a2_hlcascade25k_v9,1780722000000000,-5.0,0,0.3465346534653465,eth-updown-5m-1780721700
poly_sniper_v5_eth_5m_a2_hlcascade50k_v9,1780722000000000,2.3471865671641785,1,0.67,eth-updown-5m-1780721700
poly_sniper_v5_eth_5m_a2_hlcascade50k_v9,1780722000000000,-5.0,0,0.3465346534653465,eth-updown-5m-1780721700
poly_fast_taker_lagv2_eth_5m,1780722600000000,-8.075000000000005,0,0.6711409395973156,eth-updown-5m-1780722300
poly_sniper_v5_eth_5m_cloud_vwap_hurstmp_v7_vL,1780722300000000,1.33325641025641,1,0.78,eth-updown-5m-1780722000
poly_sniper_v5_eth_5m_ema50_hurst_parent15mrang_v7,1780722300000000,1.33325641025641,1,0.78,eth-updown-5m-1780722000
poly_sniper_v5_eth_5m_bb_mp_hurst_band_v6,1780722300000000,1.33325641025641,1,0.78,eth-updown-5m-1780722000
poly_sniper_v5_eth_5m_v6c3_parent15mrang_v7_vL,1780722300000000,1.33325641025641,1,0.78,eth-updown-5m-1780722000
poly_sniper_v5_eth_5m_cloud_ribbon_mp_hurst_V10,1780722300000000,1.33325641025641,1,0.78,eth-updown-5m-1780722000
poly_sniper_v5_eth_5m_cloud_ribbon_mp_hurst_v6_vL,1780722300000000,1.33325641025641,1,0.78,eth-updown-5m-1780722000
poly_sniper_v5_eth_5m_ema50_hurst_parent15mrang_v7_vL,1780722300000000,1.33325641025641,1,0.78,eth-updown-5m-1780722000
poly_sniper_v5_eth_5m_l_ema50_hurst_grandparent_v8,1780722300000000,1.33325641025641,1,0.78,eth-updown-5m-1780722000
poly_sniper_v5_eth_5m_cloud_ribbon_mp_hurst_v6,1780722300000000,1.33325641025641,1,0.78,eth-updown-5m-1780722000
poly_sniper_v5_eth_5m_cloud_vwap_hurstmp_v7,1780722300000000,1.33325641025641,1,0.78,eth-updown-5m-1780722000
poly_sniper_v5_eth_5m_bb_mp_hurst_band_v6_vL,1780722300000000,1.33325641025641,1,0.78,eth-updown-5m-1780722000
poly_sniper_v5_eth_5m_v6c3_parent15mrang_v7,1780722300000000,1.33325641025641,1,0.78,eth-updown-5m-1780722000
poly_sniper_v5_eth_5m_l_ema50_hurst_grandparent_V10,1780722300000000,1.33325641025641,1,0.78,eth-updown-5m-1780722000
poly_sniper_v5_eth_5m_ema50_hurst_parent15mrang_v7_vL,1780722600000000,-5.0,0,0.51,eth-updown-5m-1780722300
poly_sniper_v5_eth_5m_l_ema50_hurst_grandparent_v8,1780722600000000,-5.0,0,0.51,eth-updown-5m-1780722300
poly_sniper_v5_eth_5m_l_ema50_hurst_grandparent_V10,1780722600000000,-5.0,0,0.51,eth-updown-5m-1780722300
poly_sniper_v5_eth_5m_ema50_hurst_parent15mrang_v7,1780722600000000,-5.0,0,0.51,eth-updown-5m-1780722300
poly_fast_taker_b2_nomerge_eth_5m,1780722600000000,0.965373134328358,1,0.67,eth-updown-5m-1780722300
poly_sniper_v5_eth_5m_a2_hlcascade50k_v9,1780722900000000,-5.0,0,0.75,eth-updown-5m-1780722600
poly_sniper_v5_eth_5m_a2_hlcascade50k_v9,1780722900000000,13.97176923076923,1,0.26,eth-updown-5m-1780722600
poly_sniper_v5_eth_5m_up_a2_hlcascade25k_v9,1780722900000000,-5.0,0,0.75,eth-updown-5m-1780722600
poly_fast_taker_lagv2_eth_5m,1780723800000000,-5.86376615384616,0,0.6401468595379913,eth-updown-5m-1780723500
poly_sniper_v5_eth_5m_a2_hlcascade50k_v9,1780723800000000,2.1378768115942033,1,0.69,eth-updown-5m-1780723500
poly_fast_taker_b2_nomerge_eth_5m,1780723800000000,1.362033898305085,1,0.59,eth-updown-5m-1780723500
poly_sniper_v5_eth_5m_ema50_hurst_parent15mrang_v7_vL,1780723800000000,-5.0,0,0.51,eth-updown-5m-1780723500
poly_sniper_v5_eth_5m_ema50_hurst_parent15mrang_v7_vL,1780724100000000,-5.0,0,0.41,eth-updown-5m-1780723800
poly_sniper_v5_eth_5m_ema50_hurst_parent15mrang_v7,1780724100000000,-5.0,0,0.41,eth-updown-5m-1780723800
poly_sniper_v5_eth_5m_l_ema50_hurst_grandparent_v8,1780724100000000,-5.0,0,0.41,eth-updown-5m-1780723800
poly_sniper_v5_eth_5m_l_ema50_hurst_grandparent_V10,1780724100000000,-5.0,0,0.41,eth-updown-5m-1780723800
shadow_oracle_settle_eth_5m,1780724100000000,1.4883559578451386,1,0.7607943879063334,eth-updown-5m-1780723800
poly_fast_taker_b2_nomerge_eth_5m,1780724100000000,1.4785964912280705,1,0.57,eth-updown-5m-1780723800
poly_fast_taker_b2_nomerge_eth_5m,1780724400000000,1.151111111111111,1,0.63,eth-updown-5m-1780724100
poly_fast_taker_b2_nomerge_eth_5m,1780724700000000,1.6696296296296291,1,0.54,eth-updown-5m-1780724400
poly_fast_taker_lagv2_eth_5m,1780724700000000,21.347311320754713,1,0.53,eth-updown-5m-1780724400
poly_fast_taker_lagv2_eth_5m,1780725000000000,-6.9852941176470615,0,0.68,eth-updown-5m-1780724700
shadow_oracle_settle_eth_5m,1780725000000000,0.6398181818181817,1,0.88,eth-updown-5m-1780724700
poly_sniper_v5_eth_5m_cloud_vwap_hurstmp_v7_vL,1780725000000000,-5.0,0,0.76,eth-updown-5m-1780724700
poly_sniper_v5_eth_5m_cloud_ribbon_mp_hurst_v6_vL,1780725000000000,-5.0,0,0.76,eth-updown-5m-1780724700
poly_sniper_v5_eth_5m_bb_mp_hurst_band_v6_vL,1780725000000000,-5.0,0,0.76,eth-updown-5m-1780724700
poly_fast_taker_lagv2_eth_5m,1780725300000000,-7.352941176470589,0,0.51,eth-updown-5m-1780725000
poly_sniper_v5_eth_5m_v5repl_off120_v6,1780725300000000,4.245427794506437,1,0.5313810001771271,eth-updown-5m-1780725000
poly_sniper_v5_eth_5m_up_a2_hlcascade25k_v9,1780725300000000,-5.0,0,0.62,eth-updown-5m-1780725000
poly_sniper_v5_eth_5m_cloud_mp_sms_active_off120,1780725300000000,4.245427794506437,1,0.5313810001771271,eth-updown-5m-1780725000
poly_sniper_v5_eth_5m_a2_hlcascade50k_v9,1780725300000000,7.402734739178691,1,0.3963849690819724,eth-updown-5m-1780725000
poly_sniper_v5_eth_5m_tr200_mp_sms_active_off120,1780725300000000,4.245427794506437,1,0.5313810001771271,eth-updown-5m-1780725000
poly_sniper_v5_eth_5m_a2_hlcascade50k_v9,1780725300000000,-5.0,0,0.62,eth-updown-5m-1780725000
poly_fast_taker_lagv2_eth_5m,1780725900000000,15.301106557377052,1,0.61,eth-updown-5m-1780725600
poly_sniper_v5_eth_5m_a2_hlcascade50k_v9,1780725900000000,-5.0,0,0.25,eth-updown-5m-1780725600
poly_fast_taker_b2_nomerge_eth_5m,1780725900000000,1.4193103448275863,1,0.58,eth-updown-5m-1780725600
poly_sniper_v5_eth_5m_cloud_mp_sms_active_off120,1780725900000000,-5.0,0,0.27305351848962395,eth-updown-5m-1780725600
poly_sniper_v5_eth_5m_a2_hlcascade50k_v9,1780725900000000,1.4949473684210524,1,0.76,eth-updown-5m-1780725600
poly_sniper_v5_eth_5m_up_a2_hlcascade25k_v9,1780725900000000,1.4949473684210524,1,0.76,eth-updown-5m-1780725600
poly_fast_taker_lagv2_eth_5m,1780726500000000,-9.749691525423728,0,0.59,eth-updown-5m-1780726200
poly_sniper_v5_eth_5m_up_a2_hlcascade25k_v9,1780726200000000,4.447384615384615,1,0.52,eth-updown-5m-1780725900
poly_sniper_v5_eth_5m_l_ema50_hurst_grandparent_V10,1780726200000000,-5.0,0,0.6,eth-updown-5m-1780725900
poly_fast_taker_b2_nomerge_eth_5m,1780726200000000,0.965373134328358,1,0.67,eth-updown-5m-1780725900
poly_sniper_v5_eth_5m_l_ema50_hurst_grandparent_v8,1780726200000000,-5.0,0,0.6,eth-updown-5m-1780725900
poly_sniper_v5_eth_5m_bb_mp_hurst_band_v6_vL,1780726500000000,-5.0,0,0.78,eth-updown-5m-1780726200
poly_sniper_v5_eth_5m_cloud_ribbon_mp_hurst_v6_vL,1780726500000000,-5.0,0,0.78,eth-updown-5m-1780726200
poly_sniper_v5_eth_5m_cloud_vwap_hurstmp_v7_vL,1780726500000000,-5.0,0,0.78,eth-updown-5m-1780726200
poly_fast_taker_b2_nomerge_eth_5m,1780726500000000,1.362033898305085,1,0.59,eth-updown-5m-1780726200
poly_fast_taker_b2_nomerge_eth_5m,1780726800000000,1.4193103448275863,1,0.58,eth-updown-5m-1780726500
poly_fast_taker_lagv2_eth_5m,1780727100000000,14.657580645161291,1,0.62,eth-updown-5m-1780726800
poly_sniper_v5_eth_5m_ema50_hurst_parent15mrang_v7,1780727100000000,1.5791666666666668,1,0.75,eth-updown-5m-1780726800
poly_sniper_v5_eth_5m_ema50_hurst_parent15mrang_v7_vL,1780727100000000,1.5791666666666668,1,0.75,eth-updown-5m-1780726800
poly_sniper_v5_eth_5m_v6c3_parent15mrang_v7,1780727400000000,3.489683996957506,1,0.5789000898293242,eth-updown-5m-1780727100
poly_sniper_v5_eth_5m_cloud_ribbon_mp_hurst_v6_vL,1780727400000000,3.489683996957506,1,0.5789000898293242,eth-updown-5m-1780727100
poly_sniper_v5_eth_5m_cloud_vwap_hurstmp_v7_vL,1780727400000000,3.489683996957506,1,0.5789000898293242,eth-updown-5m-1780727100
poly_sniper_v5_eth_5m_a2_hlcascade50k_v9,1780727400000000,6.167636363636364,1,0.44,eth-updown-5m-1780727100
poly_sniper_v5_eth_5m_cloud_vwap_hurstmp_v7,1780727400000000,3.489683996957506,1,0.5789000898293242,eth-updown-5m-1780727100
poly_sniper_v5_eth_5m_v6c3_parent15mrang_v7_vL,1780727400000000,3.489683996957506,1,0.5789000898293242,eth-updown-5m-1780727100
poly_sniper_v5_eth_5m_cloud_ribbon_mp_hurst_v6,1780727400000000,3.489683996957506,1,0.5789000898293242,eth-updown-5m-1780727100
poly_sniper_v5_eth_5m_bb_mp_hurst_band_v6,1780727400000000,3.489683996957506,1,0.5789000898293242,eth-updown-5m-1780727100
poly_sniper_v5_eth_5m_l_ema50_hurst_grandparent_V10,1780727400000000,3.489683996957506,1,0.5789000898293242,eth-updown-5m-1780727100
poly_sniper_v5_eth_5m_bb_mp_hurst_band_v6_vL,1780727400000000,3.489683996957506,1,0.5789000898293242,eth-updown-5m-1780727100
poly_sniper_v5_eth_5m_up_a2_hlcascade25k_v9,1780727400000000,-5.0,0,0.57,eth-updown-5m-1780727100
poly_sniper_v5_eth_5m_l_ema50_hurst_grandparent_v8,1780727400000000,3.489683996957506,1,0.5789000898293242,eth-updown-5m-1780727100
poly_sniper_v5_eth_5m_cloud_ribbon_mp_hurst_V10,1780727400000000,3.489683996957506,1,0.5789000898293242,eth-updown-5m-1780727100
poly_sniper_v5_eth_5m_ema50_hurst_parent15mrang_v7,1780727400000000,3.489683996957506,1,0.5789000898293242,eth-updown-5m-1780727100
poly_sniper_v5_eth_5m_ema50_hurst_parent15mrang_v7_vL,1780727400000000,3.489683996957506,1,0.5789000898293242,eth-updown-5m-1780727100
poly_sniper_v5_eth_5m_a2_hlcascade50k_v9,1780727400000000,-5.0,0,0.57,eth-updown-5m-1780727100
poly_fast_taker_lagv2_eth_5m,1780727700000000,-7.407407407407408,0,0.54,eth-updown-5m-1780727400
poly_fast_taker_b2_nomerge_eth_5m,1780727700000000,-2.0,0,0.54,eth-updown-5m-1780727400
poly_sniper_v5_eth_5m_ema50_hurst_parent15mrang_v7,1780728000000000,13.97176923076923,1,0.26,eth-updown-5m-1780727700
poly_fast_taker_b2_nomerge_eth_5m,1780728000000000,-2.0,0,0.61,eth-updown-5m-1780727700
poly_sniper_v5_eth_5m_l_ema50_hurst_grandparent_V10,1780728000000000,13.97176923076923,1,0.26,eth-updown-5m-1780727700
poly_sniper_v5_eth_5m_l_ema50_hurst_grandparent_v8,1780728000000000,13.97176923076923,1,0.26,eth-updown-5m-1780727700
poly_sniper_v5_eth_5m_ema50_hurst_parent15mrang_v7_vL,1780728000000000,13.97176923076923,1,0.26,eth-updown-5m-1780727700
poly_sniper_v5_eth_5m_ema50_hurst_parent15mrang_v7,1780728300000000,6.167636363636364,1,0.44,eth-updown-5m-1780728000
poly_sniper_v5_eth_5m_bb_mp_hurst_band_v6_vL,1780728300000000,6.167636363636364,1,0.44,eth-updown-5m-1780728000
poly_sniper_v5_eth_5m_cloud_ribbon_mp_hurst_v6,1780728300000000,6.167636363636364,1,0.44,eth-updown-5m-1780728000
poly_sniper_v5_eth_5m_cloud_vwap_hurstmp_v7_vL,1780728300000000,6.167636363636364,1,0.44,eth-updown-5m-1780728000
poly_sniper_v5_eth_5m_cloud_ribbon_mp_hurst_v6_vL,1780728300000000,6.167636363636364,1,0.44,eth-updown-5m-1780728000
poly_sniper_v5_eth_5m_cloud_vwap_hurstmp_v7,1780728300000000,6.167636363636364,1,0.44,eth-updown-5m-1780728000
poly_sniper_v5_eth_5m_bb_mp_hurst_band_v6,1780728300000000,6.167636363636364,1,0.44,eth-updown-5m-1780728000
poly_sniper_v5_eth_5m_l_ema50_hurst_grandparent_V10,1780728300000000,6.167636363636364,1,0.44,eth-updown-5m-1780728000
poly_sniper_v5_eth_5m_bb_mp_hurst_band_V10,1780728300000000,6.167636363636364,1,0.44,eth-updown-5m-1780728000
poly_sniper_v5_eth_5m_ema50_hurst_parent15mrang_v7_vL,1780728300000000,6.167636363636364,1,0.44,eth-updown-5m-1780728000
poly_sniper_v5_eth_5m_l_ema50_hurst_grandparent_v8,1780728300000000,6.167636363636364,1,0.44,eth-updown-5m-1780728000
poly_sniper_v5_eth_5m_ema200_vwap_regimerang_xa3_v7,1780728300000000,4.269462264150942,1,0.53,eth-updown-5m-1780728000
poly_sniper_v5_eth_5m_v6c3_parent15mrang_v7,1780728300000000,6.167636363636364,1,0.44,eth-updown-5m-1780728000
poly_sniper_v5_eth_5m_v6c3_parent15mrang_v7_vL,1780728300000000,6.167636363636364,1,0.44,eth-updown-5m-1780728000
poly_sniper_v5_eth_5m_cloud_ribbon_mp_hurst_V10,1780728300000000,6.167636363636364,1,0.44,eth-updown-5m-1780728000
poly_fast_taker_lagv2_eth_5m,1780728600000000,-5.912549253731342,0,0.67,eth-updown-5m-1780728300
poly_sniper_v5_eth_5m_ema200_vwap_regimerang_xa3_v7,1780728600000000,7.60701282051282,1,0.39,eth-updown-5m-1780728300
poly_sniper_v5_eth_5m_ema50_hurst_parent15mrang_v7_vL,1780728600000000,-5.0,0,0.68,eth-updown-5m-1780728300
poly_sniper_v5_eth_5m_ema50_hurst_parent15mrang_v7,1780728600000000,-5.0,0,0.68,eth-updown-5m-1780728300
poly_sniper_v5_eth_5m_bb_mp_hurst_band_v6,1780728900000000,1.7548150684931507,1,0.73,eth-updown-5m-1780728600
poly_sniper_v5_eth_5m_v6c3_parent15mrang_v7,1780728900000000,1.7548150684931507,1,0.73,eth-updown-5m-1780728600
poly_sniper_v5_eth_5m_lq_ema50_hurst_grandparent_prev15m_v8_vL,1780728900000000,1.7548150684931507,1,0.73,eth-updown-5m-1780728600
poly_sniper_v5_eth_5m_cloud_vwap_hurstmp_v7,1780728900000000,1.7548150684931507,1,0.73,eth-updown-5m-1780728600
poly_sniper_v5_eth_5m_l_ema50_hurst_grandparent_V10,1780728900000000,1.7548150684931507,1,0.73,eth-updown-5m-1780728600
poly_sniper_v5_eth_5m_bb_mp_hurst_band_v6_vL,1780728900000000,1.7548150684931507,1,0.73,eth-updown-5m-1780728600
poly_sniper_v5_eth_5m_ema50_hurst_parent15mrang_v7,1780728900000000,1.7548150684931507,1,0.73,eth-updown-5m-1780728600
poly_sniper_v5_eth_5m_cloud_ribbon_mp_hurst_V10,1780728900000000,1.7548150684931507,1,0.73,eth-updown-5m-1780728600
poly_sniper_v5_eth_5m_v6c3_parent15mrang_v7_vL,1780728900000000,1.7548150684931507,1,0.73,eth-updown-5m-1780728600
poly_sniper_v5_eth_5m_lq_ema50_hurst_grandparent_prev15m_v8,1780728900000000,1.7548150684931507,1,0.73,eth-updown-5m-1780728600
poly_sniper_v5_eth_5m_l_ema50_hurst_grandparent_v8,1780728900000000,1.7548150684931507,1,0.73,eth-updown-5m-1780728600
poly_sniper_v5_eth_5m_ema50_hurst_parent15mrang_v7_vL,1780728900000000,1.7548150684931507,1,0.73,eth-updown-5m-1780728600
poly_sniper_v5_eth_5m_cloud_ribbon_mp_hurst_v6_vL,1780728900000000,1.7548150684931507,1,0.73,eth-updown-5m-1780728600
poly_sniper_v5_eth_5m_cloud_ribbon_mp_hurst_v6,1780728900000000,1.7548150684931507,1,0.73,eth-updown-5m-1780728600
poly_sniper_v5_eth_5m_cloud_vwap_hurstmp_v7_vL,1780728900000000,1.7548150684931507,1,0.73,eth-updown-5m-1780728600
poly_fast_taker_b2_nomerge_eth_5m,1780728900000000,-2.0,0,0.57,eth-updown-5m-1780728600
poly_sniper_v5_eth_5m_l_ema50_hurst_grandparent_V10,1780729200000000,1.940753521126761,1,0.71,eth-updown-5m-1780728900
poly_sniper_v5_eth_5m_ema50_hurst_parent15mrang_v7,1780729200000000,1.940753521126761,1,0.71,eth-updown-5m-1780728900
poly_sniper_v5_eth_5m_l_ema50_hurst_grandparent_v8,1780729200000000,1.940753521126761,1,0.71,eth-updown-5m-1780728900
poly_sniper_v5_eth_5m_ema50_hurst_parent15mrang_v7_vL,1780729200000000,1.940753521126761,1,0.71,eth-updown-5m-1780728900
poly_sniper_v5_eth_5m_lq_ema50_hurst_grandparent_prev15m_v8,1780729200000000,1.940753521126761,1,0.71,eth-updown-5m-1780728900
poly_fast_taker_lagv2_eth_5m,1780729200000000,17.36844827586207,1,0.58,eth-updown-5m-1780728900
poly_sniper_v5_eth_5m_lq_ema50_hurst_grandparent_prev15m_v8_vL,1780729200000000,1.940753521126761,1,0.71,eth-updown-5m-1780728900
poly_fast_taker_lagv2_eth_5m,1780729500000000,18.10714912280702,1,0.57,eth-updown-5m-1780729200
poly_sniper_v5_eth_5m_ema50_hurst_parent15mrang_v7,1780729800000000,0.7016264367816085,1,0.8700000000000001,eth-updown-5m-1780729500
poly_sniper_v5_eth_5m_ema50_hurst_parent15mrang_v7_vL,1780729800000000,0.7016264367816085,1,0.8700000000000001,eth-updown-5m-1780729500
poly_sniper_v5_eth_5m_ema50_hurst_parent15mrang_v7_vL,1780730100000000,5.234666666666668,1,0.4799999999999999,eth-updown-5m-1780729800
poly_sniper_v5_eth_5m_cloud_vwap_hurstmp_v7_vL,1780730100000000,5.234666666666668,1,0.4799999999999999,eth-updown-5m-1780729800
poly_sniper_v5_eth_5m_bb_mp_hurst_band_v6_vL,1780730100000000,5.234666666666668,1,0.4799999999999999,eth-updown-5m-1780729800
poly_sniper_v5_eth_5m_bb_mp_hurst_band_v6,1780730100000000,5.234666666666668,1,0.4799999999999999,eth-updown-5m-1780729800
poly_sniper_v5_eth_5m_cloud_vwap_hurstmp_v7,1780730100000000,5.234666666666668,1,0.4799999999999999,eth-updown-5m-1780729800
poly_sniper_v5_eth_5m_bb_mp_hurst_band_V10,1780730100000000,5.234666666666668,1,0.4799999999999999,eth-updown-5m-1780729800
poly_sniper_v5_eth_5m_ema50_hurst_parent15mrang_v7,1780730100000000,5.234666666666668,1,0.4799999999999999,eth-updown-5m-1780729800
poly_fast_taker_lagv2_eth_5m,1780730400000000,-8.619499999999997,0,0.6,eth-updown-5m-1780730100
poly_sniper_v5_eth_5m_cloud_vwap_hurstmp_v7_vL,1780730400000000,7.29,1,0.4,eth-updown-5m-1780730100
poly_sniper_v5_eth_5m_ema200_vwap_regimerang_xa3_v7,1780730400000000,3.193333333333334,1,0.6,eth-updown-5m-1780730100
poly_sniper_v5_eth_5m_bb_mp_hurst_band_v6_vL,1780730400000000,7.29,1,0.4,eth-updown-5m-1780730100
poly_sniper_v5_eth_5m_bb_mp_hurst_band_v6,1780730400000000,7.29,1,0.4,eth-updown-5m-1780730100
poly_sniper_v5_eth_5m_cloud_vwap_hurstmp_v7,1780730400000000,7.29,1,0.4,eth-updown-5m-1780730100
poly_fast_taker_b2_nomerge_eth_5m,1780730400000000,-2.0,0,0.6,eth-updown-5m-1780730100
poly_sniper_v5_eth_5m_l_ema50_hurst_grandparent_v8,1780730400000000,7.29,1,0.4,eth-updown-5m-1780730100
poly_sniper_v5_eth_5m_ema50_hurst_parent15mrang_v7_vL,1780730400000000,7.29,1,0.4,eth-updown-5m-1780730100
poly_sniper_v5_eth_5m_bb_mp_hurst_band_V10,1780730400000000,7.29,1,0.4,eth-updown-5m-1780730100
poly_sniper_v5_eth_5m_ema50_hurst_parent15mrang_v7,1780730400000000,7.29,1,0.4,eth-updown-5m-1780730100
poly_sniper_v5_eth_5m_l_ema50_hurst_grandparent_V10,1780730400000000,7.29,1,0.4,eth-updown-5m-1780730100
poly_sniper_v5_eth_5m_l_ema50_hurst_grandparent_v8,1780730700000000,1.8464444444444446,1,0.72,eth-updown-5m-1780730400
poly_sniper_v5_eth_5m_ema50_hurst_parent15mrang_v7_vL,1780730700000000,1.8464444444444446,1,0.72,eth-updown-5m-1780730400
poly_sniper_v5_eth_5m_v6c3_parent15mrang_v7_vL,1780730700000000,1.8464444444444446,1,0.72,eth-updown-5m-1780730400
poly_sniper_v5_eth_5m_l_ema50_hurst_grandparent_V10,1780730700000000,1.8464444444444446,1,0.72,eth-updown-5m-1780730400
poly_sniper_v5_eth_5m_bb_mp_hurst_band_v6_vL,1780730700000000,1.8464444444444446,1,0.72,eth-updown-5m-1780730400
poly_sniper_v5_eth_5m_bb_mp_hurst_band_v6,1780730700000000,1.8464444444444446,1,0.72,eth-updown-5m-1780730400
poly_sniper_v5_eth_5m_cloud_ribbon_mp_hurst_v6_vL,1780730700000000,1.8464444444444446,1,0.72,eth-updown-5m-1780730400
poly_sniper_v5_eth_5m_ema50_hurst_parent15mrang_v7,1780730700000000,1.8464444444444446,1,0.72,eth-updown-5m-1780730400
poly_sniper_v5_eth_5m_v6c3_parent15mrang_v7,1780730700000000,1.8464444444444446,1,0.72,eth-updown-5m-1780730400
poly_sniper_v5_eth_5m_cloud_vwap_hurstmp_v7_vL,1780730700000000,1.8464444444444446,1,0.72,eth-updown-5m-1780730400
poly_sniper_v5_eth_5m_cloud_ribbon_mp_hurst_v6,1780730700000000,1.8464444444444446,1,0.72,eth-updown-5m-1780730400
poly_fast_taker_lagv2_eth_5m,1780730700000000,10.689384057971017,1,0.69,eth-updown-5m-1780730400
poly_sniper_v5_eth_5m_cloud_vwap_hurstmp_v7,1780730700000000,1.8464444444444446,1,0.72,eth-updown-5m-1780730400
poly_sniper_v5_eth_5m_cloud_ribbon_mp_hurst_V10,1780730700000000,1.8464444444444446,1,0.72,eth-updown-5m-1780730400
poly_sniper_v5_eth_5m_ema50_hurst_parent15mrang_v7_vL,1780731000000000,2.0378571428571433,1,0.7,eth-updown-5m-1780730700
poly_sniper_v5_eth_5m_l_ema50_hurst_grandparent_V10,1780731000000000,2.0378571428571433,1,0.7,eth-updown-5m-1780730700
poly_sniper_v5_eth_5m_l_ema50_hurst_grandparent_v8,1780731000000000,2.0378571428571433,1,0.7,eth-updown-5m-1780730700
poly_sniper_v5_eth_5m_ema50_hurst_parent15mrang_v7,1780731000000000,2.0378571428571433,1,0.7,eth-updown-5m-1780730700
poly_fast_taker_b2_nomerge_eth_5m,1780731000000000,0.8005633802816903,1,0.71,eth-updown-5m-1780730700
poly_sniper_v5_eth_5m_ema50_hurst_parent15mrang_v7,1780731300000000,2.8070079365079366,1,0.63,eth-updown-5m-1780731000
poly_sniper_v5_eth_5m_ema50_hurst_parent15mrang_v7_vL,1780731300000000,2.8070079365079366,1,0.63,eth-updown-5m-1780731000
poly_sniper_v5_eth_5m_ema50_hurst_parent15mrang_v7,1780731600000000,4.098259259259258,1,0.54,eth-updown-5m-1780731300
poly_sniper_v5_eth_5m_ema50_hurst_parent15mrang_v7_vL,1780731600000000,4.098259259259258,1,0.54,eth-updown-5m-1780731300
poly_fast_taker_b2_nomerge_eth_5m,1780731600000000,1.4193103448275863,1,0.58,eth-updown-5m-1780731300
poly_sniper_v5_eth_5m_ema50_hurst_parent15mrang_v7,1780731900000000,5.234666666666668,1,0.4799999999999999,eth-updown-5m-1780731600
poly_sniper_v5_eth_5m_ema50_hurst_parent15mrang_v7_vL,1780731900000000,5.234666666666668,1,0.4799999999999999,eth-updown-5m-1780731600
poly_fast_taker_lagv2_eth_5m,1780732200000000,-8.203125,0,0.64,eth-updown-5m-1780731900
poly_sniper_v5_eth_5m_l_ema50_hurst_grandparent_v8,1780732200000000,5.025581632653061,1,0.49,eth-updown-5m-1780731900
poly_sniper_v5_eth_5m_l_ema50_hurst_grandparent_V10,1780732200000000,5.025581632653061,1,0.49,eth-updown-5m-1780731900
poly_sniper_v5_eth_5m_ema200_vwap_regimerang_xa3_v7,1780732200000000,2.931516129032258,1,0.62,eth-updown-5m-1780731900
poly_sniper_v5_eth_5m_ema50_hurst_parent15mrang_v7_vL,1780732200000000,5.025581632653061,1,0.49,eth-updown-5m-1780731900
poly_fast_taker_b2_nomerge_eth_5m,1780732200000000,-2.0,0,0.57,eth-updown-5m-1780731900
poly_sniper_v5_eth_5m_ema50_hurst_parent15mrang_v7,1780732200000000,5.025581632653061,1,0.49,eth-updown-5m-1780731900
poly_sniper_v5_eth_5m_bb_mp_hurst_band_v6,1780732500000000,1.8859385873347252,1,0.7157769161944527,eth-updown-5m-1780732200
poly_fast_taker_lagv2_eth_5m,1780732500000000,11.08811616557202,1,0.6822361525835987,eth-updown-5m-1780732200
poly_sniper_v5_eth_5m_cloud_ribbon_mp_hurst_V10,1780732500000000,1.8859385873347252,1,0.7157769161944527,eth-updown-5m-1780732200
poly_sniper_v5_eth_5m_ema50_hurst_parent15mrang_v7_vL,1780732500000000,1.8859385873347252,1,0.7157769161944527,eth-updown-5m-1780732200
poly_sniper_v5_eth_5m_cloud_vwap_hurstmp_v7_vL,1780732500000000,1.8859385873347252,1,0.7157769161944527,eth-updown-5m-1780732200
poly_sniper_v5_eth_5m_bb_mp_hurst_band_v6_vL,1780732500000000,1.8859385873347252,1,0.7157769161944527,eth-updown-5m-1780732200
poly_sniper_v5_eth_5m_cloud_ribbon_mp_hurst_v6_vL,1780732500000000,1.8859385873347252,1,0.7157769161944527,eth-updown-5m-1780732200
poly_sniper_v5_eth_5m_v6c3_parent15mrang_v7_vL,1780732500000000,1.8859385873347252,1,0.7157769161944527,eth-updown-5m-1780732200
poly_sniper_v5_eth_5m_l_ema50_hurst_grandparent_v8,1780732500000000,1.8859385873347252,1,0.7157769161944527,eth-updown-5m-1780732200
poly_sniper_v5_eth_5m_v6c3_parent15mrang_v7,1780732500000000,1.8859385873347252,1,0.7157769161944527,eth-updown-5m-1780732200
poly_sniper_v5_eth_5m_cloud_vwap_hurstmp_v7,1780732500000000,1.8859385873347252,1,0.7157769161944527,eth-updown-5m-1780732200
poly_sniper_v5_eth_5m_ema50_hurst_parent15mrang_v7,1780732500000000,1.8859385873347252,1,0.7157769161944527,eth-updown-5m-1780732200
poly_sniper_v5_eth_5m_cloud_ribbon_mp_hurst_v6,1780732500000000,1.8859385873347252,1,0.7157769161944527,eth-updown-5m-1780732200
poly_sniper_v5_eth_5m_l_ema50_hurst_grandparent_V10,1780732500000000,1.8859385873347252,1,0.7157769161944527,eth-updown-5m-1780732200
poly_sniper_v5_eth_5m_l_ema50_hurst_grandparent_V10,1780732800000000,-5.0,0,0.42,eth-updown-5m-1780732500
poly_sniper_v5_eth_5m_cloud_vwap_hurstmp_v7_vL,1780732800000000,-5.0,0,0.42,eth-updown-5m-1780732500
poly_sniper_v5_eth_5m_bb_mp_hurst_band_V10,1780732800000000,-5.0,0,0.42,eth-updown-5m-1780732500
poly_sniper_v5_eth_5m_bb_mp_hurst_band_v6_vL,1780732800000000,-5.0,0,0.42,eth-updown-5m-1780732500
poly_sniper_v5_eth_5m_l_ema50_hurst_grandparent_v8,1780732800000000,-5.0,0,0.42,eth-updown-5m-1780732500
poly_sniper_v5_eth_5m_ema200_vwap_regimerang_xa3_v7,1780732800000000,2.0378571428571433,1,0.7,eth-updown-5m-1780732500
poly_fast_taker_lagv2_eth_5m,1780732800000000,12.839311668183129,1,0.6501694380959887,eth-updown-5m-1780732500
poly_sniper_v5_eth_5m_bb_mp_hurst_band_v6,1780732800000000,-5.0,0,0.42,eth-updown-5m-1780732500
poly_fast_taker_b2_nomerge_eth_5m,1780732800000000,0.9223529411764704,1,0.68,eth-updown-5m-1780732500
poly_sniper_v5_eth_5m_cloud_vwap_hurstmp_v7,1780732800000000,-5.0,0,0.42,eth-updown-5m-1780732500
poly_sniper_v5_eth_5m_ema50_hurst_parent15mrang_v7_vL,1780732800000000,-5.0,0,0.42,eth-updown-5m-1780732500
poly_sniper_v5_eth_5m_ema50_hurst_parent15mrang_v7,1780732800000000,-5.0,0,0.42,eth-updown-5m-1780732500
poly_sniper_v5_eth_5m_ema50_hurst_parent15mrang_v7_vL,1780733100000000,0.7560828496642775,1,0.8613861386138613,eth-updown-5m-1780732800
poly_sniper_v5_eth_5m_l_ema50_hurst_grandparent_v8,1780733100000000,0.7560828496642775,1,0.8613861386138613,eth-updown-5m-1780732800
poly_fast_taker_lagv2_eth_5m,1780733100000000,9.232222222222223,1,0.72,eth-updown-5m-1780732800
poly_sniper_v5_eth_5m_l_ema50_hurst_grandparent_V10,1780733100000000,0.7560828496642775,1,0.8613861386138613,eth-updown-5m-1780732800
poly_fast_taker_b2_nomerge_eth_5m,1780733100000000,0.8005633802816903,1,0.71,eth-updown-5m-1780732800
poly_sniper_v5_eth_5m_ema50_hurst_parent15mrang_v7,1780733100000000,0.7560828496642775,1,0.8613861386138613,eth-updown-5m-1780732800
poly_sniper_v5_eth_5m_ema50_hurst_parent15mrang_v7_vL,1780733400000000,0.4630054945054944,1,0.91,eth-updown-5m-1780733100
poly_sniper_v5_eth_5m_ema50_hurst_parent15mrang_v7,1780733400000000,0.4630054945054944,1,0.91,eth-updown-5m-1780733100
poly_fast_taker_b2_nomerge_eth_5m,1780733400000000,-2.0,0,0.52,eth-updown-5m-1780733100
poly_fast_taker_lagv2_eth_5m,1780733400000000,7.895833333333334,1,0.75,eth-updown-5m-1780733100
poly_fast_taker_lagv2_eth_5m,1780733700000000,-8.108108108108107,0,0.74,eth-updown-5m-1780733400
poly_sniper_v5_eth_5m_ema50_hurst_parent15mrang_v7_vL,1780733700000000,10.386999999999999,1,0.32,eth-updown-5m-1780733400
poly_sniper_v5_eth_5m_ema50_hurst_parent15mrang_v7,1780733700000000,10.386999999999999,1,0.32,eth-updown-5m-1780733400
poly_fast_taker_b2_nomerge_eth_5m,1780733700000000,-2.0,0,0.61,eth-updown-5m-1780733400
poly_sniper_v5_eth_5m_ema200_vwap_regimerang_xa3_v7,1780734300000000,1.2556139240506328,1,0.79,eth-updown-5m-1780734000
poly_sniper_v5_eth_5m_ema50_hurst_parent15mrang_v7_vL,1780734300000000,2.1378768115942033,1,0.69,eth-updown-5m-1780734000
poly_sniper_v5_eth_5m_ema50_hurst_parent15mrang_v7,1780734300000000,2.1378768115942033,1,0.69,eth-updown-5m-1780734000
poly_fast_taker_lagv2_eth_5m,1780734300000000,12.283787878787876,1,0.66,eth-updown-5m-1780734000
poly_fast_taker_b2_nomerge_eth_5m,1780734300000000,1.362033898305085,1,0.59,eth-updown-5m-1780734000
poly_sniper_v5_eth_5m_bb_mp_hurst_band_V10,1780734600000000,4.269462264150942,1,0.53,eth-updown-5m-1780734300
poly_sniper_v5_eth_5m_v6c3_parent15mrang_v7,1780734600000000,4.269462264150942,1,0.53,eth-updown-5m-1780734300
poly_sniper_v5_eth_5m_ema50_hurst_parent15mrang_v7_vL,1780734600000000,4.269462264150942,1,0.53,eth-updown-5m-1780734300
poly_sniper_v5_eth_5m_cloud_ribbon_mp_hurst_v6,1780734600000000,4.269462264150942,1,0.53,eth-updown-5m-1780734300
poly_sniper_v5_eth_5m_bb_mp_hurst_band_v6_vL,1780734600000000,4.269462264150942,1,0.53,eth-updown-5m-1780734300
poly_sniper_v5_eth_5m_ema50_hurst_parent15mrang_v7,1780734600000000,4.269462264150942,1,0.53,eth-updown-5m-1780734300
poly_sniper_v5_eth_5m_v6c3_parent15mrang_v7_vL,1780734600000000,4.269462264150942,1,0.53,eth-updown-5m-1780734300
poly_sniper_v5_eth_5m_bb_mp_hurst_band_v6,1780734600000000,4.269462264150942,1,0.53,eth-updown-5m-1780734300
poly_sniper_v5_eth_5m_ema200_vwap_regimerang_xa3_v7,1780734600000000,3.0602213114754098,1,0.61,eth-updown-5m-1780734300
poly_sniper_v5_eth_5m_cloud_vwap_hurstmp_v7_vL,1780734600000000,4.269462264150942,1,0.53,eth-updown-5m-1780734300
poly_sniper_v5_eth_5m_cloud_vwap_hurstmp_v7,1780734600000000,4.269462264150942,1,0.53,eth-updown-5m-1780734300
poly_sniper_v5_eth_5m_cloud_ribbon_mp_hurst_v6_vL,1780734600000000,4.269462264150942,1,0.53,eth-updown-5m-1780734300
shadow_oracle_settle_eth_5m,1780734600000000,0.4067826086956525,1,0.9199999999999999,eth-updown-5m-1780734300
poly_sniper_v5_eth_5m_ema50_hurst_parent15mrang_v7_vL,1780734900000000,-5.0,0,0.6,eth-updown-5m-1780734600
poly_sniper_v5_eth_5m_l_ema50_hurst_grandparent_v8,1780734900000000,-5.0,0,0.6,eth-updown-5m-1780734600
poly_sniper_v5_eth_5m_ema50_hurst_parent15mrang_v7,1780734900000000,-5.0,0,0.6,eth-updown-5m-1780734600
poly_sniper_v5_eth_5m_l_ema50_hurst_grandparent_V10,1780734900000000,-5.0,0,0.6,eth-updown-5m-1780734600
poly_fast_taker_b2_nomerge_eth_5m,1780734900000000,-2.0,0,0.64,eth-updown-5m-1780734600
poly_sniper_v5_eth_5m_ema200_vwap_regimerang_xa3_v7,1780734900000000,1.5791666666666668,1,0.75,eth-updown-5m-1780734600
poly_sniper_v5_eth_5m_l_ema50_hurst_grandparent_V10,1780735200000000,1.8464444444444446,1,0.72,eth-updown-5m-1780734900
poly_sniper_v5_eth_5m_tr200_mp_sms_active_off120,1780735200000000,1.0345609756097565,1,0.82,eth-updown-5m-1780734900
poly_sniper_v5_eth_5m_l_ema50_hurst_grandparent_v8,1780735200000000,1.8464444444444446,1,0.72,eth-updown-5m-1780734900
poly_sniper_v5_eth_5m_a2_hlcascade50k_v9,1780735200000000,3.3310762711864412,1,0.59,eth-updown-5m-1780734900
poly_sniper_v5_eth_5m_v5repl_off120_v6,1780735200000000,1.0345609756097565,1,0.82,eth-updown-5m-1780734900
poly_sniper_v5_eth_5m_up_a2_hlcascade25k_v9,1780735200000000,-5.0,0,0.424901185770751,eth-updown-5m-1780734900
poly_sniper_v5_eth_5m_ema50_hurst_parent15mrang_v7,1780735200000000,1.8464444444444446,1,0.72,eth-updown-5m-1780734900
poly_sniper_v5_eth_5m_ema50_hurst_parent15mrang_v7_vL,1780735200000000,1.8464444444444446,1,0.72,eth-updown-5m-1780734900
poly_sniper_v5_eth_5m_a2_hlcascade50k_v9,1780735200000000,-5.0,0,0.424901185770751,eth-updown-5m-1780734900
poly_fast_taker_lagv2_eth_5m,1780735200000000,15.301106557377052,1,0.61,eth-updown-5m-1780734900
poly_fast_taker_b2_nomerge_eth_5m,1780735200000000,1.2531147540983607,1,0.61,eth-updown-5m-1780734900
poly_sniper_v5_eth_5m_ema50_hurst_parent15mrang_v7,1780735500000000,3.3310762711864412,1,0.59,eth-updown-5m-1780735200
poly_sniper_v5_eth_5m_ema50_hurst_parent15mrang_v7_vL,1780735500000000,3.3310762711864412,1,0.59,eth-updown-5m-1780735200
poly_fast_taker_lagv2_eth_5m,1780736400000000,-10.15625,0,0.64,eth-updown-5m-1780736100
poly_fast_taker_lagv2_eth_5m,1780736100000000,25.12790816326531,1,0.49,eth-updown-5m-1780735800
poly_sniper_v5_eth_5m_ema50_hurst_parent15mrang_v7,1780736100000000,3.0602213114754098,1,0.61,eth-updown-5m-1780735800
poly_sniper_v5_eth_5m_bb_mp_hurst_band_v6_vL,1780736100000000,3.0602213114754098,1,0.61,eth-updown-5m-1780735800
poly_sniper_v5_eth_5m_bb_mp_hurst_band_v6,1780736100000000,3.0602213114754098,1,0.61,eth-updown-5m-1780735800
poly_sniper_v5_eth_5m_ema50_hurst_parent15mrang_v7_vL,1780736100000000,3.0602213114754098,1,0.61,eth-updown-5m-1780735800
poly_sniper_v5_eth_5m_tr200_mp_sms_active_off120,1780736100000000,1.8464444444444446,1,0.72,eth-updown-5m-1780735800
poly_sniper_v5_eth_5m_v5repl_off120_v6,1780736100000000,1.8464444444444446,1,0.72,eth-updown-5m-1780735800
poly_sniper_v5_eth_5m_ema200_vwap_regimerang_xa3_v7,1780736400000000,3.3310762711864412,1,0.59,eth-updown-5m-1780736100
poly_sniper_v5_eth_5m_ema50_hurst_parent15mrang_v7_vL,1780736400000000,-4.999999999999999,0,0.61,eth-updown-5m-1780736100
poly_sniper_v5_eth_5m_ema50_hurst_parent15mrang_v7,1780736700000000,-5.0,0,0.63,eth-updown-5m-1780736400
poly_sniper_v5_eth_5m_ema50_hurst_parent15mrang_v7_vL,1780736700000000,-5.0,0,0.63,eth-updown-5m-1780736400
poly_sniper_v5_eth_5m_ema50_hurst_parent15mrang_v7,1780737000000000,0.8298529411764708,1,0.85,eth-updown-5m-1780736700
poly_sniper_v5_eth_5m_v6c3_parent15mrang_v7_vL,1780737000000000,0.8298529411764708,1,0.85,eth-updown-5m-1780736700
poly_sniper_v5_eth_5m_cloud_ribbon_mp_hurst_v6,1780737000000000,0.8298529411764708,1,0.85,eth-updown-5m-1780736700
poly_sniper_v5_eth_5m_v6c3_parent15mrang_v7,1780737000000000,0.8298529411764708,1,0.85,eth-updown-5m-1780736700
poly_sniper_v5_eth_5m_cloud_ribbon_mp_hurst_V10,1780737000000000,0.8298529411764708,1,0.85,eth-updown-5m-1780736700
poly_sniper_v5_eth_5m_ema50_hurst_parent15mrang_v7_vL,1780737000000000,0.8298529411764708,1,0.85,eth-updown-5m-1780736700
poly_sniper_v5_eth_5m_cloud_ribbon_mp_hurst_v6_vL,1780737000000000,0.8298529411764708,1,0.85,eth-updown-5m-1780736700
poly_fast_taker_lagv2_eth_5m,1780737300000000,-9.927737704918032,0,0.61,eth-updown-5m-1780737000
poly_sniper_v5_eth_5m_ema50_hurst_parent15mrang_v7,1780737300000000,4.632421568627452,1,0.51,eth-updown-5m-1780737000
poly_sniper_v5_eth_5m_l_ema50_hurst_grandparent_v8,1780737300000000,4.632421568627452,1,0.51,eth-updown-5m-1780737000
poly_sniper_v5_eth_5m_ema50_hurst_parent15mrang_v7_vL,1780737300000000,4.632421568627452,1,0.51,eth-updown-5m-1780737000
poly_sniper_v5_eth_5m_l_ema50_hurst_grandparent_V10,1780737300000000,4.632421568627452,1,0.51,eth-updown-5m-1780737000
poly_sniper_v5_eth_5m_bb_mp_hurst_band_v6_vL,1780737600000000,2.8070079365079366,1,0.63,eth-updown-5m-1780737300
poly_sniper_v5_eth_5m_cloud_vwap_hurstmp_v7,1780737600000000,2.8070079365079366,1,0.63,eth-updown-5m-1780737300
poly_sniper_v5_eth_5m_ema50_hurst_parent15mrang_v7_vL,1780737600000000,2.8070079365079366,1,0.63,eth-updown-5m-1780737300
poly_sniper_v5_eth_5m_cloud_ribbon_mp_hurst_v6_vL,1780737600000000,2.8070079365079366,1,0.63,eth-updown-5m-1780737300
poly_sniper_v5_eth_5m_ema50_hurst_parent15mrang_v7,1780737600000000,2.8070079365079366,1,0.63,eth-updown-5m-1780737300
poly_sniper_v5_eth_5m_v6c3_parent15mrang_v7,1780737600000000,2.8070079365079366,1,0.63,eth-updown-5m-1780737300
poly_sniper_v5_eth_5m_bb_mp_hurst_band_v6,1780737600000000,2.8070079365079366,1,0.63,eth-updown-5m-1780737300
poly_sniper_v5_eth_5m_v6c3_parent15mrang_v7_vL,1780737600000000,2.8070079365079366,1,0.63,eth-updown-5m-1780737300
poly_sniper_v5_eth_5m_cloud_ribbon_mp_hurst_V10,1780737600000000,2.8070079365079366,1,0.63,eth-updown-5m-1780737300
poly_sniper_v5_eth_5m_cloud_ribbon_mp_hurst_v6,1780737600000000,2.8070079365079366,1,0.63,eth-updown-5m-1780737300
poly_sniper_v5_eth_5m_cloud_vwap_hurstmp_v7_vL,1780737600000000,2.8070079365079366,1,0.63,eth-updown-5m-1780737300
poly_sniper_v5_eth_5m_ema200_vwap_regimerang_xa3_v7,1780737900000000,1.8464444444444446,1,0.72,eth-updown-5m-1780737600
poly_sniper_v5_eth_5m_ema50_hurst_parent15mrang_v7,1780737900000000,-5.0,0,0.58,eth-updown-5m-1780737600
poly_sniper_v5_eth_5m_ema50_hurst_parent15mrang_v7_vL,1780737900000000,-5.0,0,0.58,eth-updown-5m-1780737600
poly_fast_taker_lagv2_eth_5m,1780738200000000,-12.576896610169488,0,0.5817140648601321,eth-updown-5m-1780737900
poly_sniper_v5_eth_5m_v6c3_parent15mrang_v7_vL,1780738200000000,3.621429824561404,1,0.57,eth-updown-5m-1780737900
poly_fast_taker_b2_nomerge_eth_5m,1780738200000000,-2.0,0,0.55,eth-updown-5m-1780737900
poly_sniper_v5_eth_5m_cloud_vwap_hurstmp_v7,1780738200000000,3.621429824561404,1,0.57,eth-updown-5m-1780737900
poly_sniper_v5_eth_5m_l_ema50_hurst_grandparent_V10,1780738200000000,3.621429824561404,1,0.57,eth-updown-5m-1780737900
poly_sniper_v5_eth_5m_bb_mp_hurst_band_v6,1780738200000000,3.621429824561404,1,0.57,eth-updown-5m-1780737900
poly_sniper_v5_eth_5m_cloud_vwap_hurstmp_v7_vL,1780738200000000,3.621429824561404,1,0.57,eth-updown-5m-1780737900
poly_sniper_v5_eth_5m_cloud_ribbon_mp_hurst_v6,1780738200000000,3.621429824561404,1,0.57,eth-updown-5m-1780737900
poly_sniper_v5_eth_5m_cloud_ribbon_mp_hurst_v6_vL,1780738200000000,3.621429824561404,1,0.57,eth-updown-5m-1780737900
poly_sniper_v5_eth_5m_ema50_hurst_parent15mrang_v7,1780738200000000,3.621429824561404,1,0.57,eth-updown-5m-1780737900
poly_sniper_v5_eth_5m_ema50_hurst_parent15mrang_v7_vL,1780738200000000,3.621429824561404,1,0.57,eth-updown-5m-1780737900
poly_sniper_v5_eth_5m_v6c3_parent15mrang_v7,1780738200000000,3.621429824561404,1,0.57,eth-updown-5m-1780737900
poly_sniper_v5_eth_5m_bb_mp_hurst_band_v6_vL,1780738200000000,3.621429824561404,1,0.57,eth-updown-5m-1780737900
poly_sniper_v5_eth_5m_l_ema50_hurst_grandparent_v8,1780738200000000,3.621429824561404,1,0.57,eth-updown-5m-1780737900
poly_sniper_v5_eth_5m_l_ema50_hurst_grandparent_v8,1780738500000000,-5.0,0,0.450362247895046,eth-updown-5m-1780738200
poly_sniper_v5_eth_5m_bb_mp_hurst_band_v6,1780738500000000,-5.0,0,0.450362247895046,eth-updown-5m-1780738200
poly_sniper_v5_eth_5m_bb_mp_hurst_band_v6_vL,1780738500000000,-5.0,0,0.450362247895046,eth-updown-5m-1780738200
poly_sniper_v5_eth_5m_ema50_hurst_parent15mrang_v7,1780738500000000,-5.0,0,0.450362247895046,eth-updown-5m-1780738200
poly_sniper_v5_eth_5m_cloud_vwap_hurstmp_v7,1780738500000000,-5.0,0,0.450362247895046,eth-updown-5m-1780738200
poly_sniper_v5_eth_5m_cloud_vwap_hurstmp_v7_vL,1780738500000000,-5.0,0,0.450362247895046,eth-updown-5m-1780738200
poly_sniper_v5_eth_5m_l_ema50_hurst_grandparent_V10,1780738500000000,-5.0,0,0.450362247895046,eth-updown-5m-1780738200
poly_sniper_v5_eth_5m_a2_hlcascade50k_v9,1780738500000000,1.940753521126761,1,0.71,eth-updown-5m-1780738200
poly_sniper_v5_eth_5m_bb_mp_hurst_band_V10,1780738500000000,-5.0,0,0.450362247895046,eth-updown-5m-1780738200
poly_sniper_v5_eth_5m_up_a2_hlcascade25k_v9,1780738500000000,-5.0,0,0.3,eth-updown-5m-1780738200
poly_sniper_v5_eth_5m_ema50_hurst_parent15mrang_v7_vL,1780738500000000,-5.0,0,0.450362247895046,eth-updown-5m-1780738200
poly_sniper_v5_eth_5m_a2_hlcascade50k_v9,1780738500000000,-5.0,0,0.3,eth-updown-5m-1780738200
poly_fast_taker_lagv2_eth_5m,1780738500000000,11.735932835820892,1,0.67,eth-updown-5m-1780738200
poly_fast_taker_lagv2_eth_5m,1780738800000000,-12.109375,0,0.64,eth-updown-5m-1780738500
poly_sniper_v5_eth_5m_ema50_hurst_parent15mrang_v7_vL,1780738800000000,5.918611111111112,1,0.45,eth-updown-5m-1780738500
poly_sniper_v5_eth_5m_bb_mp_hurst_band_v6,1780738800000000,5.918611111111112,1,0.45,eth-updown-5m-1780738500
poly_sniper_v5_eth_5m_l_ema50_hurst_grandparent_V10,1780738800000000,5.918611111111112,1,0.45,eth-updown-5m-1780738500
poly_sniper_v5_eth_5m_bb_mp_hurst_band_V10,1780738800000000,5.918611111111112,1,0.45,eth-updown-5m-1780738500
poly_sniper_v5_eth_5m_ema50_hurst_parent15mrang_v7,1780738800000000,5.918611111111112,1,0.45,eth-updown-5m-1780738500
poly_sniper_v5_eth_5m_l_ema50_hurst_grandparent_v8,1780738800000000,5.918611111111112,1,0.45,eth-updown-5m-1780738500
poly_sniper_v5_eth_5m_bb_mp_hurst_band_v6_vL,1780738800000000,5.918611111111112,1,0.45,eth-updown-5m-1780738500
poly_sniper_v5_eth_5m_cloud_ribbon_mp_hurst_v6_vL,1780739100000000,0.4067826086956525,1,0.9199999999999999,eth-updown-5m-1780738800
poly_sniper_v5_eth_5m_v6c3_parent15mrang_v7_vL,1780739100000000,0.4067826086956525,1,0.9199999999999999,eth-updown-5m-1780738800
poly_sniper_v5_eth_5m_cloud_ribbon_mp_hurst_v6,1780739100000000,0.4067826086956525,1,0.9199999999999999,eth-updown-5m-1780738800
poly_fast_taker_lagv2_eth_5m,1780739100000000,11.735932835820892,1,0.67,eth-updown-5m-1780738800
poly_sniper_v5_eth_5m_ema50_hurst_parent15mrang_v7_vL,1780739100000000,0.4067826086956525,1,0.9199999999999999,eth-updown-5m-1780738800
poly_sniper_v5_eth_5m_ema50_hurst_parent15mrang_v7,1780739100000000,0.4067826086956525,1,0.9199999999999999,eth-updown-5m-1780738800
poly_sniper_v5_eth_5m_v6c3_parent15mrang_v7,1780739100000000,0.4067826086956525,1,0.9199999999999999,eth-updown-5m-1780738800
poly_sniper_v5_eth_5m_ema50_hurst_parent15mrang_v7_vL,1780739400000000,2.6865,1,0.64,eth-updown-5m-1780739100
poly_sniper_v5_eth_5m_bb_mp_hurst_band_v6_vL,1780739400000000,2.6865,1,0.64,eth-updown-5m-1780739100
poly_sniper_v5_eth_5m_bb_mp_hurst_band_v6,1780739400000000,2.6865,1,0.64,eth-updown-5m-1780739100
poly_sniper_v5_eth_5m_ema50_hurst_parent15mrang_v7,1780739400000000,2.6865,1,0.64,eth-updown-5m-1780739100
poly_fast_taker_lagv2_eth_5m,1780740000000000,-9.090909090909093,0,0.55,eth-updown-5m-1780739700
poly_sniper_v5_eth_5m_ema50_hurst_parent15mrang_v7,1780739700000000,-5.0,0,0.7,eth-updown-5m-1780739400
poly_sniper_v5_eth_5m_l_ema50_hurst_grandparent_v8,1780739700000000,-5.0,0,0.7,eth-updown-5m-1780739400
poly_sniper_v5_eth_5m_bb_mp_hurst_band_v6,1780739700000000,-5.0,0,0.7,eth-updown-5m-1780739400
poly_sniper_v5_eth_5m_ema50_hurst_parent15mrang_v7_vL,1780739700000000,-5.0,0,0.7,eth-updown-5m-1780739400
poly_sniper_v5_eth_5m_l_ema50_hurst_grandparent_V10,1780739700000000,-5.0,0,0.7,eth-updown-5m-1780739400
poly_fast_taker_b2_nomerge_eth_5m,1780739700000000,-2.0,0,0.6,eth-updown-5m-1780739400
poly_sniper_v5_eth_5m_bb_mp_hurst_band_v6_vL,1780739700000000,-5.0,0,0.7,eth-updown-5m-1780739400
poly_sniper_v5_eth_5m_l_ema50_hurst_grandparent_V10,1780740000000000,2.569807692307692,1,0.65,eth-updown-5m-1780739700
poly_sniper_v5_eth_5m_ema50_hurst_parent15mrang_v7,1780740000000000,2.569807692307692,1,0.65,eth-updown-5m-1780739700
poly_fast_taker_b2_nomerge_eth_5m,1780740000000000,-2.0,0,0.55,eth-updown-5m-1780739700
poly_sniper_v5_eth_5m_l_ema50_hurst_grandparent_v8,1780740000000000,2.569807692307692,1,0.65,eth-updown-5m-1780739700
poly_sniper_v5_eth_5m_ema50_hurst_parent15mrang_v7_vL,1780740000000000,2.569807692307692,1,0.65,eth-updown-5m-1780739700
poly_sniper_v5_eth_5m_ema50_hurst_parent15mrang_v7_vL,1780740300000000,0.8298529411764708,1,0.85,eth-updown-5m-1780740000
poly_sniper_v5_eth_5m_cloud_ribbon_mp_hurst_v6_vL,1780740900000000,1.8464444444444446,1,0.72,eth-updown-5m-1780740600
poly_sniper_v5_eth_5m_bb_mp_hurst_band_v6_vL,1780740900000000,1.8464444444444446,1,0.72,eth-updown-5m-1780740600
poly_sniper_v5_eth_5m_cloud_ribbon_mp_hurst_V10,1780740900000000,1.8464444444444446,1,0.72,eth-updown-5m-1780740600
poly_sniper_v5_eth_5m_cloud_vwap_hurstmp_v7,1780740900000000,1.8464444444444446,1,0.72,eth-updown-5m-1780740600
poly_sniper_v5_eth_5m_cloud_ribbon_mp_hurst_v6,1780740900000000,1.8464444444444446,1,0.72,eth-updown-5m-1780740600
poly_sniper_v5_eth_5m_v6c3_parent15mrang_v7,1780740900000000,1.8464444444444446,1,0.72,eth-updown-5m-1780740600
poly_sniper_v5_eth_5m_v6c3_parent15mrang_v7_vL,1780740900000000,1.8464444444444446,1,0.72,eth-updown-5m-1780740600
poly_sniper_v5_eth_5m_bb_mp_hurst_band_v6,1780740900000000,1.8464444444444446,1,0.72,eth-updown-5m-1780740600
poly_sniper_v5_eth_5m_ema50_hurst_parent15mrang_v7,1780740900000000,1.8464444444444446,1,0.72,eth-updown-5m-1780740600
poly_sniper_v5_eth_5m_ema50_hurst_parent15mrang_v7_vL,1780740900000000,1.8464444444444446,1,0.72,eth-updown-5m-1780740600
poly_fast_taker_lagv2_eth_5m,1780740900000000,21.347311320754713,1,0.53,eth-updown-5m-1780740600
poly_sniper_v5_eth_5m_cloud_vwap_hurstmp_v7_vL,1780740900000000,1.8464444444444446,1,0.72,eth-updown-5m-1780740600
poly_fast_taker_lagv2_eth_5m,1780741200000000,-22.15014516129032,0,0.62,eth-updown-5m-1780740900
poly_sniper_v5_eth_5m_v6c3_parent15mrang_v7,1780741200000000,-5.0,0,0.8,eth-updown-5m-1780740900
poly_sniper_v5_eth_5m_bb_mp_hurst_band_v6,1780741200000000,-5.0,0,0.8,eth-updown-5m-1780740900
poly_sniper_v5_eth_5m_l_ema50_hurst_grandparent_v8,1780741200000000,-5.0,0,0.8,eth-updown-5m-1780740900
poly_sniper_v5_eth_5m_cloud_ribbon_mp_hurst_v6_vL,1780741200000000,-5.0,0,0.8,eth-updown-5m-1780740900
poly_sniper_v5_eth_5m_ema50_hurst_parent15mrang_v7_vL,1780741200000000,-5.0,0,0.8,eth-updown-5m-1780740900
poly_sniper_v5_eth_5m_v6c3_parent15mrang_v7_vL,1780741200000000,-5.0,0,0.8,eth-updown-5m-1780740900
poly_sniper_v5_eth_5m_l_ema50_hurst_grandparent_V10,1780741200000000,-5.0,0,0.8,eth-updown-5m-1780740900
poly_sniper_v5_eth_5m_ema50_hurst_parent15mrang_v7,1780741200000000,-5.0,0,0.8,eth-updown-5m-1780740900
poly_sniper_v5_eth_5m_cloud_ribbon_mp_hurst_v6,1780741200000000,-5.0,0,0.8,eth-updown-5m-1780740900
poly_sniper_v5_eth_5m_bb_mp_hurst_band_v6_vL,1780741200000000,-5.0,0,0.8,eth-updown-5m-1780740900
poly_fast_taker_b2_nomerge_eth_5m,1780741200000000,-2.0,0,0.62,eth-updown-5m-1780740900
poly_sniper_v5_eth_5m_cloud_vwap_hurstmp_v7_vL,1780741200000000,-5.0,0,0.8,eth-updown-5m-1780740900
poly_sniper_v5_eth_5m_cloud_vwap_hurstmp_v7,1780741200000000,-5.0,0,0.8,eth-updown-5m-1780740900
poly_fast_taker_lagv2_eth_5m,1780741500000000,-11.53846153846154,0,0.65,eth-updown-5m-1780741200
poly_fast_taker_lagv2_eth_5m,1780741800000000,-6.8743696969696995,0,0.66,eth-updown-5m-1780741500
poly_sniper_v5_eth_5m_ema50_hurst_parent15mrang_v7_vL,1780741500000000,-5.0,0,0.64,eth-updown-5m-1780741200
poly_fast_taker_b2_nomerge_eth_5m,1780741500000000,-2.0,0,0.63,eth-updown-5m-1780741200
poly_sniper_v5_eth_5m_ema50_hurst_parent15mrang_v7,1780741500000000,-5.0,0,0.64,eth-updown-5m-1780741200
poly_sniper_v5_eth_5m_cloud_vwap_hurstmp_v7,1780741800000000,3.7745714285714276,1,0.56,eth-updown-5m-1780741500
poly_sniper_v5_eth_5m_ema50_hurst_parent15mrang_v7,1780741800000000,3.7745714285714276,1,0.56,eth-updown-5m-1780741500
poly_sniper_v5_eth_5m_cloud_vwap_hurstmp_v7_vL,1780741800000000,3.7745714285714276,1,0.56,eth-updown-5m-1780741500
poly_sniper_v5_eth_5m_ema50_hurst_parent15mrang_v7_vL,1780741800000000,3.7745714285714276,1,0.56,eth-updown-5m-1780741500
poly_sniper_v5_eth_5m_bb_mp_hurst_band_v6,1780741800000000,3.7745714285714276,1,0.56,eth-updown-5m-1780741500
poly_fast_taker_b2_nomerge_eth_5m,1780741800000000,-2.0,0,0.67,eth-updown-5m-1780741500
poly_sniper_v5_eth_5m_bb_mp_hurst_band_v6_vL,1780741800000000,3.7745714285714276,1,0.56,eth-updown-5m-1780741500
poly_sniper_v5_eth_5m_ema200_vwap_regimerang_xa3_v7,1780741800000000,5.452797872340425,1,0.47000000000000003,eth-updown-5m-1780741500
poly_sniper_v5_eth_5m_ema50_hurst_parent15mrang_v7,1780742100000000,0.19433333333333405,1,0.9599999999999999,eth-updown-5m-1780741800
poly_sniper_v5_eth_5m_ema50_hurst_parent15mrang_v7_vL,1780742100000000,0.19433333333333405,1,0.9599999999999999,eth-updown-5m-1780741800
poly_sniper_v5_eth_5m_cloud_vwap_hurstmp_v7_vL,1780742400000000,3.93340909090909,1,0.55,eth-updown-5m-1780742100
poly_sniper_v5_eth_5m_bb_mp_hurst_band_v6_vL,1780742400000000,3.93340909090909,1,0.55,eth-updown-5m-1780742100
poly_sniper_v5_eth_5m_cloud_vwap_hurstmp_v7,1780742400000000,3.93340909090909,1,0.55,eth-updown-5m-1780742100
poly_sniper_v5_eth_5m_ema50_hurst_parent15mrang_v7_vL,1780742400000000,3.93340909090909,1,0.55,eth-updown-5m-1780742100
poly_sniper_v5_eth_5m_ema50_hurst_parent15mrang_v7,1780742400000000,3.93340909090909,1,0.55,eth-updown-5m-1780742100
poly_sniper_v5_eth_5m_bb_mp_hurst_band_v6,1780742400000000,3.93340909090909,1,0.55,eth-updown-5m-1780742100
poly_sniper_v5_eth_5m_ema50_hurst_parent15mrang_v7_vL,1780742700000000,3.3310762711864412,1,0.59,eth-updown-5m-1780742400
poly_fast_taker_b2_nomerge_eth_5m,1780742700000000,1.5443749999999996,1,0.5593008739076155,eth-updown-5m-1780742400
poly_sniper_v5_eth_5m_ema50_hurst_parent15mrang_v7_vL,1780743000000000,1.4949473684210524,1,0.76,eth-updown-5m-1780742700
poly_sniper_v5_eth_5m_ema50_hurst_parent15mrang_v7,1780743000000000,1.4949473684210524,1,0.76,eth-updown-5m-1780742700
poly_sniper_v5_eth_5m_l_ema50_hurst_grandparent_V10,1780743300000000,4.447384615384615,1,0.52,eth-updown-5m-1780743000
poly_sniper_v5_eth_5m_cloud_mp_sms_active_off120,1780743300000000,1.7548150684931507,1,0.73,eth-updown-5m-1780743000
poly_sniper_v5_eth_5m_v5repl_off120_v6,1780743300000000,1.7548150684931507,1,0.73,eth-updown-5m-1780743000
poly_fast_taker_b2_nomerge_eth_5m,1780743300000000,1.6036363636363635,1,0.55,eth-updown-5m-1780743000
poly_sniper_v5_eth_5m_l_ema50_hurst_grandparent_v8,1780743300000000,4.447384615384615,1,0.52,eth-updown-5m-1780743000
poly_sniper_v5_eth_5m_tr200_mp_mpnx_sms_off120,1780743300000000,1.7548150684931507,1,0.73,eth-updown-5m-1780743000
poly_sniper_v5_eth_5m_ema50_hurst_parent15mrang_v7,1780743300000000,4.447384615384615,1,0.52,eth-updown-5m-1780743000
poly_sniper_v5_eth_5m_ema50_hurst_parent15mrang_v7_vL,1780743300000000,4.447384615384615,1,0.52,eth-updown-5m-1780743000
poly_sniper_v5_eth_5m_tr200_mp_sms_active_off120,1780743300000000,1.7548150684931507,1,0.73,eth-updown-5m-1780743000
poly_sniper_v5_eth_5m_cloud_vwap_hurstmp_v7,1780743600000000,5.978203391328949,1,0.4475652450668364,eth-updown-5m-1780743300
poly_sniper_v5_eth_5m_ema50_hurst_parent15mrang_v7_vL,1780743600000000,-5.0,0,0.57,eth-updown-5m-1780743300
poly_sniper_v5_eth_5m_ema50_hurst_parent15mrang_v7,1780743600000000,-5.0,0,0.57,eth-updown-5m-1780743300
poly_sniper_v5_eth_5m_cloud_vwap_hurstmp_v7_vL,1780743600000000,5.978203391328949,1,0.4475652450668364,eth-updown-5m-1780743300
poly_sniper_v5_eth_5m_ema50_hurst_parent15mrang_v7,1780743900000000,-5.0,0,0.53,eth-updown-5m-1780743600
poly_sniper_v5_eth_5m_cloud_vwap_hurstmp_v7,1780743900000000,-5.0,0,0.53,eth-updown-5m-1780743600
poly_sniper_v5_eth_5m_bb_mp_hurst_band_v6_vL,1780743900000000,-5.0,0,0.53,eth-updown-5m-1780743600
poly_sniper_v5_eth_5m_bb_mp_hurst_band_V10,1780743900000000,-5.0,0,0.53,eth-updown-5m-1780743600
poly_sniper_v5_eth_5m_bb_mp_hurst_band_v6,1780743900000000,-5.0,0,0.53,eth-updown-5m-1780743600
poly_sniper_v5_eth_5m_ema50_hurst_parent15mrang_v7_vL,1780743900000000,-5.0,0,0.53,eth-updown-5m-1780743600
poly_sniper_v5_eth_5m_cloud_vwap_hurstmp_v7_vL,1780743900000000,-5.0,0,0.53,eth-updown-5m-1780743600
poly_sniper_v5_eth_5m_bb_mp_hurst_band_v6,1780744200000000,-5.0,0,0.75,eth-updown-5m-1780743900
poly_sniper_v5_eth_5m_ema50_hurst_parent15mrang_v7,1780744200000000,-5.0,0,0.75,eth-updown-5m-1780743900
poly_sniper_v5_eth_5m_ema50_hurst_parent15mrang_v7_vL,1780744200000000,-5.0,0,0.75,eth-updown-5m-1780743900
poly_sniper_v5_eth_5m_bb_mp_hurst_band_v6_vL,1780744200000000,-5.0,0,0.75,eth-updown-5m-1780743900
poly_fast_taker_lagv2_eth_5m,1780744500000000,10.189285714285715,1,0.7,eth-updown-5m-1780744200
poly_sniper_v5_eth_5m_ema50_hurst_parent15mrang_v7_vL,1780744500000000,1.7548150684931507,1,0.73,eth-updown-5m-1780744200
poly_sniper_v5_eth_5m_ema50_hurst_parent15mrang_v7,1780744500000000,1.7548150684931507,1,0.73,eth-updown-5m-1780744200
poly_fast_taker_lagv2_eth_5m,1780744800000000,-8.712121212121213,0,0.66,eth-updown-5m-1780744500
poly_sniper_v5_eth_5m_bb_mp_hurst_band_v6,1780745100000000,-5.0,0,0.71,eth-updown-5m-1780744800
poly_sniper_v5_eth_5m_ema200_vwap_regimerang_xa3_v7,1780745100000000,5.41037733661705,1,0.4719114379534774,eth-updown-5m-1780744800
poly_sniper_v5_eth_5m_bb_mp_hurst_band_v6_vL,1780745100000000,-5.0,0,0.71,eth-updown-5m-1780744800
poly_sniper_v5_eth_5m_cloud_ribbon_mp_hurst_v6,1780745100000000,-5.0,0,0.71,eth-updown-5m-1780744800
poly_sniper_v5_eth_5m_ema50_hurst_parent15mrang_v7_vL,1780745100000000,-5.0,0,0.71,eth-updown-5m-1780744800
poly_sniper_v5_eth_5m_cloud_ribbon_mp_hurst_v6_vL,1780745100000000,-5.0,0,0.71,eth-updown-5m-1780744800
poly_sniper_v5_eth_5m_ema50_hurst_parent15mrang_v7,1780745100000000,-5.0,0,0.71,eth-updown-5m-1780744800
poly_sniper_v5_eth_5m_v6c3_parent15mrang_v7_vL,1780745100000000,-5.0,0,0.71,eth-updown-5m-1780744800
poly_sniper_v5_eth_5m_cloud_vwap_hurstmp_v7,1780745100000000,-5.0,0,0.71,eth-updown-5m-1780744800
poly_sniper_v5_eth_5m_cloud_vwap_hurstmp_v7_vL,1780745100000000,-5.0,0,0.71,eth-updown-5m-1780744800
poly_sniper_v5_eth_5m_cloud_ribbon_mp_hurst_V10,1780745100000000,-5.0,0,0.71,eth-updown-5m-1780744800
poly_sniper_v5_eth_5m_v6c3_parent15mrang_v7,1780745100000000,-5.0,0,0.71,eth-updown-5m-1780744800
poly_fast_taker_lagv2_eth_5m,1780745400000000,-10.887096774193548,0,0.62,eth-updown-5m-1780745100
poly_sniper_v5_eth_5m_ema50_hurst_parent15mrang_v7,1780745400000000,-5.0,0,0.55,eth-updown-5m-1780745100
poly_sniper_v5_eth_5m_ema50_hurst_parent15mrang_v7_vL,1780745400000000,-5.0,0,0.55,eth-updown-5m-1780745100
poly_sniper_v5_eth_5m_bb_mp_hurst_band_v6,1780745700000000,-5.0,0,0.76,eth-updown-5m-1780745400
poly_sniper_v5_eth_5m_ema50_hurst_parent15mrang_v7,1780745700000000,-5.0,0,0.76,eth-updown-5m-1780745400
poly_sniper_v5_eth_5m_bb_mp_hurst_band_v6_vL,1780745700000000,-5.0,0,0.76,eth-updown-5m-1780745400
poly_sniper_v5_eth_5m_ema50_hurst_parent15mrang_v7_vL,1780745700000000,-5.0,0,0.76,eth-updown-5m-1780745400
poly_fast_taker_b2_nomerge_eth_5m,1780745700000000,-2.0,0,0.61,eth-updown-5m-1780745400
poly_sniper_v5_eth_5m_ema50_hurst_parent15mrang_v7_vL,1780746000000000,2.456757575757575,1,0.66,eth-updown-5m-1780745700
poly_sniper_v5_eth_5m_ema50_hurst_parent15mrang_v7,1780746000000000,2.456757575757575,1,0.66,eth-updown-5m-1780745700
poly_sniper_v5_eth_5m_ema50_hurst_parent15mrang_v7,1780746300000000,1.940753521126761,1,0.71,eth-updown-5m-1780746000
poly_sniper_v5_eth_5m_ema50_hurst_parent15mrang_v7_vL,1780746300000000,1.940753521126761,1,0.71,eth-updown-5m-1780746000
poly_fast_taker_lagv2_eth_5m,1780746300000000,14.035039682539683,1,0.63,eth-updown-5m-1780746000
poly_sniper_v5_eth_5m_ema50_hurst_parent15mrang_v7,1780746600000000,-5.0,0,0.43000000000000005,eth-updown-5m-1780746300
poly_sniper_v5_eth_5m_ema50_hurst_parent15mrang_v7_vL,1780746600000000,-5.0,0,0.43000000000000005,eth-updown-5m-1780746300
poly_sniper_v5_eth_5m_bb_mp_hurst_band_v6,1780746900000000,3.0602213114754098,1,0.61,eth-updown-5m-1780746600
poly_sniper_v5_eth_5m_lq_ema50_hurst_grandparent_prev15m_v8_vL,1780746900000000,3.0602213114754098,1,0.61,eth-updown-5m-1780746600
poly_sniper_v5_eth_5m_l_ema50_hurst_grandparent_V10,1780746900000000,3.0602213114754098,1,0.61,eth-updown-5m-1780746600
poly_sniper_v5_eth_5m_ema50_hurst_parent15mrang_v7,1780746900000000,3.0602213114754098,1,0.61,eth-updown-5m-1780746600
poly_sniper_v5_eth_5m_cloud_ribbon_mp_hurst_v6,1780746900000000,3.0602213114754098,1,0.61,eth-updown-5m-1780746600
poly_sniper_v5_eth_5m_cloud_mp_sms_active_off120,1780746900000000,-5.0,0,0.3,eth-updown-5m-1780746600
poly_sniper_v5_eth_5m_cloud_ribbon_mp_hurst_v6_vL,1780746900000000,3.0602213114754098,1,0.61,eth-updown-5m-1780746600
poly_sniper_v5_eth_5m_ema50_hurst_parent15mrang_v7_vL,1780746900000000,3.0602213114754098,1,0.61,eth-updown-5m-1780746600
poly_sniper_v5_eth_5m_cloud_vwap_hurstmp_v7,1780746900000000,3.0602213114754098,1,0.61,eth-updown-5m-1780746600
poly_fast_taker_b2_nomerge_eth_5m,1780746900000000,-2.0,0,0.59,eth-updown-5m-1780746600
poly_sniper_v5_eth_5m_v6c3_parent15mrang_v7_vL,1780746900000000,3.0602213114754098,1,0.61,eth-updown-5m-1780746600
poly_sniper_v5_eth_5m_v6c3_parent15mrang_v7,1780746900000000,3.0602213114754098,1,0.61,eth-updown-5m-1780746600
poly_sniper_v5_eth_5m_cloud_vwap_hurstmp_v7_vL,1780746900000000,3.0602213114754098,1,0.61,eth-updown-5m-1780746600
poly_sniper_v5_eth_5m_bb_mp_hurst_band_v6_vL,1780746900000000,3.0602213114754098,1,0.61,eth-updown-5m-1780746600
poly_sniper_v5_eth_5m_lq_ema50_hurst_grandparent_prev15m_v8,1780746900000000,3.0602213114754098,1,0.61,eth-updown-5m-1780746600
poly_sniper_v5_eth_5m_ema200_vwap_regimerang_xa3_v7,1780746900000000,1.5791666666666668,1,0.75,eth-updown-5m-1780746600
poly_sniper_v5_eth_5m_l_ema50_hurst_grandparent_v8,1780746900000000,3.0602213114754098,1,0.61,eth-updown-5m-1780746600
poly_sniper_v5_eth_5m_bb_mp_hurst_band_v6,1780747200000000,2.3471865671641785,1,0.67,eth-updown-5m-1780746900
poly_sniper_v5_eth_5m_bb_mp_hurst_band_v6_vL,1780747200000000,2.3471865671641785,1,0.67,eth-updown-5m-1780746900
poly_sniper_v5_eth_5m_cloud_vwap_hurstmp_v7,1780747200000000,2.3471865671641785,1,0.67,eth-updown-5m-1780746900
poly_sniper_v5_eth_5m_cloud_ribbon_mp_hurst_v6,1780747200000000,2.3471865671641785,1,0.67,eth-updown-5m-1780746900
poly_sniper_v5_eth_5m_ema50_hurst_parent15mrang_v7_vL,1780747200000000,2.3471865671641785,1,0.67,eth-updown-5m-1780746900
poly_sniper_v5_eth_5m_v6c3_parent15mrang_v7,1780747200000000,2.3471865671641785,1,0.67,eth-updown-5m-1780746900
poly_sniper_v5_eth_5m_cloud_ribbon_mp_hurst_v6_vL,1780747200000000,2.3471865671641785,1,0.67,eth-updown-5m-1780746900
poly_sniper_v5_eth_5m_cloud_vwap_hurstmp_v7_vL,1780747200000000,2.3471865671641785,1,0.67,eth-updown-5m-1780746900
poly_sniper_v5_eth_5m_ema50_hurst_parent15mrang_v7,1780747200000000,2.3471865671641785,1,0.67,eth-updown-5m-1780746900
poly_sniper_v5_eth_5m_v6c3_parent15mrang_v7_vL,1780747200000000,2.3471865671641785,1,0.67,eth-updown-5m-1780746900
poly_sniper_v5_eth_5m_ema200_vwap_regimerang_xa3_v7,1780747200000000,1.5791666666666668,1,0.75,eth-updown-5m-1780746900
poly_sniper_v5_eth_5m_cloud_ribbon_mp_hurst_V10,1780747200000000,2.3471865671641785,1,0.67,eth-updown-5m-1780746900
poly_fast_taker_lagv2_eth_5m,1780747500000000,9.232222222222223,1,0.72,eth-updown-5m-1780747200
poly_sniper_v5_eth_5m_bb_mp_hurst_band_v6,1780747500000000,-5.0,0,0.4,eth-updown-5m-1780747200
poly_sniper_v5_eth_5m_ema50_hurst_parent15mrang_v7,1780747500000000,-5.0,0,0.4,eth-updown-5m-1780747200
poly_sniper_v5_eth_5m_bb_mp_hurst_band_v6_vL,1780747500000000,-5.0,0,0.4,eth-updown-5m-1780747200
poly_sniper_v5_eth_5m_ema50_hurst_parent15mrang_v7_vL,1780747500000000,-5.0,0,0.4,eth-updown-5m-1780747200
poly_fast_taker_b2_nomerge_eth_5m,1780747500000000,1.151111111111111,1,0.63,eth-updown-5m-1780747200
poly_sniper_v5_eth_5m_cloud_vwap_hurstmp_v7,1780747500000000,-5.0,0,0.4,eth-updown-5m-1780747200
poly_sniper_v5_eth_5m_cloud_vwap_hurstmp_v7_vL,1780747500000000,-5.0,0,0.4,eth-updown-5m-1780747200
poly_sniper_v5_eth_5m_bb_mp_hurst_band_V10,1780747500000000,-5.0,0,0.4,eth-updown-5m-1780747200
poly_fast_taker_lagv2_eth_5m,1780747800000000,-12.083333333333334,0,0.6,eth-updown-5m-1780747500
poly_sniper_v5_eth_5m_ema50_hurst_parent15mrang_v7,1780747800000000,4.098259259259258,1,0.54,eth-updown-5m-1780747500
poly_sniper_v5_eth_5m_ema50_hurst_parent15mrang_v7_vL,1780747800000000,4.098259259259258,1,0.54,eth-updown-5m-1780747500
poly_sniper_v5_eth_5m_ema50_hurst_parent15mrang_v7_vL,1780748100000000,0.9645963855421689,1,0.83,eth-updown-5m-1780747800
poly_fast_taker_lagv2_eth_5m,1780748100000000,12.283787878787876,1,0.66,eth-updown-5m-1780747800
poly_sniper_v5_eth_5m_lq_ema50_hurst_grandparent_prev15m_v8_vL,1780748100000000,0.9645963855421689,1,0.83,eth-updown-5m-1780747800
poly_sniper_v5_eth_5m_ema50_hurst_parent15mrang_v7,1780748100000000,0.9645963855421689,1,0.83,eth-updown-5m-1780747800
poly_sniper_v5_eth_5m_lq_ema50_hurst_grandparent_prev15m_v8,1780748100000000,0.9645963855421689,1,0.83,eth-updown-5m-1780747800
poly_sniper_v5_eth_5m_l_ema50_hurst_grandparent_V10,1780748100000000,0.9645963855421689,1,0.83,eth-updown-5m-1780747800
poly_sniper_v5_eth_5m_l_ema50_hurst_grandparent_v8,1780748100000000,0.9645963855421689,1,0.83,eth-updown-5m-1780747800
poly_fast_taker_lagv2_eth_5m,1780748400000000,-12.109375,0,0.64,eth-updown-5m-1780748100
poly_sniper_v5_eth_5m_l_ema50_hurst_grandparent_v8,1780748400000000,4.825,1,0.5,eth-updown-5m-1780748100
poly_sniper_v5_eth_5m_ema50_hurst_parent15mrang_v7,1780748400000000,4.825,1,0.5,eth-updown-5m-1780748100
poly_sniper_v5_eth_5m_ema50_hurst_parent15mrang_v7_vL,1780748400000000,4.825,1,0.5,eth-updown-5m-1780748100
poly_sniper_v5_eth_5m_ema200_vwap_regimerang_xa3_v7,1780748400000000,2.3471865671641785,1,0.67,eth-updown-5m-1780748100
poly_sniper_v5_eth_5m_l_ema50_hurst_grandparent_V10,1780748400000000,4.825,1,0.5,eth-updown-5m-1780748100
poly_sniper_v5_eth_5m_bb_mp_hurst_band_v6,1780748700000000,-5.0,0,0.51,eth-updown-5m-1780748400
poly_sniper_v5_eth_5m_ema50_hurst_parent15mrang_v7,1780748700000000,-5.0,0,0.51,eth-updown-5m-1780748400
poly_sniper_v5_eth_5m_ema50_hurst_parent15mrang_v7_vL,1780748700000000,-5.0,0,0.51,eth-updown-5m-1780748400
poly_sniper_v5_eth_5m_bb_mp_hurst_band_V10,1780748700000000,-5.0,0,0.51,eth-updown-5m-1780748400
poly_sniper_v5_eth_5m_bb_mp_hurst_band_v6_vL,1780748700000000,-5.0,0,0.51,eth-updown-5m-1780748400
poly_sniper_v5_eth_5m_l_ema50_hurst_grandparent_v8,1780749000000000,5.025581632653061,1,0.49,eth-updown-5m-1780748700
poly_sniper_v5_eth_5m_l_ema50_hurst_grandparent_V10,1780749000000000,5.025581632653061,1,0.49,eth-updown-5m-1780748700
poly_sniper_v5_eth_5m_cloud_vwap_hurstmp_v7,1780749000000000,5.025581632653061,1,0.49,eth-updown-5m-1780748700
poly_sniper_v5_eth_5m_ema50_hurst_parent15mrang_v7_vL,1780749000000000,5.025581632653061,1,0.49,eth-updown-5m-1780748700
poly_sniper_v5_eth_5m_bb_mp_hurst_band_v6_vL,1780749000000000,5.025581632653061,1,0.49,eth-updown-5m-1780748700
poly_sniper_v5_eth_5m_bb_mp_hurst_band_V10,1780749000000000,5.025581632653061,1,0.49,eth-updown-5m-1780748700
poly_sniper_v5_eth_5m_cloud_vwap_hurstmp_v7_vL,1780749000000000,5.025581632653061,1,0.49,eth-updown-5m-1780748700
poly_sniper_v5_eth_5m_bb_mp_hurst_band_v6,1780749000000000,5.025581632653061,1,0.49,eth-updown-5m-1780748700
poly_sniper_v5_eth_5m_ema50_hurst_parent15mrang_v7,1780749000000000,5.025581632653061,1,0.49,eth-updown-5m-1780748700
poly_fast_taker_lagv2_eth_5m,1780749600000000,-17.911500000000004,0,0.68,eth-updown-5m-1780749300
poly_sniper_v5_eth_5m_ema50_hurst_parent15mrang_v7,1780749600000000,1.6657567567567568,1,0.74,eth-updown-5m-1780749300
poly_sniper_v5_eth_5m_ema50_hurst_parent15mrang_v7_vL,1780749600000000,1.6657567567567568,1,0.74,eth-updown-5m-1780749300
poly_sniper_v5_eth_5m_cloud_vwap_hurstmp_v7_vL,1780749900000000,3.93340909090909,1,0.55,eth-updown-5m-1780749600
poly_sniper_v5_eth_5m_ema50_hurst_parent15mrang_v7_vL,1780749900000000,3.93340909090909,1,0.55,eth-updown-5m-1780749600
poly_sniper_v5_eth_5m_bb_mp_hurst_band_v6,1780749900000000,3.93340909090909,1,0.55,eth-updown-5m-1780749600
poly_sniper_v5_eth_5m_bb_mp_hurst_band_v6_vL,1780749900000000,3.93340909090909,1,0.55,eth-updown-5m-1780749600
poly_sniper_v5_eth_5m_ema50_hurst_parent15mrang_v7,1780749900000000,3.93340909090909,1,0.55,eth-updown-5m-1780749600
poly_sniper_v5_eth_5m_ema200_vwap_regimerang_xa3_v7,1780749900000000,2.3471865671641785,1,0.67,eth-updown-5m-1780749600
poly_sniper_v5_eth_5m_cloud_vwap_hurstmp_v7,1780749900000000,3.93340909090909,1,0.55,eth-updown-5m-1780749600
poly_sniper_v5_eth_5m_bb_mp_hurst_band_v6_vL,1780750200000000,-5.0,0,0.64,eth-updown-5m-1780749900
poly_sniper_v5_eth_5m_ema50_hurst_parent15mrang_v7_vL,1780750200000000,-5.0,0,0.64,eth-updown-5m-1780749900
poly_sniper_v5_eth_5m_lq_ema50_hurst_grandparent_prev15m_v8_vL,1780750200000000,-5.0,0,0.64,eth-updown-5m-1780749900
poly_fast_taker_b2_nomerge_eth_5m,1780750200000000,-2.0,0,0.54,eth-updown-5m-1780749900
poly_sniper_v5_eth_5m_cloud_vwap_hurstmp_v7_vL,1780750200000000,-5.0,0,0.64,eth-updown-5m-1780749900
poly_sniper_v5_eth_5m_ema200_vwap_regimerang_xa3_v7,1780750200000000,-5.0,0,0.7,eth-updown-5m-1780749900
poly_fast_taker_lagv2_eth_5m,1780750500000000,-6.812253521126757,0,0.71,eth-updown-5m-1780750200
poly_sniper_v5_eth_5m_cloud_ribbon_mp_hurst_v6,1780750500000000,7.940894736842105,1,0.38,eth-updown-5m-1780750200
poly_sniper_v5_eth_5m_v6c3_parent15mrang_v7,1780750500000000,7.940894736842105,1,0.38,eth-updown-5m-1780750200
poly_sniper_v5_eth_5m_cloud_vwap_hurstmp_v7,1780750500000000,7.940894736842105,1,0.38,eth-updown-5m-1780750200
poly_sniper_v5_eth_5m_v6c3_parent15mrang_v7_vL,1780750500000000,7.940894736842105,1,0.38,eth-updown-5m-1780750200
poly_sniper_v5_eth_5m_ema50_hurst_parent15mrang_v7,1780750500000000,7.940894736842105,1,0.38,eth-updown-5m-1780750200
poly_sniper_v5_eth_5m_bb_mp_hurst_band_v6_vL,1780750500000000,7.940894736842105,1,0.38,eth-updown-5m-1780750200
poly_sniper_v5_eth_5m_cloud_ribbon_mp_hurst_v6_vL,1780750500000000,7.940894736842105,1,0.38,eth-updown-5m-1780750200
poly_sniper_v5_eth_5m_bb_mp_hurst_band_V10,1780750500000000,7.940894736842105,1,0.38,eth-updown-5m-1780750200
poly_sniper_v5_eth_5m_ema50_hurst_parent15mrang_v7_vL,1780750500000000,7.940894736842105,1,0.38,eth-updown-5m-1780750200
poly_sniper_v5_eth_5m_bb_mp_hurst_band_v6,1780750500000000,7.940894736842105,1,0.38,eth-updown-5m-1780750200
poly_sniper_v5_eth_5m_cloud_vwap_hurstmp_v7_vL,1780750500000000,7.940894736842105,1,0.38,eth-updown-5m-1780750200
poly_fast_taker_b2_nomerge_eth_5m,1780750500000000,-2.0,0,0.75,eth-updown-5m-1780750200
poly_sniper_v5_eth_5m_up_a2_hlcascade25k_v9,1780750500000000,9.474882352941174,1,0.34,eth-updown-5m-1780750200
poly_sniper_v5_eth_5m_ema50_hurst_parent15mrang_v7_vL,1780750800000000,-5.0,0,0.45999999999999996,eth-updown-5m-1780750500
poly_fast_taker_b2_nomerge_eth_5m,1780750800000000,1.2531147540983607,1,0.61,eth-updown-5m-1780750500
poly_sniper_v5_eth_5m_bb_mp_hurst_band_v6_vL,1780751100000000,-5.0,0,0.71,eth-updown-5m-1780750800
poly_sniper_v5_eth_5m_bb_mp_hurst_band_v6,1780751100000000,-5.0,0,0.71,eth-updown-5m-1780750800
poly_sniper_v5_eth_5m_l_ema50_hurst_grandparent_v8,1780751100000000,-5.0,0,0.71,eth-updown-5m-1780750800
poly_sniper_v5_eth_5m_l_ema50_hurst_grandparent_V10,1780751100000000,-5.0,0,0.71,eth-updown-5m-1780750800
poly_sniper_v5_eth_5m_ema50_hurst_parent15mrang_v7_vL,1780751100000000,-5.0,0,0.71,eth-updown-5m-1780750800
poly_sniper_v5_eth_5m_ema50_hurst_parent15mrang_v7,1780751100000000,-5.0,0,0.71,eth-updown-5m-1780750800
poly_fast_taker_lagv2_eth_5m,1780751100000000,-25.0,0,0.69,eth-updown-5m-1780750800
poly_fast_taker_b2_nomerge_eth_5m,1780751100000000,-2.0,0,0.57,eth-updown-5m-1780750800
poly_sniper_v5_eth_5m_ema50_hurst_parent15mrang_v7,1780751400000000,1.6657567567567568,1,0.74,eth-updown-5m-1780751100
poly_sniper_v5_eth_5m_ema50_hurst_parent15mrang_v7_vL,1780751400000000,1.6657567567567568,1,0.74,eth-updown-5m-1780751100
poly_sniper_v5_eth_5m_bb_mp_hurst_band_v6_vL,1780751700000000,-5.0,0,0.62,eth-updown-5m-1780751400
poly_sniper_v5_eth_5m_v6c3_parent15mrang_v7_vL,1780751700000000,-5.0,0,0.62,eth-updown-5m-1780751400
poly_sniper_v5_eth_5m_ema50_hurst_parent15mrang_v7_vL,1780751700000000,-5.0,0,0.62,eth-updown-5m-1780751400
poly_sniper_v5_eth_5m_bb_mp_hurst_band_v6,1780751700000000,-5.0,0,0.62,eth-updown-5m-1780751400
poly_sniper_v5_eth_5m_cloud_ribbon_mp_hurst_v6_vL,1780751700000000,-5.0,0,0.62,eth-updown-5m-1780751400
poly_sniper_v5_eth_5m_cloud_ribbon_mp_hurst_v6,1780751700000000,-5.0,0,0.62,eth-updown-5m-1780751400
poly_sniper_v5_eth_5m_v6c3_parent15mrang_v7,1780751700000000,-5.0,0,0.62,eth-updown-5m-1780751400
poly_sniper_v5_eth_5m_ema50_hurst_parent15mrang_v7,1780751700000000,-5.0,0,0.62,eth-updown-5m-1780751400
poly_sniper_v5_eth_5m_l_ema50_hurst_grandparent_v8,1780751700000000,-5.0,0,0.62,eth-updown-5m-1780751400
poly_sniper_v5_eth_5m_cloud_vwap_hurstmp_v7_vL,1780751700000000,-5.0,0,0.62,eth-updown-5m-1780751400
poly_sniper_v5_eth_5m_lq_ema50_hurst_grandparent_prev15m_v8_vL,1780751700000000,-5.0,0,0.62,eth-updown-5m-1780751400
poly_sniper_v5_eth_5m_lq_ema50_hurst_grandparent_prev15m_v8,1780751700000000,-5.0,0,0.62,eth-updown-5m-1780751400
poly_sniper_v5_eth_5m_cloud_vwap_hurstmp_v7,1780751700000000,-5.0,0,0.62,eth-updown-5m-1780751400
poly_sniper_v5_eth_5m_l_ema50_hurst_grandparent_V10,1780751700000000,-5.0,0,0.62,eth-updown-5m-1780751400
poly_sniper_v5_eth_5m_ema50_hurst_parent15mrang_v7,1780752000000000,2.6865,1,0.64,eth-updown-5m-1780751700
poly_sniper_v5_eth_5m_ema50_hurst_parent15mrang_v7_vL,1780752000000000,2.6865,1,0.64,eth-updown-5m-1780751700
poly_sniper_v5_eth_5m_ema200_vwap_regimerang_xa3_v7,1780752000000000,1.5791666666666668,1,0.75,eth-updown-5m-1780751700
poly_fast_taker_lagv2_eth_5m,1780752000000000,16.655381355932207,1,0.59,eth-updown-5m-1780751700
poly_fast_taker_lagv2_eth_5m,1780752600000000,-11.173336507936508,0,0.63,eth-updown-5m-1780752300
poly_sniper_v5_eth_5m_lq_ema50_hurst_grandparent_prev15m_v8,1780752300000000,1.2556139240506328,1,0.79,eth-updown-5m-1780752000
poly_sniper_v5_eth_5m_ema50_hurst_parent15mrang_v7,1780752300000000,1.2556139240506328,1,0.79,eth-updown-5m-1780752000
poly_sniper_v5_eth_5m_lq_ema50_hurst_grandparent_prev15m_v8_vL,1780752300000000,1.2556139240506328,1,0.79,eth-updown-5m-1780752000
poly_sniper_v5_eth_5m_l_ema50_hurst_grandparent_V10,1780752300000000,1.2556139240506328,1,0.79,eth-updown-5m-1780752000
poly_fast_taker_lagv2_eth_5m,1780752300000000,10.945686612395884,1,0.6849886232324316,eth-updown-5m-1780752000
poly_fast_taker_b2_nomerge_eth_5m,1780752300000000,0.9223529411764704,1,0.68,eth-updown-5m-1780752000
poly_sniper_v5_eth_5m_ema50_hurst_parent15mrang_v7_vL,1780752300000000,1.2556139240506328,1,0.79,eth-updown-5m-1780752000
poly_sniper_v5_eth_5m_l_ema50_hurst_grandparent_v8,1780752300000000,1.2556139240506328,1,0.79,eth-updown-5m-1780752000
poly_sniper_v5_eth_5m_cloud_vwap_hurstmp_v7,1780752600000000,1.6657567567567568,1,0.74,eth-updown-5m-1780752300
poly_sniper_v5_eth_5m_ema50_hurst_parent15mrang_v7,1780752600000000,1.6657567567567568,1,0.74,eth-updown-5m-1780752300
poly_sniper_v5_eth_5m_cloud_ribbon_mp_hurst_V10,1780752600000000,1.6657567567567568,1,0.74,eth-updown-5m-1780752300
poly_sniper_v5_eth_5m_cloud_vwap_hurstmp_v7_vL,1780752600000000,1.6657567567567568,1,0.74,eth-updown-5m-1780752300
poly_sniper_v5_eth_5m_cloud_ribbon_mp_hurst_v6,1780752600000000,1.6657567567567568,1,0.74,eth-updown-5m-1780752300
poly_sniper_v5_eth_5m_bb_mp_hurst_band_v6,1780752600000000,1.6657567567567568,1,0.74,eth-updown-5m-1780752300
poly_sniper_v5_eth_5m_cloud_ribbon_mp_hurst_v6_vL,1780752600000000,1.6657567567567568,1,0.74,eth-updown-5m-1780752300
poly_sniper_v5_eth_5m_v6c3_parent15mrang_v7,1780752600000000,1.6657567567567568,1,0.74,eth-updown-5m-1780752300
poly_sniper_v5_eth_5m_ema50_hurst_parent15mrang_v7_vL,1780752600000000,1.6657567567567568,1,0.74,eth-updown-5m-1780752300
poly_sniper_v5_eth_5m_ema200_vwap_regimerang_xa3_v7,1780752600000000,1.7548150684931507,1,0.73,eth-updown-5m-1780752300
poly_sniper_v5_eth_5m_v6c3_parent15mrang_v7_vL,1780752600000000,1.6657567567567568,1,0.74,eth-updown-5m-1780752300
poly_sniper_v5_eth_5m_bb_mp_hurst_band_v6_vL,1780752600000000,1.6657567567567568,1,0.74,eth-updown-5m-1780752300
poly_sniper_v5_eth_5m_v6c3_parent15mrang_v7_vL,1780752900000000,0.8963809523809526,1,0.84,eth-updown-5m-1780752600
poly_sniper_v5_eth_5m_cloud_ribbon_mp_hurst_V10,1780752900000000,0.8963809523809526,1,0.84,eth-updown-5m-1780752600
poly_sniper_v5_eth_5m_ema50_hurst_parent15mrang_v7,1780752900000000,0.8963809523809526,1,0.84,eth-updown-5m-1780752600
poly_sniper_v5_eth_5m_ema50_hurst_parent15mrang_v7_vL,1780752900000000,0.8963809523809526,1,0.84,eth-updown-5m-1780752600
poly_sniper_v5_eth_5m_cloud_ribbon_mp_hurst_v6,1780752900000000,0.8963809523809526,1,0.84,eth-updown-5m-1780752600
poly_sniper_v5_eth_5m_v6c3_parent15mrang_v7,1780752900000000,0.8963809523809526,1,0.84,eth-updown-5m-1780752600
poly_sniper_v5_eth_5m_cloud_ribbon_mp_hurst_v6_vL,1780752900000000,0.8963809523809526,1,0.84,eth-updown-5m-1780752600
poly_fast_taker_lagv2_eth_5m,1780753200000000,11.735932835820892,1,0.67,eth-updown-5m-1780752900
poly_sniper_v5_eth_5m_l_ema50_hurst_grandparent_V10,1780753200000000,1.5791666666666668,1,0.75,eth-updown-5m-1780752900
poly_sniper_v5_eth_5m_l_ema50_hurst_grandparent_v8,1780753200000000,1.5791666666666668,1,0.75,eth-updown-5m-1780752900
poly_sniper_v5_eth_5m_ema50_hurst_parent15mrang_v7,1780753200000000,1.5791666666666668,1,0.75,eth-updown-5m-1780752900
poly_fast_taker_b2_nomerge_eth_5m,1780753200000000,1.0096969696969698,1,0.66,eth-updown-5m-1780752900
poly_sniper_v5_eth_5m_ema50_hurst_parent15mrang_v7_vL,1780753200000000,1.5791666666666668,1,0.75,eth-updown-5m-1780752900
poly_sniper_v5_eth_5m_l_ema50_hurst_grandparent_v8,1780753500000000,2.569807692307692,1,0.65,eth-updown-5m-1780753200
poly_sniper_v5_eth_5m_cloud_ribbon_mp_hurst_v6,1780753500000000,2.569807692307692,1,0.65,eth-updown-5m-1780753200
poly_sniper_v5_eth_5m_ema200_vwap_regimerang_xa3_v7,1780753500000000,-5.0,0,0.45,eth-updown-5m-1780753200
poly_sniper_v5_eth_5m_bb_mp_hurst_band_v6,1780753500000000,2.569807692307692,1,0.65,eth-updown-5m-1780753200
poly_sniper_v5_eth_5m_cloud_ribbon_mp_hurst_v6_vL,1780753500000000,2.569807692307692,1,0.65,eth-updown-5m-1780753200
poly_sniper_v5_eth_5m_ema50_hurst_parent15mrang_v7,1780753500000000,2.569807692307692,1,0.65,eth-updown-5m-1780753200
poly_sniper_v5_eth_5m_cloud_vwap_hurstmp_v7_vL,1780753500000000,2.569807692307692,1,0.65,eth-updown-5m-1780753200
poly_sniper_v5_eth_5m_v6c3_parent15mrang_v7,1780753500000000,2.569807692307692,1,0.65,eth-updown-5m-1780753200
poly_sniper_v5_eth_5m_v6c3_parent15mrang_v7_vL,1780753500000000,2.569807692307692,1,0.65,eth-updown-5m-1780753200
poly_sniper_v5_eth_5m_cloud_vwap_hurstmp_v7,1780753500000000,2.569807692307692,1,0.65,eth-updown-5m-1780753200
poly_sniper_v5_eth_5m_ema50_hurst_parent15mrang_v7_vL,1780753500000000,2.569807692307692,1,0.65,eth-updown-5m-1780753200
poly_sniper_v5_eth_5m_l_ema50_hurst_grandparent_V10,1780753500000000,2.569807692307692,1,0.65,eth-updown-5m-1780753200
poly_sniper_v5_eth_5m_bb_mp_hurst_band_v6_vL,1780753500000000,2.569807692307692,1,0.65,eth-updown-5m-1780753200
poly_sniper_v5_eth_5m_up_a2_hlcascade25k_v9,1780753800000000,-4.999999999999999,0,0.61,eth-updown-5m-1780753500
poly_sniper_v5_eth_5m_ema50_hurst_parent15mrang_v7,1780753800000000,-5.0,0,0.84,eth-updown-5m-1780753500
poly_sniper_v5_eth_5m_l_ema50_hurst_grandparent_V10,1780753800000000,-5.0,0,0.84,eth-updown-5m-1780753500
poly_sniper_v5_eth_5m_cloud_ribbon_mp_hurst_v6,1780753800000000,-5.0,0,0.84,eth-updown-5m-1780753500
poly_sniper_v5_eth_5m_cloud_ribbon_mp_hurst_v6_vL,1780753800000000,-5.0,0,0.84,eth-updown-5m-1780753500
poly_sniper_v5_eth_5m_a2_hlcascade50k_v9,1780753800000000,7.29,1,0.4,eth-updown-5m-1780753500
poly_sniper_v5_eth_5m_l_ema50_hurst_grandparent_v8,1780753800000000,-5.0,0,0.84,eth-updown-5m-1780753500
poly_sniper_v5_eth_5m_ema50_hurst_parent15mrang_v7_vL,1780753800000000,-5.0,0,0.84,eth-updown-5m-1780753500
poly_sniper_v5_eth_5m_v6c3_parent15mrang_v7,1780753800000000,-5.0,0,0.84,eth-updown-5m-1780753500
poly_sniper_v5_eth_5m_v6c3_parent15mrang_v7_vL,1780753800000000,-5.0,0,0.84,eth-updown-5m-1780753500
poly_sniper_v5_eth_5m_a2_hlcascade50k_v9,1780753800000000,-4.999999999999999,0,0.61,eth-updown-5m-1780753500
poly_sniper_v5_eth_5m_v6c3_parent15mrang_v7,1780754100000000,2.6865,1,0.64,eth-updown-5m-1780753800
poly_sniper_v5_eth_5m_cloud_vwap_hurstmp_v7_vL,1780754100000000,2.6865,1,0.64,eth-updown-5m-1780753800
poly_sniper_v5_eth_5m_cloud_ribbon_mp_hurst_V10,1780754100000000,2.6865,1,0.64,eth-updown-5m-1780753800
poly_sniper_v5_eth_5m_ema50_hurst_parent15mrang_v7,1780754100000000,2.6865,1,0.64,eth-updown-5m-1780753800
poly_sniper_v5_eth_5m_cloud_ribbon_mp_hurst_v6_vL,1780754100000000,2.6865,1,0.64,eth-updown-5m-1780753800
poly_sniper_v5_eth_5m_ema50_hurst_parent15mrang_v7_vL,1780754100000000,2.6865,1,0.64,eth-updown-5m-1780753800
poly_sniper_v5_eth_5m_cloud_vwap_hurstmp_v7,1780754100000000,2.6865,1,0.64,eth-updown-5m-1780753800
poly_sniper_v5_eth_5m_bb_mp_hurst_band_v6,1780754100000000,2.6865,1,0.64,eth-updown-5m-1780753800
poly_sniper_v5_eth_5m_bb_mp_hurst_band_v6_vL,1780754100000000,2.6865,1,0.64,eth-updown-5m-1780753800
poly_sniper_v5_eth_5m_cloud_ribbon_mp_hurst_v6,1780754100000000,2.6865,1,0.64,eth-updown-5m-1780753800
poly_sniper_v5_eth_5m_v6c3_parent15mrang_v7_vL,1780754100000000,2.6865,1,0.64,eth-updown-5m-1780753800
poly_sniper_v5_eth_5m_ema50_hurst_parent15mrang_v7_vL,1780754400000000,-5.0,0,0.45999999999999996,eth-updown-5m-1780754100
poly_sniper_v5_eth_5m_ema200_vwap_regimerang_xa3_v7,1780754400000000,2.2409411764705878,1,0.68,eth-updown-5m-1780754100
poly_fast_taker_lagv2_eth_5m,1780754700000000,-9.433962264150944,0,0.53,eth-updown-5m-1780754400
poly_sniper_v5_eth_5m_ema50_hurst_parent15mrang_v7_vL,1780754700000000,2.931516129032258,1,0.62,eth-updown-5m-1780754400
poly_sniper_v5_eth_5m_l_ema50_hurst_grandparent_v8,1780754700000000,2.931516129032258,1,0.62,eth-updown-5m-1780754400
poly_sniper_v5_eth_5m_cloud_ribbon_mp_hurst_v6_vL,1780754700000000,2.931516129032258,1,0.62,eth-updown-5m-1780754400
poly_sniper_v5_eth_5m_cloud_vwap_hurstmp_v7,1780754700000000,2.931516129032258,1,0.62,eth-updown-5m-1780754400
poly_sniper_v5_eth_5m_v6c3_parent15mrang_v7_vL,1780754700000000,2.931516129032258,1,0.62,eth-updown-5m-1780754400
poly_sniper_v5_eth_5m_bb_mp_hurst_band_v6,1780754700000000,2.931516129032258,1,0.62,eth-updown-5m-1780754400
poly_sniper_v5_eth_5m_bb_mp_hurst_band_v6_vL,1780754700000000,2.931516129032258,1,0.62,eth-updown-5m-1780754400
poly_sniper_v5_eth_5m_cloud_ribbon_mp_hurst_v6,1780754700000000,2.931516129032258,1,0.62,eth-updown-5m-1780754400
poly_sniper_v5_eth_5m_v6c3_parent15mrang_v7,1780754700000000,2.931516129032258,1,0.62,eth-updown-5m-1780754400
poly_sniper_v5_eth_5m_ema50_hurst_parent15mrang_v7,1780754700000000,2.931516129032258,1,0.62,eth-updown-5m-1780754400
poly_sniper_v5_eth_5m_l_ema50_hurst_grandparent_V10,1780754700000000,2.931516129032258,1,0.62,eth-updown-5m-1780754400
poly_sniper_v5_eth_5m_cloud_vwap_hurstmp_v7_vL,1780754700000000,2.931516129032258,1,0.62,eth-updown-5m-1780754400
poly_sniper_v5_eth_5m_l_ema50_hurst_grandparent_V10,1780755000000000,3.3310762711864412,1,0.59,eth-updown-5m-1780754700
poly_sniper_v5_eth_5m_lq_ema50_hurst_grandparent_prev15m_v8_vL,1780755000000000,3.3310762711864412,1,0.59,eth-updown-5m-1780754700
poly_sniper_v5_eth_5m_l_ema50_hurst_grandparent_v8,1780755000000000,3.3310762711864412,1,0.59,eth-updown-5m-1780754700
poly_sniper_v5_eth_5m_lq_ema50_hurst_grandparent_prev15m_v8,1780755000000000,3.3310762711864412,1,0.59,eth-updown-5m-1780754700
poly_sniper_v5_eth_5m_ema200_vwap_regimerang_xa3_v7,1780755000000000,-5.0,0,0.41,eth-updown-5m-1780754700
poly_sniper_v5_eth_5m_ema50_hurst_parent15mrang_v7_vL,1780755000000000,3.3310762711864412,1,0.59,eth-updown-5m-1780754700
poly_sniper_v5_eth_5m_ema50_hurst_parent15mrang_v7,1780755000000000,3.3310762711864412,1,0.59,eth-updown-5m-1780754700
poly_sniper_v5_eth_5m_ema50_hurst_parent15mrang_v7_vL,1780755600000000,4.447384615384615,1,0.52,eth-updown-5m-1780755300
poly_sniper_v5_eth_5m_l_ema50_hurst_grandparent_V10,1780755900000000,3.93340909090909,1,0.55,eth-updown-5m-1780755600
poly_sniper_v5_eth_5m_lq_ema50_hurst_grandparent_prev15m_v8_vL,1780755900000000,3.93340909090909,1,0.55,eth-updown-5m-1780755600
poly_sniper_v5_eth_5m_l_ema50_hurst_grandparent_v8,1780755900000000,3.93340909090909,1,0.55,eth-updown-5m-1780755600
shadow_oracle_settle_eth_5m,1780755900000000,0.411179839685696,1,0.9192094798473314,eth-updown-5m-1780755600
poly_sniper_v5_eth_5m_lq_ema50_hurst_grandparent_prev15m_v8,1780755900000000,3.93340909090909,1,0.55,eth-updown-5m-1780755600
poly_sniper_v5_eth_5m_ema50_hurst_parent15mrang_v7,1780755900000000,3.93340909090909,1,0.55,eth-updown-5m-1780755600
poly_sniper_v5_eth_5m_ema50_hurst_parent15mrang_v7_vL,1780755900000000,3.93340909090909,1,0.55,eth-updown-5m-1780755600
poly_sniper_v5_eth_5m_ema50_hurst_parent15mrang_v7_vL,1780756200000000,0.7649534883720924,1,0.8600000000000001,eth-updown-5m-1780755900
poly_sniper_v5_eth_5m_l_ema50_hurst_grandparent_v8,1780756200000000,0.7649534883720924,1,0.8600000000000001,eth-updown-5m-1780755900
shadow_oracle_settle_eth_5m,1780756200000000,0.2981489361702125,1,0.9400000000000001,eth-updown-5m-1780755900
poly_sniper_v5_eth_5m_ema50_hurst_parent15mrang_v7,1780756200000000,0.7649534883720924,1,0.8600000000000001,eth-updown-5m-1780755900
poly_sniper_v5_eth_5m_l_ema50_hurst_grandparent_V10,1780756200000000,0.7649534883720924,1,0.8600000000000001,eth-updown-5m-1780755900
poly_fast_taker_lagv2_eth_5m,1780756200000000,12.314483194264895,1,0.6594488188976378,eth-updown-5m-1780755900
poly_fast_taker_b2_nomerge_eth_5m,1780756200000000,0.965373134328358,1,0.67,eth-updown-5m-1780755900
poly_fast_taker_lagv2_eth_5m,1780756800000000,-7.421875,0,0.64,eth-updown-5m-1780756500
poly_sniper_v5_eth_5m_bb_mp_hurst_band_v6_vL,1780756500000000,-5.0,0,0.6642476156484842,eth-updown-5m-1780756200
poly_sniper_v5_eth_5m_cloud_ribbon_mp_hurst_v6_vL,1780756500000000,-5.0,0,0.6642476156484842,eth-updown-5m-1780756200
poly_sniper_v5_eth_5m_v6c3_parent15mrang_v7,1780756500000000,-5.0,0,0.6642476156484842,eth-updown-5m-1780756200
poly_sniper_v5_eth_5m_l_ema50_hurst_grandparent_v8,1780756500000000,-5.0,0,0.6642476156484842,eth-updown-5m-1780756200
poly_sniper_v5_eth_5m_bb_mp_hurst_band_v6,1780756500000000,-5.0,0,0.6642476156484842,eth-updown-5m-1780756200
poly_sniper_v5_eth_5m_l_ema50_hurst_grandparent_V10,1780756500000000,-5.0,0,0.6642476156484842,eth-updown-5m-1780756200
poly_sniper_v5_eth_5m_cloud_ribbon_mp_hurst_V10,1780756500000000,-5.0,0,0.6642476156484842,eth-updown-5m-1780756200
poly_sniper_v5_eth_5m_v6c3_parent15mrang_v7_vL,1780756500000000,-5.0,0,0.6642476156484842,eth-updown-5m-1780756200
poly_sniper_v5_eth_5m_ema50_hurst_parent15mrang_v7,1780756500000000,-5.0,0,0.6642476156484842,eth-updown-5m-1780756200
poly_sniper_v5_eth_5m_cloud_vwap_hurstmp_v7_vL,1780756500000000,-5.0,0,0.6642476156484842,eth-updown-5m-1780756200
poly_sniper_v5_eth_5m_cloud_ribbon_mp_hurst_v6,1780756500000000,-5.0,0,0.6642476156484842,eth-updown-5m-1780756200
poly_sniper_v5_eth_5m_cloud_vwap_hurstmp_v7,1780756500000000,-5.0,0,0.6642476156484842,eth-updown-5m-1780756200
poly_sniper_v5_eth_5m_ema50_hurst_parent15mrang_v7_vL,1780756500000000,-5.0,0,0.6642476156484842,eth-updown-5m-1780756200
poly_sniper_v5_eth_5m_ema200_vwap_regimerang_xa3_v7,1780756800000000,1.4130064935064934,1,0.77,eth-updown-5m-1780756500
poly_fast_taker_b2_nomerge_eth_5m,1780756800000000,-2.0,0,0.62,eth-updown-5m-1780756500
poly_sniper_v5_eth_5m_ema50_hurst_parent15mrang_v7_vL,1780756800000000,3.193333333333334,1,0.6,eth-updown-5m-1780756500
poly_sniper_v5_eth_5m_ema50_hurst_parent15mrang_v7,1780756800000000,3.193333333333334,1,0.6,eth-updown-5m-1780756500
poly_fast_taker_lagv2_eth_5m,1780757100000000,-6.785714285714284,0,0.7,eth-updown-5m-1780756800
poly_sniper_v5_eth_5m_ema50_hurst_parent15mrang_v7_vL,1780757100000000,9.474882352941174,1,0.34,eth-updown-5m-1780756800
poly_sniper_v5_eth_5m_ema50_hurst_parent15mrang_v7,1780757100000000,9.474882352941174,1,0.34,eth-updown-5m-1780756800
poly_sniper_v5_eth_5m_ema200_vwap_regimerang_xa3_v7,1780757100000000,3.93340909090909,1,0.55,eth-updown-5m-1780756800
poly_sniper_v5_eth_5m_l_ema50_hurst_grandparent_v8,1780757400000000,-5.0,0,0.52,eth-updown-5m-1780757100
poly_sniper_v5_eth_5m_ema50_hurst_parent15mrang_v7_vL,1780757400000000,-5.0,0,0.52,eth-updown-5m-1780757100
poly_sniper_v5_eth_5m_ema50_hurst_parent15mrang_v7,1780757400000000,-5.0,0,0.52,eth-updown-5m-1780757100
poly_sniper_v5_eth_5m_l_ema50_hurst_grandparent_V10,1780757400000000,-5.0,0,0.52,eth-updown-5m-1780757100
poly_sniper_v5_eth_5m_ema200_vwap_regimerang_xa3_v7,1780757700000000,-5.0,0,0.49,eth-updown-5m-1780757400
poly_sniper_v5_eth_5m_ema50_hurst_parent15mrang_v7_vL,1780757700000000,-5.0,0,0.75,eth-updown-5m-1780757400
poly_sniper_v5_eth_5m_ema50_hurst_parent15mrang_v7,1780758000000000,1.2556139240506328,1,0.79,eth-updown-5m-1780757700
poly_fast_taker_lagv2_eth_5m,1780758000000000,12.283787878787876,1,0.66,eth-updown-5m-1780757700
poly_sniper_v5_eth_5m_ema50_hurst_parent15mrang_v7_vL,1780758000000000,1.2556139240506328,1,0.79,eth-updown-5m-1780757700
poly_sniper_v5_eth_5m_l_ema50_hurst_grandparent_V10,1780758000000000,1.2556139240506328,1,0.79,eth-updown-5m-1780757700
poly_fast_taker_b2_nomerge_eth_5m,1780758000000000,1.0096969696969698,1,0.66,eth-updown-5m-1780757700
poly_sniper_v5_eth_5m_l_ema50_hurst_grandparent_v8,1780758000000000,1.2556139240506328,1,0.79,eth-updown-5m-1780757700
poly_fast_taker_lagv2_eth_5m,1780758300000000,-13.129763492063494,0,0.63,eth-updown-5m-1780758000
poly_sniper_v5_eth_5m_ema50_hurst_parent15mrang_v7_vL,1780758300000000,-5.0,0,0.81,eth-updown-5m-1780758000
poly_sniper_v5_eth_5m_ema50_hurst_parent15mrang_v7,1780758300000000,-5.0,0,0.81,eth-updown-5m-1780758000
poly_fast_taker_b2_nomerge_eth_5m,1780758300000000,-2.0,0,0.63,eth-updown-5m-1780758000
poly_sniper_v5_eth_5m_ema50_hurst_parent15mrang_v7,1780758600000000,-5.0,0,0.81,eth-updown-5m-1780758300
poly_sniper_v5_eth_5m_lq_ema50_hurst_grandparent_prev15m_v8,1780758600000000,-5.0,0,0.81,eth-updown-5m-1780758300
poly_sniper_v5_eth_5m_cloud_ribbon_mp_hurst_v6_vL,1780758600000000,-5.0,0,0.81,eth-updown-5m-1780758300
poly_sniper_v5_eth_5m_l_ema50_hurst_grandparent_V10,1780758600000000,-5.0,0,0.81,eth-updown-5m-1780758300
poly_sniper_v5_eth_5m_v6c3_parent15mrang_v7_vL,1780758600000000,-5.0,0,0.81,eth-updown-5m-1780758300
poly_sniper_v5_eth_5m_l_ema50_hurst_grandparent_v8,1780758600000000,-5.0,0,0.81,eth-updown-5m-1780758300
poly_sniper_v5_eth_5m_lq_ema50_hurst_grandparent_prev15m_v8_vL,1780758600000000,-5.0,0,0.81,eth-updown-5m-1780758300
poly_sniper_v5_eth_5m_v6c3_parent15mrang_v7,1780758600000000,-5.0,0,0.81,eth-updown-5m-1780758300
poly_sniper_v5_eth_5m_ema50_hurst_parent15mrang_v7_vL,1780758600000000,-5.0,0,0.81,eth-updown-5m-1780758300
poly_sniper_v5_eth_5m_cloud_ribbon_mp_hurst_V10,1780758600000000,-5.0,0,0.81,eth-updown-5m-1780758300
poly_sniper_v5_eth_5m_cloud_ribbon_mp_hurst_v6,1780758600000000,-5.0,0,0.81,eth-updown-5m-1780758300
poly_fast_taker_b2_nomerge_eth_5m,1780758900000000,1.4193103448275863,1,0.58,eth-updown-5m-1780758600
poly_fast_taker_lagv2_eth_5m,1780758900000000,14.657580645161291,1,0.62,eth-updown-5m-1780758600
poly_fast_taker_lagv2_eth_5m,1780759200000000,-10.080645161290322,0,0.62,eth-updown-5m-1780758900
poly_sniper_v5_eth_5m_cloud_vwap_hurstmp_v7_vL,1780759200000000,-5.0,0,0.45999999999999996,eth-updown-5m-1780758900
poly_sniper_v5_eth_5m_bb_mp_hurst_band_v6_vL,1780759200000000,-5.0,0,0.45999999999999996,eth-updown-5m-1780758900
poly_sniper_v5_eth_5m_bb_mp_hurst_band_V10,1780759200000000,-5.0,0,0.45999999999999996,eth-updown-5m-1780758900
poly_sniper_v5_eth_5m_cloud_vwap_hurstmp_v7,1780759200000000,-5.0,0,0.45999999999999996,eth-updown-5m-1780758900
poly_sniper_v5_eth_5m_ema50_hurst_parent15mrang_v7_vL,1780759200000000,-5.0,0,0.45999999999999996,eth-updown-5m-1780758900
poly_sniper_v5_eth_5m_ema50_hurst_parent15mrang_v7,1780759200000000,-5.0,0,0.45999999999999996,eth-updown-5m-1780758900
poly_fast_taker_b2_nomerge_eth_5m,1780759200000000,1.6036363636363635,1,0.55,eth-updown-5m-1780758900
poly_sniper_v5_eth_5m_bb_mp_hurst_band_v6,1780759200000000,-5.0,0,0.45999999999999996,eth-updown-5m-1780758900
poly_sniper_v5_eth_5m_bb_mp_hurst_band_v6,1780759500000000,2.931516129032258,1,0.62,eth-updown-5m-1780759200
poly_sniper_v5_eth_5m_cloud_ribbon_mp_hurst_v6,1780759500000000,2.931516129032258,1,0.62,eth-updown-5m-1780759200
poly_sniper_v5_eth_5m_cloud_ribbon_mp_hurst_v6_vL,1780759500000000,2.931516129032258,1,0.62,eth-updown-5m-1780759200
poly_sniper_v5_eth_5m_cloud_vwap_hurstmp_v7,1780759500000000,2.931516129032258,1,0.62,eth-updown-5m-1780759200
poly_sniper_v5_eth_5m_ema50_hurst_parent15mrang_v7_vL,1780759500000000,2.931516129032258,1,0.62,eth-updown-5m-1780759200
poly_sniper_v5_eth_5m_v6c3_parent15mrang_v7_vL,1780759500000000,2.931516129032258,1,0.62,eth-updown-5m-1780759200
poly_sniper_v5_eth_5m_v6c3_parent15mrang_v7,1780759500000000,2.931516129032258,1,0.62,eth-updown-5m-1780759200
poly_sniper_v5_eth_5m_ema50_hurst_parent15mrang_v7,1780759500000000,2.931516129032258,1,0.62,eth-updown-5m-1780759200
poly_sniper_v5_eth_5m_cloud_vwap_hurstmp_v7_vL,1780759500000000,2.931516129032258,1,0.62,eth-updown-5m-1780759200
poly_sniper_v5_eth_5m_bb_mp_hurst_band_v6_vL,1780759500000000,2.931516129032258,1,0.62,eth-updown-5m-1780759200
poly_sniper_v5_eth_5m_a2_hlcascade50k_v9,1780759800000000,3.522855845997307,1,0.5766324663962459,eth-updown-5m-1780759500
poly_sniper_v5_eth_5m_ema200_vwap_regimerang_xa3_v7,1780759800000000,2.0378571428571433,1,0.7,eth-updown-5m-1780759500
poly_sniper_v5_eth_5m_a2_hlcascade50k_v9,1780759800000000,-5.0,0,0.44,eth-updown-5m-1780759500
poly_sniper_v5_eth_5m_ema50_hurst_parent15mrang_v7,1780759800000000,1.8075818112633182,1,0.7242063492063492,eth-updown-5m-1780759500
poly_sniper_v5_eth_5m_ema50_hurst_parent15mrang_v7_vL,1780759800000000,1.8075818112633182,1,0.7242063492063492,eth-updown-5m-1780759500
poly_sniper_v5_eth_5m_bb_mp_hurst_band_v6,1780759800000000,1.8075818112633182,1,0.7242063492063492,eth-updown-5m-1780759500
poly_sniper_v5_eth_5m_up_a2_hlcascade25k_v9,1780759800000000,3.522855845997307,1,0.5766324663962459,eth-updown-5m-1780759500
poly_fast_taker_lagv2_eth_5m,1780759800000000,18.87285714285714,1,0.56,eth-updown-5m-1780759500
poly_sniper_v5_eth_5m_bb_mp_hurst_band_v6_vL,1780759800000000,1.8075818112633182,1,0.7242063492063492,eth-updown-5m-1780759500
poly_sniper_v5_eth_5m_ema50_hurst_parent15mrang_v7_vL,1780760100000000,-5.0,0,0.57,eth-updown-5m-1780759800
poly_sniper_v5_eth_5m_l_ema50_hurst_grandparent_V10,1780760100000000,-5.0,0,0.57,eth-updown-5m-1780759800
poly_sniper_v5_eth_5m_bb_mp_hurst_band_v6,1780760100000000,-5.0,0,0.57,eth-updown-5m-1780759800
poly_sniper_v5_eth_5m_l_ema50_hurst_grandparent_v8,1780760100000000,-5.0,0,0.57,eth-updown-5m-1780759800
poly_sniper_v5_eth_5m_lq_ema50_hurst_grandparent_prev15m_v8,1780760100000000,-5.0,0,0.57,eth-updown-5m-1780759800
poly_sniper_v5_eth_5m_lq_ema50_hurst_grandparent_prev15m_v8_vL,1780760100000000,-5.0,0,0.57,eth-updown-5m-1780759800
poly_sniper_v5_eth_5m_ema50_hurst_parent15mrang_v7,1780760100000000,-5.0,0,0.57,eth-updown-5m-1780759800
poly_sniper_v5_eth_5m_bb_mp_hurst_band_v6_vL,1780760100000000,-5.0,0,0.57,eth-updown-5m-1780759800
poly_sniper_v5_eth_5m_v6c3_parent15mrang_v7,1780760400000000,2.6865,1,0.64,eth-updown-5m-1780760100
poly_sniper_v5_eth_5m_cloud_ribbon_mp_hurst_v6,1780760400000000,2.6865,1,0.64,eth-updown-5m-1780760100
poly_sniper_v5_eth_5m_bb_mp_hurst_band_v6_vL,1780760400000000,2.6865,1,0.64,eth-updown-5m-1780760100
poly_sniper_v5_eth_5m_cloud_ribbon_mp_hurst_v6_vL,1780760400000000,2.6865,1,0.64,eth-updown-5m-1780760100
poly_sniper_v5_eth_5m_ema50_hurst_parent15mrang_v7,1780760400000000,2.6865,1,0.64,eth-updown-5m-1780760100
poly_sniper_v5_eth_5m_v6c3_parent15mrang_v7_vL,1780760400000000,2.6865,1,0.64,eth-updown-5m-1780760100
poly_sniper_v5_eth_5m_ema50_hurst_parent15mrang_v7_vL,1780760400000000,2.6865,1,0.64,eth-updown-5m-1780760100
poly_sniper_v5_eth_5m_cloud_vwap_hurstmp_v7_vL,1780760400000000,2.6865,1,0.64,eth-updown-5m-1780760100
poly_sniper_v5_eth_5m_cloud_vwap_hurstmp_v7,1780760400000000,2.6865,1,0.64,eth-updown-5m-1780760100
poly_sniper_v5_eth_5m_ema200_vwap_regimerang_xa3_v7,1780760400000000,3.473689655172415,1,0.58,eth-updown-5m-1780760100
poly_fast_taker_b2_nomerge_eth_5m,1780760400000000,-2.0,0,0.57,eth-updown-5m-1780760100
poly_sniper_v5_eth_5m_bb_mp_hurst_band_v6,1780760400000000,2.6865,1,0.64,eth-updown-5m-1780760100
poly_sniper_v5_eth_5m_cloud_ribbon_mp_hurst_v6,1780760700000000,3.7745714285714276,1,0.56,eth-updown-5m-1780760400
poly_sniper_v5_eth_5m_cloud_vwap_hurstmp_v7,1780760700000000,3.7745714285714276,1,0.56,eth-updown-5m-1780760400
poly_sniper_v5_eth_5m_bb_mp_hurst_band_v6,1780760700000000,3.7745714285714276,1,0.56,eth-updown-5m-1780760400
poly_sniper_v5_eth_5m_ema50_hurst_parent15mrang_v7_vL,1780760700000000,3.7745714285714276,1,0.56,eth-updown-5m-1780760400
poly_sniper_v5_eth_5m_bb_mp_hurst_band_v6_vL,1780760700000000,3.7745714285714276,1,0.56,eth-updown-5m-1780760400
poly_sniper_v5_eth_5m_cloud_vwap_hurstmp_v7_vL,1780760700000000,3.7745714285714276,1,0.56,eth-updown-5m-1780760400
poly_sniper_v5_eth_5m_cloud_ribbon_mp_hurst_v6_vL,1780760700000000,3.7745714285714276,1,0.56,eth-updown-5m-1780760400
poly_sniper_v5_eth_5m_ema50_hurst_parent15mrang_v7,1780760700000000,3.7745714285714276,1,0.56,eth-updown-5m-1780760400
poly_sniper_v5_eth_5m_v6c3_parent15mrang_v7_vL,1780760700000000,3.7745714285714276,1,0.56,eth-updown-5m-1780760400
poly_sniper_v5_eth_5m_v6c3_parent15mrang_v7,1780760700000000,3.7745714285714276,1,0.56,eth-updown-5m-1780760400
poly_fast_taker_lagv2_eth_5m,1780761000000000,-7.936507936507937,0,0.63,eth-updown-5m-1780760700
poly_sniper_v5_eth_5m_ema50_hurst_parent15mrang_v7_vL,1780761000000000,-5.0,0,0.66,eth-updown-5m-1780760700
poly_sniper_v5_eth_5m_bb_mp_hurst_band_v6_vL,1780761000000000,-5.0,0,0.66,eth-updown-5m-1780760700
poly_sniper_v5_eth_5m_bb_mp_hurst_band_v6,1780761000000000,-5.0,0,0.66,eth-updown-5m-1780760700
poly_sniper_v5_eth_5m_ema50_hurst_parent15mrang_v7,1780761000000000,-5.0,0,0.66,eth-updown-5m-1780760700
poly_sniper_v5_eth_5m_ema200_vwap_regimerang_xa3_v7,1780761000000000,4.632421568627452,1,0.51,eth-updown-5m-1780760700
poly_fast_taker_lagv2_eth_5m,1780761300000000,-7.3732999999999995,0,0.7,eth-updown-5m-1780761000
poly_sniper_v5_eth_5m_l_ema50_hurst_grandparent_v8,1780761300000000,5.452797872340425,1,0.47000000000000003,eth-updown-5m-1780761000
poly_sniper_v5_eth_5m_ema50_hurst_parent15mrang_v7_vL,1780761300000000,5.452797872340425,1,0.47000000000000003,eth-updown-5m-1780761000
poly_sniper_v5_eth_5m_ema50_hurst_parent15mrang_v7,1780761300000000,5.452797872340425,1,0.47000000000000003,eth-updown-5m-1780761000
poly_sniper_v5_eth_5m_l_ema50_hurst_grandparent_V10,1780761300000000,5.452797872340425,1,0.47000000000000003,eth-updown-5m-1780761000
poly_fast_taker_lagv2_eth_5m,1780761600000000,-11.940298507462687,0,0.67,eth-updown-5m-1780761300
poly_sniper_v5_eth_5m_ema50_hurst_parent15mrang_v7,1780761600000000,-5.0,0,0.5,eth-updown-5m-1780761300
poly_fast_taker_b2_nomerge_eth_5m,1780761600000000,0.965373134328358,1,0.67,eth-updown-5m-1780761300
poly_sniper_v5_eth_5m_bb_mp_hurst_band_V10,1780761600000000,-5.0,0,0.5,eth-updown-5m-1780761300
poly_sniper_v5_eth_5m_ema50_hurst_parent15mrang_v7_vL,1780761600000000,-5.0,0,0.5,eth-updown-5m-1780761300
poly_sniper_v5_eth_5m_bb_mp_hurst_band_v6_vL,1780761600000000,-5.0,0,0.5,eth-updown-5m-1780761300
poly_sniper_v5_eth_5m_cloud_vwap_hurstmp_v7_vL,1780761600000000,-5.0,0,0.5,eth-updown-5m-1780761300
poly_sniper_v5_eth_5m_cloud_vwap_hurstmp_v7,1780761600000000,-5.0,0,0.5,eth-updown-5m-1780761300
poly_sniper_v5_eth_5m_bb_mp_hurst_band_v6,1780761600000000,-5.0,0,0.5,eth-updown-5m-1780761300
poly_fast_taker_lagv2_eth_5m,1780762200000000,-13.934426229508196,0,0.61,eth-updown-5m-1780761900
poly_sniper_v5_eth_5m_ema50_hurst_parent15mrang_v7_vL,1780761900000000,9.474882352941174,1,0.34,eth-updown-5m-1780761600
poly_sniper_v5_eth_5m_bb_mp_hurst_band_v6,1780761900000000,9.474882352941174,1,0.34,eth-updown-5m-1780761600
poly_sniper_v5_eth_5m_bb_mp_hurst_band_v6_vL,1780761900000000,9.474882352941174,1,0.34,eth-updown-5m-1780761600
poly_sniper_v5_eth_5m_ema50_hurst_parent15mrang_v7,1780761900000000,9.474882352941174,1,0.34,eth-updown-5m-1780761600
poly_sniper_v5_eth_5m_cloud_vwap_hurstmp_v7,1780761900000000,9.474882352941174,1,0.34,eth-updown-5m-1780761600
poly_sniper_v5_eth_5m_ema200_vwap_regimerang_xa3_v7,1780761900000000,-5.0,0,0.72,eth-updown-5m-1780761600
poly_sniper_v5_eth_5m_cloud_vwap_hurstmp_v7_vL,1780761900000000,9.474882352941174,1,0.34,eth-updown-5m-1780761600
poly_sniper_v5_eth_5m_bb_mp_hurst_band_V10,1780761900000000,9.474882352941174,1,0.34,eth-updown-5m-1780761600
poly_fast_taker_b2_nomerge_eth_5m,1780761900000000,-2.0,0,0.68,eth-updown-5m-1780761600
poly_fast_taker_b2_nomerge_eth_5m,1780762200000000,-2.0,0,0.57,eth-updown-5m-1780761900
poly_fast_taker_lagv2_eth_5m,1780762500000000,-5.479452054794522,0,0.73,eth-updown-5m-1780762200
poly_fast_taker_lagv2_eth_5m,1780762800000000,-9.765625,0,0.64,eth-updown-5m-1780762500
poly_sniper_v5_eth_5m_ema50_hurst_parent15mrang_v7,1780762500000000,-5.0,0,0.2,eth-updown-5m-1780762200
poly_sniper_v5_eth_5m_ema50_hurst_parent15mrang_v7_vL,1780762500000000,-5.0,0,0.2,eth-updown-5m-1780762200
poly_sniper_v5_eth_5m_bb_mp_hurst_band_v6_vL,1780762800000000,-4.999999999999999,0,0.61,eth-updown-5m-1780762500
poly_sniper_v5_eth_5m_cloud_ribbon_mp_hurst_v6_vL,1780762800000000,-4.999999999999999,0,0.61,eth-updown-5m-1780762500
poly_sniper_v5_eth_5m_ema50_hurst_parent15mrang_v7_vL,1780762800000000,-4.999999999999999,0,0.61,eth-updown-5m-1780762500
poly_sniper_v5_eth_5m_v6c3_parent15mrang_v7_vL,1780762800000000,-4.999999999999999,0,0.61,eth-updown-5m-1780762500
poly_sniper_v5_eth_5m_cloud_vwap_hurstmp_v7_vL,1780762800000000,-4.999999999999999,0,0.61,eth-updown-5m-1780762500
poly_sniper_v5_eth_5m_ema200_vwap_regimerang_xa3_v7,1780762800000000,-5.0,0,0.66,eth-updown-5m-1780762500
poly_sniper_v5_eth_5m_bb_mp_hurst_band_v6,1780763400000000,-5.0,0,0.65,eth-updown-5m-1780763100
poly_sniper_v5_eth_5m_cloud_vwap_hurstmp_v7_vL,1780763400000000,-5.0,0,0.65,eth-updown-5m-1780763100
poly_sniper_v5_eth_5m_v6c3_parent15mrang_v7,1780763400000000,-5.0,0,0.65,eth-updown-5m-1780763100
poly_sniper_v5_eth_5m_v6c3_parent15mrang_v7_vL,1780763400000000,-5.0,0,0.65,eth-updown-5m-1780763100
poly_sniper_v5_eth_5m_ema50_hurst_parent15mrang_v7_vL,1780763400000000,-5.0,0,0.65,eth-updown-5m-1780763100
poly_sniper_v5_eth_5m_cloud_ribbon_mp_hurst_v6_vL,1780763400000000,-5.0,0,0.65,eth-updown-5m-1780763100
poly_sniper_v5_eth_5m_bb_mp_hurst_band_v6_vL,1780763400000000,-5.0,0,0.65,eth-updown-5m-1780763100
poly_sniper_v5_eth_5m_cloud_ribbon_mp_hurst_v6,1780763400000000,-5.0,0,0.65,eth-updown-5m-1780763100
poly_sniper_v5_eth_5m_ema50_hurst_parent15mrang_v7,1780763400000000,-5.0,0,0.65,eth-updown-5m-1780763100
poly_sniper_v5_eth_5m_cloud_vwap_hurstmp_v7,1780763400000000,-5.0,0,0.65,eth-updown-5m-1780763100
poly_fast_taker_lagv2_eth_5m,1780763700000000,-13.978018749999999,0,0.6350945298514276,eth-updown-5m-1780763400
poly_sniper_v5_eth_5m_ema50_hurst_parent15mrang_v7,1780763700000000,-5.0,0,0.5838115970710469,eth-updown-5m-1780763400
poly_sniper_v5_eth_5m_cloud_ribbon_mp_hurst_v6_vL,1780763700000000,-5.0,0,0.5838115970710469,eth-updown-5m-1780763400
poly_sniper_v5_eth_5m_cloud_ribbon_mp_hurst_v6,1780763700000000,-5.0,0,0.5838115970710469,eth-updown-5m-1780763400
poly_sniper_v5_eth_5m_cloud_vwap_hurstmp_v7,1780763700000000,-5.0,0,0.5838115970710469,eth-updown-5m-1780763400
poly_sniper_v5_eth_5m_bb_mp_hurst_band_v6,1780763700000000,-5.0,0,0.5838115970710469,eth-updown-5m-1780763400
poly_sniper_v5_eth_5m_ema50_hurst_parent15mrang_v7_vL,1780763700000000,-5.0,0,0.5838115970710469,eth-updown-5m-1780763400
poly_sniper_v5_eth_5m_bb_mp_hurst_band_v6_vL,1780763700000000,-5.0,0,0.5838115970710469,eth-updown-5m-1780763400
poly_sniper_v5_eth_5m_cloud_vwap_hurstmp_v7_vL,1780763700000000,-5.0,0,0.5838115970710469,eth-updown-5m-1780763400
poly_sniper_v5_eth_5m_v6c3_parent15mrang_v7_vL,1780763700000000,-5.0,0,0.5838115970710469,eth-updown-5m-1780763400
poly_sniper_v5_eth_5m_ema200_vwap_regimerang_xa3_v7,1780763700000000,-5.0,0,0.77,eth-updown-5m-1780763400
poly_sniper_v5_eth_5m_v6c3_parent15mrang_v7,1780763700000000,-5.0,0,0.5838115970710469,eth-updown-5m-1780763400
poly_fast_taker_lagv2_eth_5m,1780764300000000,15.301106557377052,1,0.61,eth-updown-5m-1780764000
poly_sniper_v5_eth_5m_ema50_hurst_parent15mrang_v7,1780764900000000,4.098259259259258,1,0.54,eth-updown-5m-1780764600
poly_sniper_v5_eth_5m_l_ema50_hurst_grandparent_v8,1780764900000000,4.098259259259258,1,0.54,eth-updown-5m-1780764600
poly_sniper_v5_eth_5m_ema50_hurst_parent15mrang_v7_vL,1780764900000000,4.098259259259258,1,0.54,eth-updown-5m-1780764600
poly_sniper_v5_eth_5m_l_ema50_hurst_grandparent_V10,1780764900000000,4.098259259259258,1,0.54,eth-updown-5m-1780764600
poly_sniper_v5_eth_5m_v6c3_parent15mrang_v7,1780765200000000,1.5791666666666668,1,0.75,eth-updown-5m-1780764900
poly_sniper_v5_eth_5m_bb_mp_hurst_band_v6,1780765200000000,1.5791666666666668,1,0.75,eth-updown-5m-1780764900
poly_sniper_v5_eth_5m_tr200_mp_mpnx_sms_off120,1780765200000000,0.3518440860215051,1,0.93,eth-updown-5m-1780764900
poly_sniper_v5_eth_5m_ema50_hurst_parent15mrang_v7,1780765200000000,1.5791666666666668,1,0.75,eth-updown-5m-1780764900
poly_sniper_v5_eth_5m_cloud_ribbon_mp_hurst_V10,1780765200000000,1.5791666666666668,1,0.75,eth-updown-5m-1780764900
poly_sniper_v5_eth_5m_ema50_hurst_parent15mrang_v7_vL,1780765200000000,1.5791666666666668,1,0.75,eth-updown-5m-1780764900
poly_sniper_v5_eth_5m_l_ema50_hurst_grandparent_v8,1780765200000000,1.5791666666666668,1,0.75,eth-updown-5m-1780764900
poly_sniper_v5_eth_5m_cloud_vwap_hurstmp_v7_vL,1780765200000000,1.5791666666666668,1,0.75,eth-updown-5m-1780764900
poly_sniper_v5_eth_5m_cloud_ribbon_mp_hurst_v6_vL,1780765200000000,1.5791666666666668,1,0.75,eth-updown-5m-1780764900
poly_sniper_v5_eth_5m_cloud_mp_sms_active_off120,1780765200000000,0.3518440860215051,1,0.93,eth-updown-5m-1780764900
poly_sniper_v5_eth_5m_bb_mp_hurst_band_v6_vL,1780765200000000,1.5791666666666668,1,0.75,eth-updown-5m-1780764900
poly_sniper_v5_eth_5m_v5repl_off120_v6,1780765200000000,0.3518440860215051,1,0.93,eth-updown-5m-1780764900
poly_sniper_v5_eth_5m_a2_hlcascade50k_v9,1780765200000000,2.2409411764705878,1,0.68,eth-updown-5m-1780764900
poly_sniper_v5_eth_5m_tr200_mp_sms_active_off120,1780765200000000,0.3518440860215051,1,0.93,eth-updown-5m-1780764900
poly_fast_taker_lagv2_eth_5m,1780765200000000,9.703767605633805,1,0.71,eth-updown-5m-1780764900
poly_sniper_v5_eth_5m_cloud_ribbon_mp_hurst_v6,1780765200000000,1.5791666666666668,1,0.75,eth-updown-5m-1780764900
poly_sniper_v5_eth_5m_l_ema50_hurst_grandparent_V10,1780765200000000,1.5791666666666668,1,0.75,eth-updown-5m-1780764900
poly_sniper_v5_eth_5m_v6c3_parent15mrang_v7_vL,1780765200000000,1.5791666666666668,1,0.75,eth-updown-5m-1780764900
poly_sniper_v5_eth_5m_up_a2_hlcascade25k_v9,1780765200000000,-5.0,0,0.33,eth-updown-5m-1780764900
poly_sniper_v5_eth_5m_a2_hlcascade50k_v9,1780765200000000,-5.0,0,0.33,eth-updown-5m-1780764900
poly_sniper_v5_eth_5m_cloud_vwap_hurstmp_v7,1780765200000000,1.5791666666666668,1,0.75,eth-updown-5m-1780764900
poly_fast_taker_lagv2_eth_5m,1780765500000000,-15.706376119402984,0,0.67,eth-updown-5m-1780765200
poly_sniper_v5_eth_5m_ema50_hurst_parent15mrang_v7_vL,1780765500000000,1.7548150684931507,1,0.73,eth-updown-5m-1780765200
poly_sniper_v5_eth_5m_ema50_hurst_parent15mrang_v7,1780765500000000,1.7548150684931507,1,0.73,eth-updown-5m-1780765200
poly_sniper_v5_eth_5m_tr200_mp_sms_active_off120,1780765800000000,2.0378571428571433,1,0.7,eth-updown-5m-1780765500
poly_sniper_v5_eth_5m_v5repl_off120_v6,1780765800000000,2.0378571428571433,1,0.7,eth-updown-5m-1780765500
poly_sniper_v5_eth_5m_cloud_mp_sms_active_off120,1780765800000000,2.0378571428571433,1,0.7,eth-updown-5m-1780765500
poly_sniper_v5_eth_5m_tr200_mp_mpnx_sms_off120,1780765800000000,2.0378571428571433,1,0.7,eth-updown-5m-1780765500
poly_sniper_v5_eth_5m_l_ema50_hurst_grandparent_V10,1780765800000000,-5.0,0,0.33,eth-updown-5m-1780765500
poly_sniper_v5_eth_5m_ema50_hurst_parent15mrang_v7_vL,1780765800000000,-5.0,0,0.33,eth-updown-5m-1780765500
poly_fast_taker_lagv2_eth_5m,1780765800000000,7.474736842105262,1,0.76,eth-updown-5m-1780765500
poly_sniper_v5_eth_5m_l_ema50_hurst_grandparent_v8,1780765800000000,-5.0,0,0.33,eth-updown-5m-1780765500
poly_sniper_v5_eth_5m_ema50_hurst_parent15mrang_v7,1780765800000000,-5.0,0,0.33,eth-updown-5m-1780765500
poly_fast_taker_lagv2_eth_5m,1780766100000000,-5.973815584415586,0,0.7621076135540344,eth-updown-5m-1780765800
poly_sniper_v5_eth_5m_ema200_vwap_regimerang_xa3_v7,1780766100000000,2.0378571428571433,1,0.7,eth-updown-5m-1780765800
poly_sniper_v5_eth_5m_ema50_hurst_parent15mrang_v7_vL,1780766100000000,5.918611111111112,1,0.45,eth-updown-5m-1780765800
poly_sniper_v5_eth_5m_ema50_hurst_parent15mrang_v7,1780766100000000,5.918611111111112,1,0.45,eth-updown-5m-1780765800
poly_sniper_v5_eth_5m_l_ema50_hurst_grandparent_v8,1780766100000000,5.918611111111112,1,0.45,eth-updown-5m-1780765800
poly_sniper_v5_eth_5m_l_ema50_hurst_grandparent_v8,1780766700000000,-5.0,0,0.66,eth-updown-5m-1780766400
poly_sniper_v5_eth_5m_ema50_hurst_parent15mrang_v7,1780766700000000,-5.0,0,0.66,eth-updown-5m-1780766400
poly_sniper_v5_eth_5m_ema50_hurst_parent15mrang_v7_vL,1780766700000000,-5.0,0,0.66,eth-updown-5m-1780766400
poly_sniper_v5_eth_5m_ema200_vwap_regimerang_xa3_v7,1780766700000000,-5.0,0,0.8,eth-updown-5m-1780766400
poly_sniper_v5_eth_5m_l_ema50_hurst_grandparent_V10,1780766700000000,-5.0,0,0.66,eth-updown-5m-1780766400
poly_sniper_v5_eth_5m_v5repl_off120_v6,1780767000000000,2.7927822978303745,1,0.631163708086785,eth-updown-5m-1780766700
poly_sniper_v5_eth_5m_tr200_mp_sms_active_off120,1780767000000000,2.7927822978303745,1,0.631163708086785,eth-updown-5m-1780766700
poly_sniper_v5_eth_5m_ema50_hurst_parent15mrang_v7_vL,1780767300000000,1.940753521126761,1,0.71,eth-updown-5m-1780767000
poly_sniper_v5_eth_5m_l_ema50_hurst_grandparent_V10,1780767300000000,1.940753521126761,1,0.71,eth-updown-5m-1780767000
poly_sniper_v5_eth_5m_l_ema50_hurst_grandparent_v8,1780767300000000,1.940753521126761,1,0.71,eth-updown-5m-1780767000
poly_sniper_v5_eth_5m_ema50_hurst_parent15mrang_v7,1780767300000000,1.940753521126761,1,0.71,eth-updown-5m-1780767000
poly_sniper_v5_eth_5m_ema50_hurst_parent15mrang_v7_vL,1780767600000000,2.931516129032258,1,0.62,eth-updown-5m-1780767300
poly_sniper_v5_eth_5m_cloud_ribbon_mp_hurst_v6,1780767600000000,2.931516129032258,1,0.62,eth-updown-5m-1780767300
poly_sniper_v5_eth_5m_bb_mp_hurst_band_v6,1780767600000000,2.931516129032258,1,0.62,eth-updown-5m-1780767300
poly_sniper_v5_eth_5m_v6c3_parent15mrang_v7_vL,1780767600000000,2.931516129032258,1,0.62,eth-updown-5m-1780767300
poly_sniper_v5_eth_5m_ema50_hurst_parent15mrang_v7,1780767600000000,2.931516129032258,1,0.62,eth-updown-5m-1780767300
poly_sniper_v5_eth_5m_v6c3_parent15mrang_v7,1780767600000000,2.931516129032258,1,0.62,eth-updown-5m-1780767300
poly_sniper_v5_eth_5m_cloud_vwap_hurstmp_v7,1780767600000000,2.931516129032258,1,0.62,eth-updown-5m-1780767300
poly_sniper_v5_eth_5m_cloud_ribbon_mp_hurst_v6_vL,1780767600000000,2.931516129032258,1,0.62,eth-updown-5m-1780767300
poly_sniper_v5_eth_5m_cloud_ribbon_mp_hurst_V10,1780767600000000,2.931516129032258,1,0.62,eth-updown-5m-1780767300
poly_sniper_v5_eth_5m_bb_mp_hurst_band_v6_vL,1780767600000000,2.931516129032258,1,0.62,eth-updown-5m-1780767300
poly_sniper_v5_eth_5m_cloud_vwap_hurstmp_v7_vL,1780767600000000,2.931516129032258,1,0.62,eth-updown-5m-1780767300
poly_fast_taker_lagv2_eth_5m,1780768200000000,-11.616085915492958,0,0.7011126954721945,eth-updown-5m-1780767900
poly_fast_taker_lagv2_eth_5m,1780768500000000,-10.64739090909091,0,0.55,eth-updown-5m-1780768200
shadow_oracle_settle_eth_5m,1780768200000000,0.4067826086956525,1,0.9199999999999999,eth-updown-5m-1780767900
poly_sniper_v5_eth_5m_ema200_vwap_regimerang_xa3_v7,1780768200000000,1.5791666666666668,1,0.75,eth-updown-5m-1780767900
poly_sniper_v5_eth_5m_ema200_vwap_regimerang_xa3_v7,1780768500000000,2.569807692307692,1,0.65,eth-updown-5m-1780768200
poly_fast_taker_lagv2_eth_5m,1780768800000000,-9.375000000000002,0,0.56,eth-updown-5m-1780768500
poly_sniper_v5_eth_5m_ema200_vwap_regimerang_xa3_v7,1780768800000000,-5.0,0,0.67,eth-updown-5m-1780768500
poly_fast_taker_b2_nomerge_eth_5m,1780768800000000,-2.0,0,0.56,eth-updown-5m-1780768500
poly_sniper_v5_eth_5m_ema50_hurst_parent15mrang_v7_vL,1780768800000000,-5.0,0,0.59,eth-updown-5m-1780768500
poly_sniper_v5_eth_5m_ema50_hurst_parent15mrang_v7_vL,1780769100000000,4.269462264150942,1,0.53,eth-updown-5m-1780768800
poly_sniper_v5_eth_5m_bb_mp_hurst_band_V10,1780769100000000,4.269462264150942,1,0.53,eth-updown-5m-1780768800
poly_sniper_v5_eth_5m_bb_mp_hurst_band_v6_vL,1780769100000000,4.269462264150942,1,0.53,eth-updown-5m-1780768800
poly_sniper_v5_eth_5m_l_ema50_hurst_grandparent_V10,1780769100000000,4.269462264150942,1,0.53,eth-updown-5m-1780768800
poly_sniper_v5_eth_5m_ema50_hurst_parent15mrang_v7,1780769100000000,4.269462264150942,1,0.53,eth-updown-5m-1780768800
poly_fast_taker_b2_nomerge_eth_5m,1780769100000000,-2.0,0,0.56,eth-updown-5m-1780768800
poly_sniper_v5_eth_5m_l_ema50_hurst_grandparent_v8,1780769100000000,4.269462264150942,1,0.53,eth-updown-5m-1780768800
poly_sniper_v5_eth_5m_bb_mp_hurst_band_v6,1780769100000000,4.269462264150942,1,0.53,eth-updown-5m-1780768800
poly_sniper_v5_eth_5m_ema50_hurst_parent15mrang_v7,1780769400000000,3.0602213114754098,1,0.61,eth-updown-5m-1780769100
poly_sniper_v5_eth_5m_l_ema50_hurst_grandparent_V10,1780769400000000,3.0602213114754098,1,0.61,eth-updown-5m-1780769100
poly_sniper_v5_eth_5m_l_ema50_hurst_grandparent_v8,1780769400000000,3.0602213114754098,1,0.61,eth-updown-5m-1780769100
poly_sniper_v5_eth_5m_ema50_hurst_parent15mrang_v7_vL,1780769400000000,3.0602213114754098,1,0.61,eth-updown-5m-1780769100
poly_sniper_v5_eth_5m_ema50_hurst_parent15mrang_v7_vL,1780769700000000,1.0345609756097565,1,0.82,eth-updown-5m-1780769400
poly_sniper_v5_eth_5m_cloud_ribbon_mp_hurst_v6_vL,1780769700000000,1.0345609756097565,1,0.82,eth-updown-5m-1780769400
poly_sniper_v5_eth_5m_ema50_hurst_parent15mrang_v7,1780769700000000,1.0345609756097565,1,0.82,eth-updown-5m-1780769400
poly_sniper_v5_eth_5m_cloud_ribbon_mp_hurst_v6,1780769700000000,1.0345609756097565,1,0.82,eth-updown-5m-1780769400
poly_sniper_v5_eth_5m_v6c3_parent15mrang_v7_vL,1780769700000000,1.0345609756097565,1,0.82,eth-updown-5m-1780769400
poly_sniper_v5_eth_5m_v6c3_parent15mrang_v7,1780769700000000,1.0345609756097565,1,0.82,eth-updown-5m-1780769400
poly_sniper_v5_eth_5m_ema50_hurst_parent15mrang_v7_vL,1780770000000000,3.3310762711864412,1,0.59,eth-updown-5m-1780769700
poly_sniper_v5_eth_5m_l_ema50_hurst_grandparent_V10,1780770000000000,3.3310762711864412,1,0.59,eth-updown-5m-1780769700
poly_sniper_v5_eth_5m_l_ema50_hurst_grandparent_v8,1780770000000000,3.3310762711864412,1,0.59,eth-updown-5m-1780769700
poly_sniper_v5_eth_5m_ema50_hurst_parent15mrang_v7,1780770000000000,3.3310762711864412,1,0.59,eth-updown-5m-1780769700
poly_fast_taker_b2_nomerge_eth_5m,1780770300000000,1.6036363636363635,1,0.55,eth-updown-5m-1780770000
poly_sniper_v5_eth_5m_bb_mp_hurst_band_v6,1780770300000000,1.33325641025641,1,0.78,eth-updown-5m-1780770000
poly_sniper_v5_eth_5m_ema50_hurst_parent15mrang_v7_vL,1780770300000000,1.33325641025641,1,0.78,eth-updown-5m-1780770000
poly_sniper_v5_eth_5m_ema50_hurst_parent15mrang_v7,1780770300000000,1.33325641025641,1,0.78,eth-updown-5m-1780770000
poly_sniper_v5_eth_5m_bb_mp_hurst_band_v6_vL,1780770300000000,1.33325641025641,1,0.78,eth-updown-5m-1780770000
poly_sniper_v5_eth_5m_ema50_hurst_parent15mrang_v7_vL,1780770600000000,0.9645963855421689,1,0.83,eth-updown-5m-1780770300
poly_sniper_v5_eth_5m_ema50_hurst_parent15mrang_v7,1780770600000000,0.9645963855421689,1,0.83,eth-updown-5m-1780770300
poly_sniper_v5_eth_5m_a2_hlcascade50k_v9,1780770900000000,0.6398181818181817,1,0.88,eth-updown-5m-1780770600
poly_sniper_v5_eth_5m_up_a2_hlcascade25k_v9,1780770900000000,-5.0,0,0.13,eth-updown-5m-1780770600
poly_sniper_v5_eth_5m_a2_hlcascade50k_v9,1780770900000000,-5.0,0,0.13,eth-updown-5m-1780770600
poly_sniper_v5_eth_5m_ema200_vwap_regimerang_xa3_v7,1780771200000000,5.025581632653061,1,0.49,eth-updown-5m-1780770900
poly_sniper_v5_eth_5m_ema200_vwap_regimerang_xa3_v7,1780771800000000,2.931516129032258,1,0.62,eth-updown-5m-1780771500
poly_sniper_v5_eth_5m_ema200_vwap_regimerang_xa3_v7,1780772400000000,1.940753521126761,1,0.71,eth-updown-5m-1780772100
poly_sniper_v5_eth_5m_ema200_vwap_regimerang_xa3_v7,1780773300000000,1.8464444444444446,1,0.72,eth-updown-5m-1780773000
poly_fast_taker_b2_nomerge_eth_5m,1780774200000000,0.6189473684210529,1,0.7599999999999999,eth-updown-5m-1780773900
poly_sniper_v5_eth_5m_ema200_vwap_regimerang_xa3_v7,1780774500000000,3.3310762711864412,1,0.59,eth-updown-5m-1780774200
poly_fast_taker_b2_nomerge_eth_5m,1780774800000000,0.965373134328358,1,0.67,eth-updown-5m-1780774500
poly_sniper_v5_eth_5m_ema200_vwap_regimerang_xa3_v7,1780776000000000,-5.0,0,0.74,eth-updown-5m-1780775700
poly_sniper_v5_eth_5m_ema200_vwap_regimerang_xa3_v7,1780776900000000,2.2409411764705878,1,0.68,eth-updown-5m-1780776600
poly_sniper_v5_eth_5m_ema200_vwap_regimerang_xa3_v7,1780777200000000,1.4949473684210524,1,0.76,eth-updown-5m-1780776900
poly_sniper_v5_eth_5m_ema200_vwap_regimerang_xa3_v7,1780777800000000,2.1378768115942033,1,0.69,eth-updown-5m-1780777500
poly_sniper_v5_eth_5m_ema200_vwap_regimerang_xa3_v7,1780778400000000,1.940753521126761,1,0.71,eth-updown-5m-1780778100
poly_sniper_v5_eth_5m_ema200_vwap_regimerang_xa3_v7,1780778700000000,-5.0,0,0.65,eth-updown-5m-1780778400
poly_sniper_v5_eth_5m_ema200_vwap_regimerang_xa3_v7,1780779000000000,-5.0,0,0.45,eth-updown-5m-1780778700
poly_sniper_v5_eth_5m_ema200_vwap_regimerang_xa3_v7,1780779900000000,-5.0,0,0.43000000000000005,eth-updown-5m-1780779600
poly_sniper_v5_eth_5m_ema200_vwap_regimerang_xa3_v7,1780780200000000,2.4952504150976162,1,0.6565596275516294,eth-updown-5m-1780779900
poly_fast_taker_b2_nomerge_eth_5m,1780780800000000,1.2531147540983607,1,0.61,eth-updown-5m-1780780500
poly_sniper_v5_eth_5m_ema200_vwap_regimerang_xa3_v7,1780781100000000,2.2409411764705878,1,0.68,eth-updown-5m-1780780800
poly_sniper_v5_eth_5m_up_a2_hlcascade25k_v9,1780782000000000,-5.0,0,0.4799999999999999,eth-updown-5m-1780781700
poly_sniper_v5_eth_5m_a2_hlcascade50k_v9,1780782000000000,4.269462264150942,1,0.53,eth-updown-5m-1780781700
poly_sniper_v5_eth_5m_a2_hlcascade50k_v9,1780782000000000,-5.0,0,0.4799999999999999,eth-updown-5m-1780781700
poly_fast_taker_b2_nomerge_eth_5m,1780782000000000,-2.0,0,0.58,eth-updown-5m-1780781700
poly_fast_taker_b2_nomerge_eth_5m,1780782300000000,0.6189473684210529,1,0.7599999999999999,eth-updown-5m-1780782000
poly_sniper_v5_eth_5m_ema200_vwap_regimerang_xa3_v7,1780782900000000,3.3310762711864412,1,0.59,eth-updown-5m-1780782600
poly_sniper_v5_eth_5m_ema200_vwap_regimerang_xa3_v7,1780783500000000,-5.0,0,0.78,eth-updown-5m-1780783200
poly_sniper_v5_eth_5m_ema200_vwap_regimerang_xa3_v7,1780784700000000,1.5791666666666668,1,0.75,eth-updown-5m-1780784400
poly_sniper_v5_eth_5m_ema200_vwap_regimerang_xa3_v7,1780785900000000,1.6657567567567568,1,0.74,eth-updown-5m-1780785600
poly_sniper_v5_eth_5m_ema200_vwap_regimerang_xa3_v7,1780786500000000,1.5791666666666668,1,0.75,eth-updown-5m-1780786200
poly_sniper_v5_eth_5m_ema200_vwap_regimerang_xa3_v7,1780787100000000,3.0602213114754098,1,0.61,eth-updown-5m-1780786800
poly_sniper_v5_eth_5m_ema200_vwap_regimerang_xa3_v7,1780787400000000,-5.0,0,0.51,eth-updown-5m-1780787100
poly_fast_taker_b2_nomerge_eth_5m,1780789500000000,-2.0,0,0.68,eth-updown-5m-1780789200
poly_sniper_v5_eth_5m_a2_hlcascade50k_v9,1780789800000000,6.428406976744185,1,0.43000000000000005,eth-updown-5m-1780789500
poly_sniper_v5_eth_5m_a2_hlcascade50k_v9,1780789800000000,-5.0,0,0.58,eth-updown-5m-1780789500
poly_sniper_v5_eth_5m_up_a2_hlcascade25k_v9,1780789800000000,-5.0,0,0.58,eth-updown-5m-1780789500
poly_fast_taker_b2_nomerge_eth_5m,1780789800000000,-1.9999999999999998,0,0.47,eth-updown-5m-1780789500
poly_sniper_v5_eth_5m_ema200_vwap_regimerang_xa3_v7,1780790100000000,-5.0,0,0.62,eth-updown-5m-1780789800
poly_sniper_v5_eth_5m_cloud_mp_sms_active_off120,1780791000000000,0.24565789473684235,1,0.95,eth-updown-5m-1780790700
poly_sniper_v5_eth_5m_v5repl_off120_v6,1780791000000000,0.24565789473684235,1,0.95,eth-updown-5m-1780790700
poly_sniper_v5_eth_5m_tr200_mp_mpnx_sms_off120,1780791000000000,0.24565789473684235,1,0.95,eth-updown-5m-1780790700
poly_sniper_v5_eth_5m_tr200_mp_sms_active_off120,1780791000000000,0.24565789473684235,1,0.95,eth-updown-5m-1780790700
poly_sniper_v5_eth_5m_ema50_hurst_parent15mrang_v7_vL,1780791300000000,0.8298529411764708,1,0.85,eth-updown-5m-1780791000
poly_sniper_v5_eth_5m_ema50_hurst_parent15mrang_v7,1780791300000000,0.8298529411764708,1,0.85,eth-updown-5m-1780791000
poly_fast_taker_lagv2_eth_5m,1780791900000000,6.66628205128205,1,0.78,eth-updown-5m-1780791600
poly_sniper_v5_eth_5m_ema200_vwap_regimerang_xa3_v7,1780792200000000,-5.0,0,0.79,eth-updown-5m-1780791900
poly_fast_taker_lagv2_eth_5m,1780792200000000,-25.0,0,0.7,eth-updown-5m-1780791900
poly_sniper_v5_eth_5m_ema200_vwap_regimerang_xa3_v7,1780792800000000,-5.0,0,0.5,eth-updown-5m-1780792500
poly_fast_taker_lagv2_eth_5m,1780793100000000,9.232222222222223,1,0.72,eth-updown-5m-1780792800
poly_sniper_v5_eth_5m_ema200_vwap_regimerang_xa3_v7,1780794000000000,2.0378571428571433,1,0.7,eth-updown-5m-1780793700
poly_fast_taker_lagv2_eth_5m,1780794000000000,11.20470588235294,1,0.68,eth-updown-5m-1780793700
poly_sniper_v5_eth_5m_ema200_vwap_regimerang_xa3_v7,1780794300000000,-4.999999999999999,0,0.61,eth-updown-5m-1780794000
poly_sniper_v5_eth_5m_cloud_mp_sms_active_off120,1780794600000000,18.56388076452992,1,0.209727354439229,eth-updown-5m-1780794300
poly_sniper_v5_eth_5m_tr200_mp_sms_active_off120,1780794600000000,18.56388076452992,1,0.209727354439229,eth-updown-5m-1780794300
poly_fast_taker_b2_nomerge_eth_5m,1780794600000000,-2.0,0,0.61,eth-updown-5m-1780794300
poly_sniper_v5_eth_5m_v5repl_off120_v6,1780794600000000,18.56388076452992,1,0.209727354439229,eth-updown-5m-1780794300
poly_fast_taker_lagv2_eth_5m,1780795200000000,-5.7377049180327875,0,0.61,eth-updown-5m-1780794900
poly_sniper_v5_eth_5m_a2_hlcascade50k_v9,1780794900000000,-5.0,0,0.68,eth-updown-5m-1780794600
poly_sniper_v5_eth_5m_a2_hlcascade50k_v9,1780794900000000,9.91701515151515,1,0.33,eth-updown-5m-1780794600
poly_sniper_v5_eth_5m_up_a2_hlcascade25k_v9,1780794900000000,9.91701515151515,1,0.33,eth-updown-5m-1780794600
poly_fast_taker_b2_nomerge_eth_5m,1780794900000000,-2.0,0,0.7,eth-updown-5m-1780794600
shadow_oracle_settle_eth_5m,1780794900000000,0.3518440860215051,1,0.93,eth-updown-5m-1780794600
poly_sniper_v5_eth_5m_a2_hlcascade50k_v9,1780795200000000,-5.0,0,0.5,eth-updown-5m-1780794900
poly_fast_taker_b2_nomerge_eth_5m,1780795200000000,-2.0,0,0.8,eth-updown-5m-1780794900
poly_sniper_v5_eth_5m_a2_hlcascade50k_v9,1780795200000000,4.632421568627452,1,0.51,eth-updown-5m-1780794900
poly_sniper_v5_eth_5m_up_a2_hlcascade25k_v9,1780795200000000,4.632421568627452,1,0.51,eth-updown-5m-1780794900
poly_sniper_v5_eth_5m_up_a2_hlcascade25k_v9,1780795500000000,-5.0,0,0.28,eth-updown-5m-1780795200
poly_sniper_v5_eth_5m_a2_hlcascade50k_v9,1780795500000000,1.7548150684931507,1,0.73,eth-updown-5m-1780795200
poly_fast_taker_b2_nomerge_eth_5m,1780795500000000,1.3066666666666669,1,0.6,eth-updown-5m-1780795200
poly_sniper_v5_eth_5m_a2_hlcascade50k_v9,1780795500000000,-5.0,0,0.28,eth-updown-5m-1780795200
poly_sniper_v5_eth_5m_ema50_hurst_parent15mrang_v7,1780795800000000,-5.0,0,0.64,eth-updown-5m-1780795500
poly_sniper_v5_eth_5m_ema50_hurst_parent15mrang_v7_vL,1780795800000000,-5.0,0,0.64,eth-updown-5m-1780795500
poly_sniper_v5_eth_5m_cloud_ribbon_mp_hurst_v6_vL,1780796100000000,1.8026995356179885,1,0.7247383992216508,eth-updown-5m-1780795800
poly_sniper_v5_eth_5m_cloud_vwap_hurstmp_v7,1780796100000000,1.8026995356179885,1,0.7247383992216508,eth-updown-5m-1780795800
poly_sniper_v5_eth_5m_cloud_ribbon_mp_hurst_v6,1780796100000000,1.8026995356179885,1,0.7247383992216508,eth-updown-5m-1780795800
poly_sniper_v5_eth_5m_ema50_hurst_parent15mrang_v7,1780796100000000,1.8026995356179885,1,0.7247383992216508,eth-updown-5m-1780795800
poly_sniper_v5_eth_5m_a2_hlcascade50k_v9,1780796100000000,-5.0,0,0.32,eth-updown-5m-1780795800
poly_sniper_v5_eth_5m_v6c3_parent15mrang_v7,1780796100000000,1.8026995356179885,1,0.7247383992216508,eth-updown-5m-1780795800
poly_fast_taker_lagv2_eth_5m,1780796100000000,10.189285714285715,1,0.7,eth-updown-5m-1780795800
poly_sniper_v5_eth_5m_bb_mp_hurst_band_v6,1780796100000000,1.8026995356179885,1,0.7247383992216508,eth-updown-5m-1780795800
poly_sniper_v5_eth_5m_a2_hlcascade50k_v9,1780796100000000,2.1378768115942033,1,0.69,eth-updown-5m-1780795800
poly_sniper_v5_eth_5m_ema50_hurst_parent15mrang_v7_vL,1780796100000000,1.8026995356179885,1,0.7247383992216508,eth-updown-5m-1780795800
poly_sniper_v5_eth_5m_bb_mp_hurst_band_v6_vL,1780796100000000,1.8026995356179885,1,0.7247383992216508,eth-updown-5m-1780795800
poly_sniper_v5_eth_5m_v6c3_parent15mrang_v7_vL,1780796100000000,1.8026995356179885,1,0.7247383992216508,eth-updown-5m-1780795800
poly_fast_taker_b2_nomerge_eth_5m,1780796100000000,1.1025,1,0.64,eth-updown-5m-1780795800
poly_sniper_v5_eth_5m_up_a2_hlcascade25k_v9,1780796100000000,-5.0,0,0.32,eth-updown-5m-1780795800
poly_sniper_v5_eth_5m_cloud_vwap_hurstmp_v7_vL,1780796100000000,1.8026995356179885,1,0.7247383992216508,eth-updown-5m-1780795800
poly_fast_taker_lagv2_eth_5m,1780796400000000,-10.276060606060605,0,0.66,eth-updown-5m-1780796100
poly_sniper_v5_eth_5m_ema50_hurst_parent15mrang_v7_vL,1780796400000000,-5.0,0,0.68,eth-updown-5m-1780796100
poly_sniper_v5_eth_5m_lq_ema50_hurst_grandparent_prev15m_v8_vL,1780796400000000,-5.0,0,0.68,eth-updown-5m-1780796100
poly_fast_taker_lagv2_eth_5m,1780796700000000,-10.44776119402985,0,0.67,eth-updown-5m-1780796400
poly_sniper_v5_eth_5m_cloud_ribbon_mp_hurst_v6_vL,1780796700000000,1.8464444444444446,1,0.72,eth-updown-5m-1780796400
poly_sniper_v5_eth_5m_cloud_ribbon_mp_hurst_v6,1780796700000000,1.8464444444444446,1,0.72,eth-updown-5m-1780796400
poly_sniper_v5_eth_5m_ema50_hurst_parent15mrang_v7_vL,1780796700000000,1.8464444444444446,1,0.72,eth-updown-5m-1780796400
poly_sniper_v5_eth_5m_v6c3_parent15mrang_v7,1780796700000000,1.8464444444444446,1,0.72,eth-updown-5m-1780796400
poly_sniper_v5_eth_5m_cloud_vwap_hurstmp_v7_vL,1780796700000000,1.8464444444444446,1,0.72,eth-updown-5m-1780796400
poly_sniper_v5_eth_5m_ema50_hurst_parent15mrang_v7,1780796700000000,1.8464444444444446,1,0.72,eth-updown-5m-1780796400
poly_sniper_v5_eth_5m_cloud_vwap_hurstmp_v7,1780796700000000,1.8464444444444446,1,0.72,eth-updown-5m-1780796400
poly_sniper_v5_eth_5m_cloud_ribbon_mp_hurst_V10,1780796700000000,1.8464444444444446,1,0.72,eth-updown-5m-1780796400
poly_sniper_v5_eth_5m_bb_mp_hurst_band_v6_vL,1780796700000000,1.8464444444444446,1,0.72,eth-updown-5m-1780796400
poly_sniper_v5_eth_5m_v6c3_parent15mrang_v7_vL,1780796700000000,1.8464444444444446,1,0.72,eth-updown-5m-1780796400
poly_sniper_v5_eth_5m_l_ema50_hurst_grandparent_v8,1780796700000000,1.8464444444444446,1,0.72,eth-updown-5m-1780796400
poly_sniper_v5_eth_5m_bb_mp_hurst_band_v6,1780796700000000,1.8464444444444446,1,0.72,eth-updown-5m-1780796400
poly_sniper_v5_eth_5m_cloud_vwap_hurstmp_v7,1780797000000000,1.940753521126761,1,0.71,eth-updown-5m-1780796700
poly_sniper_v5_eth_5m_ema50_hurst_parent15mrang_v7,1780797000000000,1.940753521126761,1,0.71,eth-updown-5m-1780796700
poly_sniper_v5_eth_5m_bb_mp_hurst_band_v6_vL,1780797000000000,1.940753521126761,1,0.71,eth-updown-5m-1780796700
poly_sniper_v5_eth_5m_v6c3_parent15mrang_v7,1780797000000000,1.940753521126761,1,0.71,eth-updown-5m-1780796700
poly_sniper_v5_eth_5m_cloud_vwap_hurstmp_v7_vL,1780797000000000,1.940753521126761,1,0.71,eth-updown-5m-1780796700
poly_sniper_v5_eth_5m_cloud_ribbon_mp_hurst_v6_vL,1780797000000000,1.940753521126761,1,0.71,eth-updown-5m-1780796700
poly_sniper_v5_eth_5m_v6c3_parent15mrang_v7_vL,1780797000000000,1.940753521126761,1,0.71,eth-updown-5m-1780796700
poly_sniper_v5_eth_5m_bb_mp_hurst_band_v6,1780797000000000,1.940753521126761,1,0.71,eth-updown-5m-1780796700
poly_sniper_v5_eth_5m_cloud_ribbon_mp_hurst_v6,1780797000000000,1.940753521126761,1,0.71,eth-updown-5m-1780796700
poly_sniper_v5_eth_5m_ema50_hurst_parent15mrang_v7_vL,1780797000000000,1.940753521126761,1,0.71,eth-updown-5m-1780796700
poly_fast_taker_lagv2_eth_5m,1780797300000000,-6.245918918918912,0,0.74,eth-updown-5m-1780797000
poly_sniper_v5_eth_5m_ema50_hurst_parent15mrang_v7,1780797300000000,3.193333333333334,1,0.6,eth-updown-5m-1780797000
poly_sniper_v5_eth_5m_ema50_hurst_parent15mrang_v7_vL,1780797300000000,3.193333333333334,1,0.6,eth-updown-5m-1780797000
poly_sniper_v5_eth_5m_cloud_vwap_hurstmp_v7,1780797300000000,3.193333333333334,1,0.6,eth-updown-5m-1780797000
poly_sniper_v5_eth_5m_cloud_vwap_hurstmp_v7_vL,1780797300000000,3.193333333333334,1,0.6,eth-updown-5m-1780797000
poly_sniper_v5_eth_5m_ema50_hurst_parent15mrang_v7_vL,1780797600000000,-5.0,0,0.7156862745098039,eth-updown-5m-1780797300
poly_sniper_v5_eth_5m_bb_mp_hurst_band_v6_vL,1780797600000000,-5.0,0,0.7156862745098039,eth-updown-5m-1780797300
poly_sniper_v5_eth_5m_bb_mp_hurst_band_v6,1780797600000000,-5.0,0,0.7156862745098039,eth-updown-5m-1780797300
poly_sniper_v5_eth_5m_ema50_hurst_parent15mrang_v7,1780797600000000,-5.0,0,0.7156862745098039,eth-updown-5m-1780797300
poly_sniper_v5_eth_5m_ema50_hurst_parent15mrang_v7_vL,1780797900000000,2.456757575757575,1,0.66,eth-updown-5m-1780797600
poly_sniper_v5_eth_5m_ema50_hurst_parent15mrang_v7,1780798200000000,1.7548150684931507,1,0.73,eth-updown-5m-1780797900
poly_sniper_v5_eth_5m_l_ema50_hurst_grandparent_V10,1780798200000000,1.7548150684931507,1,0.73,eth-updown-5m-1780797900
poly_sniper_v5_eth_5m_ema50_hurst_parent15mrang_v7_vL,1780798200000000,1.7548150684931507,1,0.73,eth-updown-5m-1780797900
poly_sniper_v5_eth_5m_l_ema50_hurst_grandparent_v8,1780798200000000,1.7548150684931507,1,0.73,eth-updown-5m-1780797900
poly_sniper_v5_eth_5m_l_ema50_hurst_grandparent_v8,1780798500000000,-5.0,0,0.41,eth-updown-5m-1780798200
poly_sniper_v5_eth_5m_ema50_hurst_parent15mrang_v7,1780798500000000,-5.0,0,0.41,eth-updown-5m-1780798200
poly_sniper_v5_eth_5m_ema50_hurst_parent15mrang_v7_vL,1780798500000000,-5.0,0,0.41,eth-updown-5m-1780798200
poly_sniper_v5_eth_5m_l_ema50_hurst_grandparent_V10,1780798500000000,-5.0,0,0.41,eth-updown-5m-1780798200
poly_sniper_v5_eth_5m_ema50_hurst_parent15mrang_v7,1780798800000000,1.4949473684210524,1,0.76,eth-updown-5m-1780798500
poly_sniper_v5_eth_5m_ema50_hurst_parent15mrang_v7_vL,1780798800000000,1.4949473684210524,1,0.76,eth-updown-5m-1780798500
poly_fast_taker_lagv2_eth_5m,1780799100000000,-15.33109090909091,0,0.55,eth-updown-5m-1780798800
poly_sniper_v5_eth_5m_ema50_hurst_parent15mrang_v7_vL,1780799100000000,-5.0,0,0.72,eth-updown-5m-1780798800
poly_sniper_v5_eth_5m_bb_mp_hurst_band_v6_vL,1780799100000000,-5.0,0,0.72,eth-updown-5m-1780798800
poly_sniper_v5_eth_5m_cloud_ribbon_mp_hurst_v6_vL,1780799100000000,-5.0,0,0.72,eth-updown-5m-1780798800
poly_sniper_v5_eth_5m_cloud_vwap_hurstmp_v7_vL,1780799100000000,-5.0,0,0.72,eth-updown-5m-1780798800
poly_sniper_v5_eth_5m_v6c3_parent15mrang_v7_vL,1780799100000000,-5.0,0,0.72,eth-updown-5m-1780798800
poly_sniper_v5_eth_5m_cloud_vwap_hurstmp_v7_vL,1780799400000000,1.2556139240506328,1,0.79,eth-updown-5m-1780799100
poly_sniper_v5_eth_5m_bb_mp_hurst_band_v6_vL,1780799400000000,1.2556139240506328,1,0.79,eth-updown-5m-1780799100
poly_sniper_v5_eth_5m_cloud_ribbon_mp_hurst_v6_vL,1780799400000000,1.2556139240506328,1,0.79,eth-updown-5m-1780799100
poly_sniper_v5_eth_5m_cloud_vwap_hurstmp_v7,1780799400000000,1.2556139240506328,1,0.79,eth-updown-5m-1780799100
poly_sniper_v5_eth_5m_v6c3_parent15mrang_v7_vL,1780799400000000,1.2556139240506328,1,0.79,eth-updown-5m-1780799100
poly_sniper_v5_eth_5m_ema50_hurst_parent15mrang_v7_vL,1780799400000000,1.2556139240506328,1,0.79,eth-updown-5m-1780799100
poly_sniper_v5_eth_5m_v6c3_parent15mrang_v7,1780799400000000,1.2556139240506328,1,0.79,eth-updown-5m-1780799100
poly_sniper_v5_eth_5m_bb_mp_hurst_band_v6,1780799400000000,1.2556139240506328,1,0.79,eth-updown-5m-1780799100
poly_sniper_v5_eth_5m_ema50_hurst_parent15mrang_v7,1780799400000000,1.2556139240506328,1,0.79,eth-updown-5m-1780799100
poly_sniper_v5_eth_5m_cloud_ribbon_mp_hurst_v6,1780799400000000,1.2556139240506328,1,0.79,eth-updown-5m-1780799100
poly_sniper_v5_eth_5m_l_ema50_hurst_grandparent_v8,1780799700000000,6.15966514459665,1,0.4403131115459883,eth-updown-5m-1780799400
poly_sniper_v5_eth_5m_ema50_hurst_parent15mrang_v7,1780799700000000,6.15966514459665,1,0.4403131115459883,eth-updown-5m-1780799400
poly_sniper_v5_eth_5m_ema200_vwap_regimerang_xa3_v7,1780799700000000,-5.0,0,0.7596385304447338,eth-updown-5m-1780799400
poly_sniper_v5_eth_5m_bb_mp_hurst_band_v6_vL,1780799700000000,6.15966514459665,1,0.4403131115459883,eth-updown-5m-1780799400
poly_sniper_v5_eth_5m_ema50_hurst_parent15mrang_v7_vL,1780799700000000,6.15966514459665,1,0.4403131115459883,eth-updown-5m-1780799400
poly_sniper_v5_eth_5m_l_ema50_hurst_grandparent_V10,1780799700000000,6.15966514459665,1,0.4403131115459883,eth-updown-5m-1780799400
poly_sniper_v5_eth_5m_bb_mp_hurst_band_v6,1780799700000000,6.15966514459665,1,0.4403131115459883,eth-updown-5m-1780799400
poly_sniper_v5_eth_5m_bb_mp_hurst_band_V10,1780799700000000,6.15966514459665,1,0.4403131115459883,eth-updown-5m-1780799400
poly_fast_taker_lagv2_eth_5m,1780800300000000,-17.266004347826087,0,0.69,eth-updown-5m-1780800000
poly_sniper_v5_eth_5m_ema50_hurst_parent15mrang_v7,1780800300000000,6.701761904761906,1,0.42,eth-updown-5m-1780800000
poly_sniper_v5_eth_5m_l_ema50_hurst_grandparent_V10,1780800300000000,6.701761904761906,1,0.42,eth-updown-5m-1780800000
poly_sniper_v5_eth_5m_ema50_hurst_parent15mrang_v7_vL,1780800300000000,6.701761904761906,1,0.42,eth-updown-5m-1780800000
poly_sniper_v5_eth_5m_l_ema50_hurst_grandparent_v8,1780800300000000,6.701761904761906,1,0.42,eth-updown-5m-1780800000
poly_sniper_v5_eth_5m_bb_mp_hurst_band_v6_vL,1780800600000000,1.4130064935064934,1,0.77,eth-updown-5m-1780800300
poly_sniper_v5_eth_5m_cloud_vwap_hurstmp_v7_vL,1780800600000000,1.4130064935064934,1,0.77,eth-updown-5m-1780800300
poly_sniper_v5_eth_5m_ema50_hurst_parent15mrang_v7_vL,1780800600000000,1.4130064935064934,1,0.77,eth-updown-5m-1780800300
poly_fast_taker_lagv2_eth_5m,1780800900000000,-11.685935593220337,0,0.59,eth-updown-5m-1780800600
poly_sniper_v5_eth_5m_tr200_mp_sms_active_off120,1780800900000000,0.9645963855421689,1,0.83,eth-updown-5m-1780800600
poly_sniper_v5_eth_5m_ema50_hurst_parent15mrang_v7,1780800900000000,-5.0,0,0.58,eth-updown-5m-1780800600
poly_sniper_v5_eth_5m_ema50_hurst_parent15mrang_v7_vL,1780800900000000,-5.0,0,0.58,eth-updown-5m-1780800600
poly_sniper_v5_eth_5m_bb_mp_hurst_band_v6,1780800900000000,-5.0,0,0.58,eth-updown-5m-1780800600
poly_sniper_v5_eth_5m_bb_mp_hurst_band_v6_vL,1780800900000000,-5.0,0,0.58,eth-updown-5m-1780800600
poly_sniper_v5_eth_5m_l_ema50_hurst_grandparent_v8,1780800900000000,-5.0,0,0.58,eth-updown-5m-1780800600
poly_sniper_v5_eth_5m_v5repl_off120_v6,1780800900000000,0.9645963855421689,1,0.83,eth-updown-5m-1780800600
poly_sniper_v5_eth_5m_cloud_mp_sms_active_off120,1780800900000000,0.9645963855421689,1,0.83,eth-updown-5m-1780800600
poly_sniper_v5_eth_5m_l_ema50_hurst_grandparent_V10,1780800900000000,-5.0,0,0.58,eth-updown-5m-1780800600
poly_fast_taker_b2_nomerge_eth_5m,1780801200000000,1.0096969696969698,1,0.66,eth-updown-5m-1780800900
poly_sniper_v5_eth_5m_ema50_hurst_parent15mrang_v7_vL,1780801200000000,-5.0,0,0.43000000000000005,eth-updown-5m-1780800900
poly_sniper_v5_eth_5m_ema50_hurst_parent15mrang_v7,1780801200000000,-5.0,0,0.43000000000000005,eth-updown-5m-1780800900
poly_sniper_v5_eth_5m_cloud_vwap_hurstmp_v7,1780801500000000,1.4949473684210524,1,0.76,eth-updown-5m-1780801200
poly_sniper_v5_eth_5m_ema50_hurst_parent15mrang_v7,1780801500000000,1.4949473684210524,1,0.76,eth-updown-5m-1780801200
poly_sniper_v5_eth_5m_cloud_ribbon_mp_hurst_v6,1780801500000000,1.4949473684210524,1,0.76,eth-updown-5m-1780801200
poly_sniper_v5_eth_5m_cloud_vwap_hurstmp_v7_vL,1780801500000000,1.4949473684210524,1,0.76,eth-updown-5m-1780801200
poly_sniper_v5_eth_5m_bb_mp_hurst_band_v6,1780801500000000,1.4949473684210524,1,0.76,eth-updown-5m-1780801200
poly_sniper_v5_eth_5m_cloud_ribbon_mp_hurst_v6_vL,1780801500000000,1.4949473684210524,1,0.76,eth-updown-5m-1780801200
poly_sniper_v5_eth_5m_ema50_hurst_parent15mrang_v7_vL,1780801500000000,1.4949473684210524,1,0.76,eth-updown-5m-1780801200
poly_sniper_v5_eth_5m_bb_mp_hurst_band_v6_vL,1780801500000000,1.4949473684210524,1,0.76,eth-updown-5m-1780801200
poly_sniper_v5_eth_5m_v6c3_parent15mrang_v7_vL,1780801500000000,1.4949473684210524,1,0.76,eth-updown-5m-1780801200
poly_sniper_v5_eth_5m_v6c3_parent15mrang_v7,1780801500000000,1.4949473684210524,1,0.76,eth-updown-5m-1780801200
poly_sniper_v5_eth_5m_l_ema50_hurst_grandparent_v8,1780801800000000,2.931516129032258,1,0.62,eth-updown-5m-1780801500
poly_sniper_v5_eth_5m_ema50_hurst_parent15mrang_v7_vL,1780801800000000,2.931516129032258,1,0.62,eth-updown-5m-1780801500
poly_sniper_v5_eth_5m_l_ema50_hurst_grandparent_V10,1780801800000000,2.931516129032258,1,0.62,eth-updown-5m-1780801500
poly_sniper_v5_eth_5m_ema50_hurst_parent15mrang_v7,1780801800000000,2.931516129032258,1,0.62,eth-updown-5m-1780801500
poly_sniper_v5_eth_5m_ema50_hurst_parent15mrang_v7_vL,1780802100000000,2.8070079365079366,1,0.63,eth-updown-5m-1780801800
poly_sniper_v5_eth_5m_l_ema50_hurst_grandparent_v8,1780802100000000,2.8070079365079366,1,0.63,eth-updown-5m-1780801800
poly_sniper_v5_eth_5m_ema50_hurst_parent15mrang_v7,1780802100000000,2.8070079365079366,1,0.63,eth-updown-5m-1780801800
poly_sniper_v5_eth_5m_l_ema50_hurst_grandparent_V10,1780802100000000,2.8070079365079366,1,0.63,eth-updown-5m-1780801800
poly_sniper_v5_eth_5m_cloud_vwap_hurstmp_v7,1780802400000000,5.234666666666668,1,0.4799999999999999,eth-updown-5m-1780802100
poly_sniper_v5_eth_5m_bb_mp_hurst_band_v6,1780802400000000,5.234666666666668,1,0.4799999999999999,eth-updown-5m-1780802100
poly_sniper_v5_eth_5m_cloud_ribbon_mp_hurst_v6_vL,1780802400000000,5.234666666666668,1,0.4799999999999999,eth-updown-5m-1780802100
poly_sniper_v5_eth_5m_ema50_hurst_parent15mrang_v7,1780802400000000,5.234666666666668,1,0.4799999999999999,eth-updown-5m-1780802100
poly_sniper_v5_eth_5m_v6c3_parent15mrang_v7,1780802400000000,5.234666666666668,1,0.4799999999999999,eth-updown-5m-1780802100
poly_sniper_v5_eth_5m_l_ema50_hurst_grandparent_V10,1780802400000000,5.234666666666668,1,0.4799999999999999,eth-updown-5m-1780802100
poly_sniper_v5_eth_5m_cloud_vwap_hurstmp_v7_vL,1780802400000000,5.234666666666668,1,0.4799999999999999,eth-updown-5m-1780802100
poly_sniper_v5_eth_5m_v6c3_parent15mrang_v7_vL,1780802400000000,5.234666666666668,1,0.4799999999999999,eth-updown-5m-1780802100
poly_sniper_v5_eth_5m_bb_mp_hurst_band_v6_vL,1780802400000000,5.234666666666668,1,0.4799999999999999,eth-updown-5m-1780802100
poly_sniper_v5_eth_5m_l_ema50_hurst_grandparent_v8,1780802400000000,5.234666666666668,1,0.4799999999999999,eth-updown-5m-1780802100
poly_sniper_v5_eth_5m_cloud_ribbon_mp_hurst_v6,1780802400000000,5.234666666666668,1,0.4799999999999999,eth-updown-5m-1780802100
poly_sniper_v5_eth_5m_ema50_hurst_parent15mrang_v7_vL,1780802400000000,5.234666666666668,1,0.4799999999999999,eth-updown-5m-1780802100
poly_sniper_v5_eth_5m_bb_mp_hurst_band_V10,1780802400000000,5.234666666666668,1,0.4799999999999999,eth-updown-5m-1780802100
poly_sniper_v5_eth_5m_cloud_ribbon_mp_hurst_V10,1780802400000000,5.234666666666668,1,0.4799999999999999,eth-updown-5m-1780802100
poly_sniper_v5_eth_5m_ema50_hurst_parent15mrang_v7_vL,1780803000000000,6.988621951219514,1,0.41,eth-updown-5m-1780802700
poly_sniper_v5_eth_5m_ema50_hurst_parent15mrang_v7,1780803000000000,6.988621951219514,1,0.41,eth-updown-5m-1780802700
poly_sniper_v5_eth_5m_bb_mp_hurst_band_v6,1780803000000000,6.988621951219514,1,0.41,eth-updown-5m-1780802700
poly_sniper_v5_eth_5m_bb_mp_hurst_band_V10,1780803000000000,6.988621951219514,1,0.41,eth-updown-5m-1780802700
poly_sniper_v5_eth_5m_bb_mp_hurst_band_v6_vL,1780803000000000,6.988621951219514,1,0.41,eth-updown-5m-1780802700
poly_sniper_v5_eth_5m_l_ema50_hurst_grandparent_v8,1780803000000000,6.988621951219514,1,0.41,eth-updown-5m-1780802700
poly_sniper_v5_eth_5m_bb_mp_hurst_band_v6,1780803300000000,3.473689655172415,1,0.58,eth-updown-5m-1780803000
poly_sniper_v5_eth_5m_bb_mp_hurst_band_v6_vL,1780803300000000,3.473689655172415,1,0.58,eth-updown-5m-1780803000
poly_sniper_v5_eth_5m_l_ema50_hurst_grandparent_V10,1780803300000000,-5.0,0,0.43000000000000005,eth-updown-5m-1780803000
poly_sniper_v5_eth_5m_ema50_hurst_parent15mrang_v7_vL,1780803300000000,-5.0,0,0.43000000000000005,eth-updown-5m-1780803000
poly_sniper_v5_eth_5m_ema50_hurst_parent15mrang_v7,1780803300000000,-5.0,0,0.43000000000000005,eth-updown-5m-1780803000
poly_sniper_v5_eth_5m_l_ema50_hurst_grandparent_v8,1780803300000000,-5.0,0,0.43000000000000005,eth-updown-5m-1780803000
poly_sniper_v5_eth_5m_ema50_hurst_parent15mrang_v7_vL,1780803600000000,-5.0,0,0.65,eth-updown-5m-1780803300
poly_sniper_v5_eth_5m_bb_mp_hurst_band_v6,1780803600000000,-5.0,0,0.65,eth-updown-5m-1780803300
poly_sniper_v5_eth_5m_l_ema50_hurst_grandparent_V10,1780803600000000,-5.0,0,0.65,eth-updown-5m-1780803300
poly_sniper_v5_eth_5m_ema50_hurst_parent15mrang_v7,1780803600000000,-5.0,0,0.65,eth-updown-5m-1780803300
poly_sniper_v5_eth_5m_cloud_vwap_hurstmp_v7_vL,1780803600000000,-5.0,0,0.65,eth-updown-5m-1780803300
poly_sniper_v5_eth_5m_bb_mp_hurst_band_v6_vL,1780803600000000,-5.0,0,0.65,eth-updown-5m-1780803300
poly_sniper_v5_eth_5m_l_ema50_hurst_grandparent_v8,1780803600000000,-5.0,0,0.65,eth-updown-5m-1780803300
poly_sniper_v5_eth_5m_cloud_vwap_hurstmp_v7,1780803600000000,-5.0,0,0.65,eth-updown-5m-1780803300
poly_sniper_v5_eth_5m_ema50_hurst_parent15mrang_v7,1780804200000000,0.579477528089887,1,0.8900000000000001,eth-updown-5m-1780803900
poly_sniper_v5_eth_5m_cloud_ribbon_mp_hurst_v6_vL,1780804200000000,0.579477528089887,1,0.8900000000000001,eth-updown-5m-1780803900
poly_sniper_v5_eth_5m_v6c3_parent15mrang_v7,1780804200000000,0.579477528089887,1,0.8900000000000001,eth-updown-5m-1780803900
poly_sniper_v5_eth_5m_cloud_ribbon_mp_hurst_v6,1780804200000000,0.579477528089887,1,0.8900000000000001,eth-updown-5m-1780803900
poly_sniper_v5_eth_5m_ema50_hurst_parent15mrang_v7_vL,1780804200000000,0.579477528089887,1,0.8900000000000001,eth-updown-5m-1780803900
poly_sniper_v5_eth_5m_v6c3_parent15mrang_v7_vL,1780804200000000,0.579477528089887,1,0.8900000000000001,eth-updown-5m-1780803900
poly_sniper_v5_eth_5m_l_ema50_hurst_grandparent_v8,1780804800000000,4.269462264150942,1,0.53,eth-updown-5m-1780804500
poly_sniper_v5_eth_5m_ema50_hurst_parent15mrang_v7,1780804800000000,4.269462264150942,1,0.53,eth-updown-5m-1780804500
poly_sniper_v5_eth_5m_ema50_hurst_parent15mrang_v7_vL,1780804800000000,4.269462264150942,1,0.53,eth-updown-5m-1780804500
poly_sniper_v5_eth_5m_l_ema50_hurst_grandparent_V10,1780804800000000,4.269462264150942,1,0.53,eth-updown-5m-1780804500
poly_sniper_v5_eth_5m_ema200_vwap_regimerang_xa3_v7,1780805100000000,1.240086254776944,1,0.7920321565055541,eth-updown-5m-1780804800
poly_sniper_v5_eth_5m_v6c3_parent15mrang_v7_vL,1780805400000000,3.3310762711864412,1,0.59,eth-updown-5m-1780805100
poly_sniper_v5_eth_5m_bb_mp_hurst_band_v6_vL,1780805400000000,3.3310762711864412,1,0.59,eth-updown-5m-1780805100
poly_sniper_v5_eth_5m_cloud_ribbon_mp_hurst_v6_vL,1780805400000000,3.3310762711864412,1,0.59,eth-updown-5m-1780805100
poly_sniper_v5_eth_5m_bb_mp_hurst_band_v6,1780805400000000,3.3310762711864412,1,0.59,eth-updown-5m-1780805100
poly_sniper_v5_eth_5m_ema50_hurst_parent15mrang_v7_vL,1780805400000000,3.3310762711864412,1,0.59,eth-updown-5m-1780805100
poly_sniper_v5_eth_5m_cloud_vwap_hurstmp_v7,1780805400000000,3.3310762711864412,1,0.59,eth-updown-5m-1780805100
poly_sniper_v5_eth_5m_cloud_ribbon_mp_hurst_v6,1780805400000000,3.3310762711864412,1,0.59,eth-updown-5m-1780805100
poly_sniper_v5_eth_5m_v6c3_parent15mrang_v7,1780805400000000,3.3310762711864412,1,0.59,eth-updown-5m-1780805100
poly_fast_taker_b2_nomerge_eth_5m,1780805400000000,-2.0,0,0.6000098362268234,eth-updown-5m-1780805100
poly_sniper_v5_eth_5m_ema50_hurst_parent15mrang_v7,1780805400000000,3.3310762711864412,1,0.59,eth-updown-5m-1780805100
poly_sniper_v5_eth_5m_cloud_vwap_hurstmp_v7_vL,1780805400000000,3.3310762711864412,1,0.59,eth-updown-5m-1780805100
poly_sniper_v5_eth_5m_cloud_ribbon_mp_hurst_v6,1780805700000000,0.5205555555555553,1,0.9,eth-updown-5m-1780805400
poly_sniper_v5_eth_5m_ema50_hurst_parent15mrang_v7,1780805700000000,0.5205555555555553,1,0.9,eth-updown-5m-1780805400
poly_sniper_v5_eth_5m_cloud_ribbon_mp_hurst_v6_vL,1780805700000000,0.5205555555555553,1,0.9,eth-updown-5m-1780805400
poly_sniper_v5_eth_5m_ema50_hurst_parent15mrang_v7_vL,1780805700000000,0.5205555555555553,1,0.9,eth-updown-5m-1780805400
poly_sniper_v5_eth_5m_v6c3_parent15mrang_v7_vL,1780805700000000,0.5205555555555553,1,0.9,eth-updown-5m-1780805400
poly_fast_taker_lagv2_eth_5m,1780805700000000,5.172804878048781,1,0.82,eth-updown-5m-1780805400
poly_sniper_v5_eth_5m_v6c3_parent15mrang_v7,1780805700000000,0.5205555555555553,1,0.9,eth-updown-5m-1780805400
poly_sniper_v5_eth_5m_ema50_hurst_parent15mrang_v7_vL,1780806000000000,2.456757575757575,1,0.66,eth-updown-5m-1780805700
poly_sniper_v5_eth_5m_ema50_hurst_parent15mrang_v7_vL,1780806300000000,1.1799999999999997,1,0.8,eth-updown-5m-1780806000
poly_sniper_v5_eth_5m_ema50_hurst_parent15mrang_v7,1780806300000000,1.1799999999999997,1,0.8,eth-updown-5m-1780806000
poly_sniper_v5_eth_5m_ema50_hurst_parent15mrang_v7,1780806600000000,2.0378571428571433,1,0.7,eth-updown-5m-1780806300
poly_sniper_v5_eth_5m_cloud_vwap_hurstmp_v7,1780806600000000,2.0378571428571433,1,0.7,eth-updown-5m-1780806300
poly_sniper_v5_eth_5m_bb_mp_hurst_band_v6,1780806600000000,2.0378571428571433,1,0.7,eth-updown-5m-1780806300
poly_sniper_v5_eth_5m_cloud_ribbon_mp_hurst_v6,1780806600000000,2.0378571428571433,1,0.7,eth-updown-5m-1780806300
poly_sniper_v5_eth_5m_v6c3_parent15mrang_v7,1780806600000000,2.0378571428571433,1,0.7,eth-updown-5m-1780806300
poly_sniper_v5_eth_5m_cloud_ribbon_mp_hurst_v6_vL,1780806600000000,2.0378571428571433,1,0.7,eth-updown-5m-1780806300
poly_sniper_v5_eth_5m_bb_mp_hurst_band_v6_vL,1780806600000000,2.0378571428571433,1,0.7,eth-updown-5m-1780806300
poly_sniper_v5_eth_5m_ema50_hurst_parent15mrang_v7_vL,1780806600000000,2.0378571428571433,1,0.7,eth-updown-5m-1780806300
poly_fast_taker_lagv2_eth_5m,1780806600000000,12.849038461538461,1,0.65,eth-updown-5m-1780806300
poly_sniper_v5_eth_5m_cloud_vwap_hurstmp_v7_vL,1780806600000000,2.0378571428571433,1,0.7,eth-updown-5m-1780806300
poly_sniper_v5_eth_5m_v6c3_parent15mrang_v7_vL,1780806600000000,2.0378571428571433,1,0.7,eth-updown-5m-1780806300
poly_sniper_v5_eth_5m_l_ema50_hurst_grandparent_V10,1780806900000000,2.2409411764705878,1,0.68,eth-updown-5m-1780806600
poly_sniper_v5_eth_5m_ema50_hurst_parent15mrang_v7_vL,1780806900000000,2.2409411764705878,1,0.68,eth-updown-5m-1780806600
poly_fast_taker_lagv2_eth_5m,1780806900000000,7.895833333333334,1,0.75,eth-updown-5m-1780806600
poly_sniper_v5_eth_5m_bb_mp_hurst_band_v6_vL,1780806900000000,2.2409411764705878,1,0.68,eth-updown-5m-1780806600
poly_sniper_v5_eth_5m_l_ema50_hurst_grandparent_v8,1780806900000000,2.2409411764705878,1,0.68,eth-updown-5m-1780806600
poly_sniper_v5_eth_5m_bb_mp_hurst_band_v6,1780806900000000,2.2409411764705878,1,0.68,eth-updown-5m-1780806600
poly_sniper_v5_eth_5m_ema50_hurst_parent15mrang_v7,1780806900000000,2.2409411764705878,1,0.68,eth-updown-5m-1780806600
poly_fast_taker_lagv2_eth_5m,1780807200000000,9.232222222222223,1,0.72,eth-updown-5m-1780806900
poly_fast_taker_lagv2_eth_5m,1780807800000000,-13.109756097560973,0,0.82,eth-updown-5m-1780807500
poly_sniper_v5_eth_5m_bb_mp_hurst_band_v6,1780807800000000,-5.0,0,0.71,eth-updown-5m-1780807500
poly_sniper_v5_eth_5m_tr200_mp_sms_active_off120,1780807800000000,-5.0,0,0.65,eth-updown-5m-1780807500
poly_sniper_v5_eth_5m_tr200_mp_mpnx_sms_off120,1780807800000000,-5.0,0,0.65,eth-updown-5m-1780807500
poly_sniper_v5_eth_5m_bb_mp_hurst_band_v6_vL,1780807800000000,-5.0,0,0.71,eth-updown-5m-1780807500
poly_sniper_v5_eth_5m_v5repl_off120_v6,1780807800000000,-5.0,0,0.65,eth-updown-5m-1780807500
poly_sniper_v5_eth_5m_ema50_hurst_parent15mrang_v7_vL,1780807800000000,-5.0,0,0.71,eth-updown-5m-1780807500
poly_sniper_v5_eth_5m_ema50_hurst_parent15mrang_v7,1780807800000000,-5.0,0,0.71,eth-updown-5m-1780807500
poly_sniper_v5_eth_5m_bb_mp_hurst_band_v6,1780808100000000,-5.0,0,0.5268808652775568,eth-updown-5m-1780807800
poly_sniper_v5_eth_5m_v6c3_parent15mrang_v7_vL,1780808100000000,-5.0,0,0.5268808652775568,eth-updown-5m-1780807800
poly_sniper_v5_eth_5m_cloud_ribbon_mp_hurst_v6,1780808100000000,-5.0,0,0.5268808652775568,eth-updown-5m-1780807800
poly_sniper_v5_eth_5m_ema50_hurst_parent15mrang_v7_vL,1780808100000000,-5.0,0,0.5268808652775568,eth-updown-5m-1780807800
poly_sniper_v5_eth_5m_ema50_hurst_parent15mrang_v7,1780808100000000,-5.0,0,0.5268808652775568,eth-updown-5m-1780807800
poly_sniper_v5_eth_5m_cloud_ribbon_mp_hurst_v6_vL,1780808100000000,-5.0,0,0.5268808652775568,eth-updown-5m-1780807800
poly_sniper_v5_eth_5m_bb_mp_hurst_band_V10,1780808100000000,-5.0,0,0.5268808652775568,eth-updown-5m-1780807800
poly_sniper_v5_eth_5m_v6c3_parent15mrang_v7,1780808100000000,-5.0,0,0.5268808652775568,eth-updown-5m-1780807800
poly_sniper_v5_eth_5m_l_ema50_hurst_grandparent_v8,1780808100000000,-5.0,0,0.5268808652775568,eth-updown-5m-1780807800
poly_sniper_v5_eth_5m_cloud_ribbon_mp_hurst_V10,1780808100000000,-5.0,0,0.5268808652775568,eth-updown-5m-1780807800
poly_sniper_v5_eth_5m_bb_mp_hurst_band_v6_vL,1780808100000000,-5.0,0,0.5268808652775568,eth-updown-5m-1780807800
poly_sniper_v5_eth_5m_cloud_vwap_hurstmp_v7,1780808100000000,-5.0,0,0.5268808652775568,eth-updown-5m-1780807800
poly_sniper_v5_eth_5m_l_ema50_hurst_grandparent_V10,1780808100000000,-5.0,0,0.5268808652775568,eth-updown-5m-1780807800
poly_sniper_v5_eth_5m_cloud_vwap_hurstmp_v7_vL,1780808100000000,-5.0,0,0.5268808652775568,eth-updown-5m-1780807800
poly_sniper_v5_eth_5m_l_ema50_hurst_grandparent_v8,1780808400000000,1.4949473684210524,1,0.76,eth-updown-5m-1780808100
poly_sniper_v5_eth_5m_ema50_hurst_parent15mrang_v7_vL,1780808400000000,1.4949473684210524,1,0.76,eth-updown-5m-1780808100
poly_sniper_v5_eth_5m_l_ema50_hurst_grandparent_V10,1780808400000000,1.4949473684210524,1,0.76,eth-updown-5m-1780808100
poly_fast_taker_lagv2_eth_5m,1780808400000000,13.369852402687322,1,0.6410585158213241,eth-updown-5m-1780808100
poly_sniper_v5_eth_5m_ema50_hurst_parent15mrang_v7,1780808400000000,1.4949473684210524,1,0.76,eth-updown-5m-1780808100
poly_fast_taker_lagv2_eth_5m,1780808700000000,17.36844827586207,1,0.58,eth-updown-5m-1780808400
poly_sniper_v5_eth_5m_ema50_hurst_parent15mrang_v7_vL,1780809000000000,1.5791666666666668,1,0.75,eth-updown-5m-1780808700
poly_sniper_v5_eth_5m_ema200_vwap_regimerang_xa3_v7,1780809000000000,-5.0,0,0.56,eth-updown-5m-1780808700
poly_sniper_v5_eth_5m_ema50_hurst_parent15mrang_v7,1780809000000000,1.5791666666666668,1,0.75,eth-updown-5m-1780808700
poly_sniper_v5_eth_5m_ema50_hurst_parent15mrang_v7,1780809300000000,3.93340909090909,1,0.55,eth-updown-5m-1780809000
poly_sniper_v5_eth_5m_l_ema50_hurst_grandparent_v8,1780809300000000,3.93340909090909,1,0.55,eth-updown-5m-1780809000
poly_sniper_v5_eth_5m_l_ema50_hurst_grandparent_V10,1780809300000000,3.93340909090909,1,0.55,eth-updown-5m-1780809000
poly_sniper_v5_eth_5m_ema200_vwap_regimerang_xa3_v7,1780809300000000,-5.0,0,0.7,eth-updown-5m-1780809000
poly_sniper_v5_eth_5m_ema50_hurst_parent15mrang_v7_vL,1780809300000000,3.93340909090909,1,0.55,eth-updown-5m-1780809000
poly_fast_taker_lagv2_eth_5m,1780809600000000,-7.1821865671641785,0,0.67,eth-updown-5m-1780809300
poly_sniper_v5_eth_5m_a2_hlcascade50k_v9,1780809600000000,-5.0,0,0.68,eth-updown-5m-1780809300
poly_sniper_v5_eth_5m_up_a2_hlcascade25k_v9,1780809600000000,9.91701515151515,1,0.33,eth-updown-5m-1780809300
poly_sniper_v5_eth_5m_ema200_vwap_regimerang_xa3_v7,1780809600000000,8.293013513513515,1,0.37,eth-updown-5m-1780809300
poly_sniper_v5_eth_5m_ema50_hurst_parent15mrang_v7,1780809600000000,-5.0,0,0.72,eth-updown-5m-1780809300
poly_sniper_v5_eth_5m_a2_hlcascade50k_v9,1780809600000000,9.91701515151515,1,0.33,eth-updown-5m-1780809300
poly_fast_taker_b2_nomerge_eth_5m,1780809600000000,-2.0,0,0.59,eth-updown-5m-1780809300
poly_sniper_v5_eth_5m_ema50_hurst_parent15mrang_v7_vL,1780809600000000,-5.0,0,0.72,eth-updown-5m-1780809300
poly_sniper_v5_eth_5m_a2_hlcascade50k_v9,1780809900000000,-5.0,0,0.69,eth-updown-5m-1780809600
poly_sniper_v5_eth_5m_ema50_hurst_parent15mrang_v7_vL,1780809900000000,-5.0,0,0.77,eth-updown-5m-1780809600
poly_sniper_v5_eth_5m_bb_mp_hurst_band_v6_vL,1780809900000000,-5.0,0,0.77,eth-updown-5m-1780809600
poly_sniper_v5_eth_5m_a2_hlcascade50k_v9,1780809900000000,10.386999999999999,1,0.32,eth-updown-5m-1780809600
poly_fast_taker_b2_nomerge_eth_5m,1780809900000000,-2.0,0,0.61,eth-updown-5m-1780809600
poly_sniper_v5_eth_5m_up_a2_hlcascade25k_v9,1780809900000000,10.386999999999999,1,0.32,eth-updown-5m-1780809600
poly_sniper_v5_eth_5m_ema50_hurst_parent15mrang_v7,1780810200000000,-5.0,0,0.57,eth-updown-5m-1780809900
poly_sniper_v5_eth_5m_ema50_hurst_parent15mrang_v7_vL,1780810200000000,-5.0,0,0.57,eth-updown-5m-1780809900
poly_sniper_v5_eth_5m_lq_ema50_hurst_grandparent_prev15m_v8,1780810200000000,-5.0,0,0.57,eth-updown-5m-1780809900
poly_sniper_v5_eth_5m_l_ema50_hurst_grandparent_v8,1780810200000000,-5.0,0,0.57,eth-updown-5m-1780809900
poly_sniper_v5_eth_5m_lq_ema50_hurst_grandparent_prev15m_v8_vL,1780810200000000,-5.0,0,0.57,eth-updown-5m-1780809900
poly_sniper_v5_eth_5m_cloud_ribbon_mp_hurst_V10,1780810500000000,-5.0,0,0.69,eth-updown-5m-1780810200
poly_sniper_v5_eth_5m_cloud_ribbon_mp_hurst_v6_vL,1780810500000000,-5.0,0,0.69,eth-updown-5m-1780810200
poly_sniper_v5_eth_5m_lq_ema50_hurst_grandparent_prev15m_v8,1780810500000000,-5.0,0,0.69,eth-updown-5m-1780810200
poly_sniper_v5_eth_5m_v6c3_parent15mrang_v7_vL,1780810500000000,-5.0,0,0.69,eth-updown-5m-1780810200
poly_sniper_v5_eth_5m_ema50_hurst_parent15mrang_v7,1780810500000000,-5.0,0,0.69,eth-updown-5m-1780810200
poly_sniper_v5_eth_5m_lq_ema50_hurst_grandparent_prev15m_v8_vL,1780810500000000,-5.0,0,0.69,eth-updown-5m-1780810200
poly_sniper_v5_eth_5m_v6c3_parent15mrang_v7,1780810500000000,-5.0,0,0.69,eth-updown-5m-1780810200
poly_sniper_v5_eth_5m_cloud_vwap_hurstmp_v7_vL,1780810500000000,-5.0,0,0.69,eth-updown-5m-1780810200
poly_sniper_v5_eth_5m_l_ema50_hurst_grandparent_V10,1780810500000000,-5.0,0,0.69,eth-updown-5m-1780810200
poly_sniper_v5_eth_5m_cloud_ribbon_mp_hurst_v6,1780810500000000,-5.0,0,0.69,eth-updown-5m-1780810200
poly_sniper_v5_eth_5m_bb_mp_hurst_band_v6_vL,1780810500000000,-5.0,0,0.69,eth-updown-5m-1780810200
poly_sniper_v5_eth_5m_ema50_hurst_parent15mrang_v7_vL,1780810500000000,-5.0,0,0.69,eth-updown-5m-1780810200
poly_sniper_v5_eth_5m_cloud_vwap_hurstmp_v7,1780810500000000,-5.0,0,0.69,eth-updown-5m-1780810200
poly_sniper_v5_eth_5m_l_ema50_hurst_grandparent_v8,1780810500000000,-5.0,0,0.69,eth-updown-5m-1780810200
poly_sniper_v5_eth_5m_bb_mp_hurst_band_v6,1780810500000000,-5.0,0,0.69,eth-updown-5m-1780810200
poly_sniper_v5_eth_5m_ema50_hurst_parent15mrang_v7,1780810800000000,1.7548150684931507,1,0.73,eth-updown-5m-1780810500
poly_sniper_v5_eth_5m_l_ema50_hurst_grandparent_V10,1780810800000000,1.7548150684931507,1,0.73,eth-updown-5m-1780810500
poly_sniper_v5_eth_5m_lq_ema50_hurst_grandparent_prev15m_v8_vL,1780810800000000,1.7548150684931507,1,0.73,eth-updown-5m-1780810500
poly_sniper_v5_eth_5m_l_ema50_hurst_grandparent_v8,1780810800000000,1.7548150684931507,1,0.73,eth-updown-5m-1780810500
poly_sniper_v5_eth_5m_ema50_hurst_parent15mrang_v7_vL,1780810800000000,1.7548150684931507,1,0.73,eth-updown-5m-1780810500
poly_sniper_v5_eth_5m_lq_ema50_hurst_grandparent_prev15m_v8,1780810800000000,1.7548150684931507,1,0.73,eth-updown-5m-1780810500
poly_fast_taker_lagv2_eth_5m,1780811100000000,-23.958333333333332,0,0.72,eth-updown-5m-1780810800
poly_sniper_v5_eth_5m_ema50_hurst_parent15mrang_v7,1780811100000000,-5.0,0,0.67,eth-updown-5m-1780810800
poly_sniper_v5_eth_5m_v5repl_off120_v6,1780811100000000,-5.0,0,0.83,eth-updown-5m-1780810800
poly_sniper_v5_eth_5m_ema50_hurst_parent15mrang_v7_vL,1780811100000000,-5.0,0,0.67,eth-updown-5m-1780810800
poly_sniper_v5_eth_5m_tr200_mp_sms_active_off120,1780811100000000,-5.0,0,0.83,eth-updown-5m-1780810800
poly_sniper_v5_eth_5m_cloud_mp_sms_active_off120,1780811100000000,-5.0,0,0.83,eth-updown-5m-1780810800
poly_fast_taker_lagv2_eth_5m,1780811400000000,13.432500000000001,1,0.64,eth-updown-5m-1780811100
poly_sniper_v5_eth_5m_ema50_hurst_parent15mrang_v7_vL,1780811700000000,2.0378571428571433,1,0.7,eth-updown-5m-1780811400
poly_sniper_v5_eth_5m_ema50_hurst_parent15mrang_v7,1780811700000000,2.0378571428571433,1,0.7,eth-updown-5m-1780811400
poly_sniper_v5_eth_5m_ema50_hurst_parent15mrang_v7,1780812000000000,-5.0,0,0.34,eth-updown-5m-1780811700
poly_sniper_v5_eth_5m_l_ema50_hurst_grandparent_v8,1780812000000000,-5.0,0,0.34,eth-updown-5m-1780811700
poly_sniper_v5_eth_5m_l_ema50_hurst_grandparent_V10,1780812000000000,-5.0,0,0.34,eth-updown-5m-1780811700
poly_sniper_v5_eth_5m_ema50_hurst_parent15mrang_v7_vL,1780812000000000,-5.0,0,0.34,eth-updown-5m-1780811700
poly_sniper_v5_eth_5m_ema50_hurst_parent15mrang_v7,1780812600000000,-5.0,0,0.45999999999999996,eth-updown-5m-1780812300
poly_sniper_v5_eth_5m_ema50_hurst_parent15mrang_v7_vL,1780812600000000,-5.0,0,0.45999999999999996,eth-updown-5m-1780812300
poly_fast_taker_lagv2_eth_5m,1780813800000000,-11.941452941176474,0,0.68,eth-updown-5m-1780813500
poly_sniper_v5_eth_5m_ema200_vwap_regimerang_xa3_v7,1780813800000000,5.680565217391305,1,0.45999999999999996,eth-updown-5m-1780813500
poly_fast_taker_lagv2_eth_5m,1780814100000000,-8.500629411764702,0,0.51,eth-updown-5m-1780813800
poly_sniper_v5_eth_5m_a2_hlcascade50k_v9,1780814100000000,5.025581632653061,1,0.49,eth-updown-5m-1780813800
poly_sniper_v5_eth_5m_a2_hlcascade50k_v9,1780814100000000,-5.0,0,0.52,eth-updown-5m-1780813800
poly_fast_taker_b2_nomerge_eth_5m,1780814100000000,-2.0,0,0.59,eth-updown-5m-1780813800
poly_sniper_v5_eth_5m_up_a2_hlcascade25k_v9,1780814100000000,5.025581632653061,1,0.49,eth-updown-5m-1780813800
poly_sniper_v5_eth_5m_tr200_mp_mpnx_sms_off120,1780814700000000,2.3471865671641785,1,0.67,eth-updown-5m-1780814400
poly_sniper_v5_eth_5m_v5repl_off120_v6,1780814700000000,2.3471865671641785,1,0.67,eth-updown-5m-1780814400
poly_sniper_v5_eth_5m_tr200_mp_sms_active_off120,1780814700000000,2.3471865671641785,1,0.67,eth-updown-5m-1780814400
poly_fast_taker_lagv2_eth_5m,1780816800000000,-14.583333333333334,0,0.6,eth-updown-5m-1780816500
poly_sniper_v5_eth_5m_l_ema50_hurst_grandparent_V10,1780816800000000,-5.0,0,0.76,eth-updown-5m-1780816500
poly_sniper_v5_eth_5m_v6c3_parent15mrang_v7,1780816800000000,-5.0,0,0.76,eth-updown-5m-1780816500
poly_sniper_v5_eth_5m_l_ema50_hurst_grandparent_v8,1780816800000000,-5.0,0,0.76,eth-updown-5m-1780816500
poly_sniper_v5_eth_5m_cloud_vwap_hurstmp_v7_vL,1780816800000000,-5.0,0,0.76,eth-updown-5m-1780816500
poly_sniper_v5_eth_5m_cloud_ribbon_mp_hurst_v6_vL,1780816800000000,-5.0,0,0.76,eth-updown-5m-1780816500
poly_sniper_v5_eth_5m_cloud_vwap_hurstmp_v7,1780816800000000,-5.0,0,0.76,eth-updown-5m-1780816500
poly_sniper_v5_eth_5m_cloud_ribbon_mp_hurst_v6,1780816800000000,-5.0,0,0.76,eth-updown-5m-1780816500
poly_sniper_v5_eth_5m_ema50_hurst_parent15mrang_v7,1780816800000000,-5.0,0,0.76,eth-updown-5m-1780816500
poly_sniper_v5_eth_5m_bb_mp_hurst_band_v6_vL,1780816800000000,-5.0,0,0.76,eth-updown-5m-1780816500
poly_sniper_v5_eth_5m_cloud_ribbon_mp_hurst_V10,1780816800000000,-5.0,0,0.76,eth-updown-5m-1780816500
poly_sniper_v5_eth_5m_v6c3_parent15mrang_v7_vL,1780816800000000,-5.0,0,0.76,eth-updown-5m-1780816500
poly_sniper_v5_eth_5m_ema50_hurst_parent15mrang_v7_vL,1780816800000000,-5.0,0,0.76,eth-updown-5m-1780816500
poly_sniper_v5_eth_5m_bb_mp_hurst_band_v6,1780816800000000,-5.0,0,0.76,eth-updown-5m-1780816500
poly_sniper_v5_eth_5m_ema50_hurst_parent15mrang_v7_vL,1780817100000000,3.93340909090909,1,0.55,eth-updown-5m-1780816800
poly_fast_taker_lagv2_eth_5m,1780818000000000,-17.86553125,0,0.630740726140261,eth-updown-5m-1780817700
poly_sniper_v5_eth_5m_ema200_vwap_regimerang_xa3_v7,1780818000000000,-5.0,0,0.69,eth-updown-5m-1780817700
poly_fast_taker_lagv2_eth_5m,1780818300000000,10.689384057971017,1,0.69,eth-updown-5m-1780818000
poly_sniper_v5_eth_5m_ema200_vwap_regimerang_xa3_v7,1780818600000000,-5.0,0,0.35,eth-updown-5m-1780818300
poly_fast_taker_lagv2_eth_5m,1780819500000000,-11.115148387096774,0,0.62,eth-updown-5m-1780819200
poly_sniper_v5_eth_5m_ema50_hurst_parent15mrang_v7_vL,1780819200000000,-5.0,0,0.69,eth-updown-5m-1780818900
poly_sniper_v5_eth_5m_ema50_hurst_parent15mrang_v7,1780819200000000,-5.0,0,0.69,eth-updown-5m-1780818900
poly_sniper_v5_eth_5m_ema200_vwap_regimerang_xa3_v7,1780819200000000,6.988621951219514,1,0.41,eth-updown-5m-1780818900
poly_sniper_v5_eth_5m_bb_mp_hurst_band_v6,1780819500000000,-5.0,0,0.57,eth-updown-5m-1780819200
poly_sniper_v5_eth_5m_l_ema50_hurst_grandparent_V10,1780819500000000,-5.0,0,0.57,eth-updown-5m-1780819200
poly_sniper_v5_eth_5m_ema50_hurst_parent15mrang_v7_vL,1780819500000000,-5.0,0,0.57,eth-updown-5m-1780819200
poly_sniper_v5_eth_5m_ema50_hurst_parent15mrang_v7,1780819500000000,-5.0,0,0.57,eth-updown-5m-1780819200
poly_sniper_v5_eth_5m_l_ema50_hurst_grandparent_v8,1780819500000000,-5.0,0,0.57,eth-updown-5m-1780819200
poly_sniper_v5_eth_5m_bb_mp_hurst_band_v6_vL,1780819500000000,-5.0,0,0.57,eth-updown-5m-1780819200
poly_sniper_v5_eth_5m_l_ema50_hurst_grandparent_v8,1780819800000000,9.56484207041896,1,0.3379161195643779,eth-updown-5m-1780819500
poly_sniper_v5_eth_5m_l_ema50_hurst_grandparent_V10,1780819800000000,9.56484207041896,1,0.3379161195643779,eth-updown-5m-1780819500
poly_sniper_v5_eth_5m_bb_mp_hurst_band_v6,1780819800000000,9.56484207041896,1,0.3379161195643779,eth-updown-5m-1780819500
poly_sniper_v5_eth_5m_cloud_vwap_hurstmp_v7_vL,1780819800000000,9.56484207041896,1,0.3379161195643779,eth-updown-5m-1780819500
poly_sniper_v5_eth_5m_cloud_vwap_hurstmp_v7,1780819800000000,9.56484207041896,1,0.3379161195643779,eth-updown-5m-1780819500
poly_sniper_v5_eth_5m_bb_mp_hurst_band_v6_vL,1780819800000000,9.56484207041896,1,0.3379161195643779,eth-updown-5m-1780819500
poly_sniper_v5_eth_5m_ema50_hurst_parent15mrang_v7_vL,1780819800000000,9.56484207041896,1,0.3379161195643779,eth-updown-5m-1780819500
poly_sniper_v5_eth_5m_bb_mp_hurst_band_V10,1780819800000000,9.56484207041896,1,0.3379161195643779,eth-updown-5m-1780819500
poly_sniper_v5_eth_5m_ema50_hurst_parent15mrang_v7,1780819800000000,9.56484207041896,1,0.3379161195643779,eth-updown-5m-1780819500
poly_fast_taker_lagv2_eth_5m,1780820400000000,-14.692488888888889,0,0.8007117437722421,eth-updown-5m-1780820100
poly_sniper_v5_eth_5m_bb_mp_hurst_band_v6,1780820400000000,-5.0,0,0.76,eth-updown-5m-1780820100
poly_sniper_v5_eth_5m_bb_mp_hurst_band_v6_vL,1780820400000000,-5.0,0,0.76,eth-updown-5m-1780820100
poly_sniper_v5_eth_5m_ema50_hurst_parent15mrang_v7_vL,1780820400000000,-5.0,0,0.76,eth-updown-5m-1780820100
poly_sniper_v5_eth_5m_ema50_hurst_parent15mrang_v7,1780820400000000,-5.0,0,0.76,eth-updown-5m-1780820100
poly_sniper_v5_eth_5m_ema50_hurst_parent15mrang_v7_vL,1780821300000000,-5.0,0,0.56,eth-updown-5m-1780821000
poly_sniper_v5_eth_5m_ema50_hurst_parent15mrang_v7,1780821300000000,-5.0,0,0.56,eth-updown-5m-1780821000
poly_sniper_v5_eth_5m_ema200_vwap_regimerang_xa3_v7,1780821300000000,2.3471865671641785,1,0.67,eth-updown-5m-1780821000
poly_fast_taker_b2_nomerge_eth_5m,1780821300000000,1.2531147540983607,1,0.61,eth-updown-5m-1780821000
poly_sniper_v5_eth_5m_l_ema50_hurst_grandparent_v8,1780821300000000,-5.0,0,0.56,eth-updown-5m-1780821000
poly_sniper_v5_eth_5m_v6c3_parent15mrang_v7_vL,1780821600000000,1.5791666666666668,1,0.75,eth-updown-5m-1780821300
poly_sniper_v5_eth_5m_cloud_vwap_hurstmp_v7,1780821600000000,1.5791666666666668,1,0.75,eth-updown-5m-1780821300
poly_sniper_v5_eth_5m_l_ema50_hurst_grandparent_v8,1780821600000000,1.5791666666666668,1,0.75,eth-updown-5m-1780821300
poly_sniper_v5_eth_5m_bb_mp_hurst_band_v6_vL,1780821600000000,1.5791666666666668,1,0.75,eth-updown-5m-1780821300
poly_sniper_v5_eth_5m_ema50_hurst_parent15mrang_v7,1780821600000000,1.5791666666666668,1,0.75,eth-updown-5m-1780821300
poly_sniper_v5_eth_5m_cloud_ribbon_mp_hurst_v6_vL,1780821600000000,1.5791666666666668,1,0.75,eth-updown-5m-1780821300
poly_sniper_v5_eth_5m_ema50_hurst_parent15mrang_v7_vL,1780821600000000,1.5791666666666668,1,0.75,eth-updown-5m-1780821300
poly_sniper_v5_eth_5m_cloud_vwap_hurstmp_v7_vL,1780821600000000,1.5791666666666668,1,0.75,eth-updown-5m-1780821300
poly_sniper_v5_eth_5m_bb_mp_hurst_band_v6,1780821600000000,1.5791666666666668,1,0.75,eth-updown-5m-1780821300
poly_sniper_v5_eth_5m_cloud_ribbon_mp_hurst_v6,1780821600000000,1.5791666666666668,1,0.75,eth-updown-5m-1780821300
poly_sniper_v5_eth_5m_v6c3_parent15mrang_v7,1780821600000000,1.5791666666666668,1,0.75,eth-updown-5m-1780821300
poly_sniper_v5_eth_5m_cloud_ribbon_mp_hurst_V10,1780821600000000,1.5791666666666668,1,0.75,eth-updown-5m-1780821300
poly_fast_taker_lagv2_eth_5m,1780821900000000,-17.96875,0,0.64,eth-updown-5m-1780821600
poly_sniper_v5_eth_5m_cloud_ribbon_mp_hurst_v6_vL,1780821900000000,-5.0,0,0.8900000000000001,eth-updown-5m-1780821600
poly_sniper_v5_eth_5m_up_a2_hlcascade25k_v9,1780821900000000,6.701761904761906,1,0.42,eth-updown-5m-1780821600
poly_fast_taker_b2_nomerge_eth_5m,1780821900000000,-2.0,0,0.64,eth-updown-5m-1780821600
poly_sniper_v5_eth_5m_a2_hlcascade50k_v9,1780821900000000,-5.0,0,0.59,eth-updown-5m-1780821600
poly_sniper_v5_eth_5m_a2_hlcascade50k_v9,1780821900000000,6.701761904761906,1,0.42,eth-updown-5m-1780821600
poly_sniper_v5_eth_5m_ema50_hurst_parent15mrang_v7_vL,1780821900000000,-5.0,0,0.8900000000000001,eth-updown-5m-1780821600
poly_sniper_v5_eth_5m_v6c3_parent15mrang_v7_vL,1780821900000000,-5.0,0,0.8900000000000001,eth-updown-5m-1780821600
poly_sniper_v5_eth_5m_bb_mp_hurst_band_v6,1780822200000000,2.0378571428571433,1,0.7,eth-updown-5m-1780821900
poly_sniper_v5_eth_5m_a2_hlcascade50k_v9,1780822200000000,2.6865,1,0.64,eth-updown-5m-1780821900
poly_sniper_v5_eth_5m_l_ema50_hurst_grandparent_v8,1780822200000000,2.0378571428571433,1,0.7,eth-updown-5m-1780821900
poly_sniper_v5_eth_5m_ema50_hurst_parent15mrang_v7,1780822200000000,2.0378571428571433,1,0.7,eth-updown-5m-1780821900
poly_fast_taker_lagv2_eth_5m,1780822200000000,13.432500000000001,1,0.64,eth-updown-5m-1780821900
poly_sniper_v5_eth_5m_a2_hlcascade50k_v9,1780822200000000,-5.0,0,0.37,eth-updown-5m-1780821900
poly_sniper_v5_eth_5m_up_a2_hlcascade25k_v9,1780822200000000,2.6865,1,0.64,eth-updown-5m-1780821900
poly_fast_taker_b2_nomerge_eth_5m,1780822200000000,1.5399999999999998,1,0.56,eth-updown-5m-1780821900
poly_sniper_v5_eth_5m_bb_mp_hurst_band_v6_vL,1780822200000000,2.0378571428571433,1,0.7,eth-updown-5m-1780821900
poly_sniper_v5_eth_5m_ema50_hurst_parent15mrang_v7_vL,1780822200000000,2.0378571428571433,1,0.7,eth-updown-5m-1780821900
poly_sniper_v5_eth_5m_up_a2_hlcascade25k_v9,1780822500000000,5.234666666666668,1,0.4799999999999999,eth-updown-5m-1780822200
poly_sniper_v5_eth_5m_a2_hlcascade50k_v9,1780822500000000,5.234666666666668,1,0.4799999999999999,eth-updown-5m-1780822200
poly_fast_taker_lagv2_eth_5m,1780822500000000,26.173333333333336,1,0.48,eth-updown-5m-1780822200
poly_fast_taker_b2_nomerge_eth_5m,1780822500000000,-2.0,0,0.63,eth-updown-5m-1780822200
poly_sniper_v5_eth_5m_a2_hlcascade50k_v9,1780823100000000,1.940753521126761,1,0.71,eth-updown-5m-1780822800
poly_fast_taker_lagv2_eth_5m,1780823100000000,12.239528076237741,1,0.6607964273597337,eth-updown-5m-1780822800
poly_sniper_v5_eth_5m_up_a2_hlcascade25k_v9,1780823100000000,-5.0,0,0.3,eth-updown-5m-1780822800
poly_fast_taker_b2_nomerge_eth_5m,1780823100000000,0.8805797101449279,1,0.69,eth-updown-5m-1780822800
poly_sniper_v5_eth_5m_a2_hlcascade50k_v9,1780823100000000,-5.0,0,0.3,eth-updown-5m-1780822800
shadow_oracle_settle_eth_5m,1780823100000000,0.4067826086956525,1,0.9199999999999999,eth-updown-5m-1780822800
poly_sniper_v5_eth_5m_l_ema50_hurst_grandparent_v8,1780824600000000,5.452797872340425,1,0.47000000000000003,eth-updown-5m-1780824300
poly_sniper_v5_eth_5m_ema50_hurst_parent15mrang_v7_vL,1780824600000000,5.452797872340425,1,0.47000000000000003,eth-updown-5m-1780824300
poly_sniper_v5_eth_5m_bb_mp_hurst_band_v6_vL,1780824600000000,-5.0,0,0.5431240495329134,eth-updown-5m-1780824300
poly_sniper_v5_eth_5m_bb_mp_hurst_band_v6,1780824600000000,-5.0,0,0.5431240495329134,eth-updown-5m-1780824300
poly_sniper_v5_eth_5m_ema50_hurst_parent15mrang_v7,1780824600000000,5.452797872340425,1,0.47000000000000003,eth-updown-5m-1780824300
poly_sniper_v5_eth_5m_ema200_vwap_regimerang_xa3_v7,1780825800000000,2.1378768115942033,1,0.69,eth-updown-5m-1780825500
poly_fast_taker_lagv2_eth_5m,1780826100000000,10.689384057971017,1,0.69,eth-updown-5m-1780825800
poly_fast_taker_b2_nomerge_eth_5m,1780826100000000,0.8805797101449279,1,0.69,eth-updown-5m-1780825800
poly_sniper_v5_eth_5m_l_ema50_hurst_grandparent_V10,1780827900000000,4.098259259259258,1,0.54,eth-updown-5m-1780827600
poly_sniper_v5_eth_5m_bb_mp_hurst_band_v6_vL,1780827900000000,4.098259259259258,1,0.54,eth-updown-5m-1780827600
poly_sniper_v5_eth_5m_cloud_vwap_hurstmp_v7,1780827900000000,4.098259259259258,1,0.54,eth-updown-5m-1780827600
poly_sniper_v5_eth_5m_l_ema50_hurst_grandparent_v8,1780827900000000,4.098259259259258,1,0.54,eth-updown-5m-1780827600
poly_sniper_v5_eth_5m_bb_mp_hurst_band_V10,1780827900000000,4.098259259259258,1,0.54,eth-updown-5m-1780827600
poly_sniper_v5_eth_5m_bb_mp_hurst_band_v6,1780827900000000,4.098259259259258,1,0.54,eth-updown-5m-1780827600
poly_sniper_v5_eth_5m_cloud_vwap_hurstmp_v7_vL,1780827900000000,4.098259259259258,1,0.54,eth-updown-5m-1780827600
poly_sniper_v5_eth_5m_cloud_vwap_hurstmp_v7_vL,1780828200000000,4.447384615384615,1,0.52,eth-updown-5m-1780827900
poly_sniper_v5_eth_5m_ema200_vwap_regimerang_xa3_v7,1780828200000000,2.8070079365079366,1,0.63,eth-updown-5m-1780827900
poly_fast_taker_lagv2_eth_5m,1780828500000000,-14.788732394366198,0,0.71,eth-updown-5m-1780828200
poly_fast_taker_lagv2_eth_5m,1780828800000000,-9.420289855072463,0,0.69,eth-updown-5m-1780828500
poly_sniper_v5_eth_5m_cloud_vwap_hurstmp_v7,1780828800000000,7.08504403794038,1,0.40674603174603174,eth-updown-5m-1780828500
poly_sniper_v5_eth_5m_bb_mp_hurst_band_v6,1780828800000000,7.08504403794038,1,0.40674603174603174,eth-updown-5m-1780828500
poly_sniper_v5_eth_5m_cloud_vwap_hurstmp_v7_vL,1780828800000000,7.08504403794038,1,0.40674603174603174,eth-updown-5m-1780828500
poly_sniper_v5_eth_5m_ema50_hurst_parent15mrang_v7_vL,1780828800000000,7.08504403794038,1,0.40674603174603174,eth-updown-5m-1780828500
poly_sniper_v5_eth_5m_ema50_hurst_parent15mrang_v7,1780828800000000,7.08504403794038,1,0.40674603174603174,eth-updown-5m-1780828500
poly_sniper_v5_eth_5m_bb_mp_hurst_band_V10,1780828800000000,7.08504403794038,1,0.40674603174603174,eth-updown-5m-1780828500
poly_sniper_v5_eth_5m_ema200_vwap_regimerang_xa3_v7,1780828800000000,3.193333333333334,1,0.6,eth-updown-5m-1780828500
poly_sniper_v5_eth_5m_bb_mp_hurst_band_v6_vL,1780828800000000,7.08504403794038,1,0.40674603174603174,eth-updown-5m-1780828500
poly_fast_taker_lagv2_eth_5m,1780829100000000,12.849038461538461,1,0.65,eth-updown-5m-1780828800
poly_fast_taker_b2_nomerge_eth_5m,1780829100000000,1.0553846153846151,1,0.65,eth-updown-5m-1780828800
poly_sniper_v5_eth_5m_cloud_vwap_hurstmp_v7_vL,1780829400000000,3.93340909090909,1,0.55,eth-updown-5m-1780829100
poly_sniper_v5_eth_5m_cloud_vwap_hurstmp_v7,1780829400000000,3.93340909090909,1,0.55,eth-updown-5m-1780829100
poly_sniper_v5_eth_5m_ema50_hurst_parent15mrang_v7,1780829400000000,3.93340909090909,1,0.55,eth-updown-5m-1780829100
poly_sniper_v5_eth_5m_bb_mp_hurst_band_v6,1780829400000000,3.93340909090909,1,0.55,eth-updown-5m-1780829100
poly_sniper_v5_eth_5m_bb_mp_hurst_band_v6_vL,1780829400000000,3.93340909090909,1,0.55,eth-updown-5m-1780829100
poly_sniper_v5_eth_5m_ema50_hurst_parent15mrang_v7_vL,1780829400000000,3.93340909090909,1,0.55,eth-updown-5m-1780829100
poly_fast_taker_b2_nomerge_eth_5m,1780829700000000,1.6696296296296291,1,0.54,eth-updown-5m-1780829400
poly_sniper_v5_eth_5m_bb_mp_hurst_band_v6_vL,1780829700000000,1.8464444444444446,1,0.72,eth-updown-5m-1780829400
poly_sniper_v5_eth_5m_ema50_hurst_parent15mrang_v7_vL,1780829700000000,1.8464444444444446,1,0.72,eth-updown-5m-1780829400
poly_sniper_v5_eth_5m_l_ema50_hurst_grandparent_V10,1780830000000000,-5.0,0,0.56,eth-updown-5m-1780829700
poly_sniper_v5_eth_5m_ema50_hurst_parent15mrang_v7_vL,1780830000000000,-5.0,0,0.56,eth-updown-5m-1780829700
poly_sniper_v5_eth_5m_bb_mp_hurst_band_v6,1780830000000000,-5.0,0,0.56,eth-updown-5m-1780829700
poly_sniper_v5_eth_5m_l_ema50_hurst_grandparent_v8,1780830000000000,-5.0,0,0.56,eth-updown-5m-1780829700
poly_sniper_v5_eth_5m_bb_mp_hurst_band_v6_vL,1780830000000000,-5.0,0,0.56,eth-updown-5m-1780829700
poly_sniper_v5_eth_5m_ema50_hurst_parent15mrang_v7,1780830000000000,-5.0,0,0.56,eth-updown-5m-1780829700
poly_sniper_v5_eth_5m_ema50_hurst_parent15mrang_v7_vL,1780830300000000,6.701761904761906,1,0.42,eth-updown-5m-1780830000
poly_sniper_v5_eth_5m_ema50_hurst_parent15mrang_v7,1780830300000000,6.701761904761906,1,0.42,eth-updown-5m-1780830000
poly_sniper_v5_eth_5m_ema50_hurst_parent15mrang_v7_vL,1780830600000000,-5.0,0,0.43000000000000005,eth-updown-5m-1780830300
poly_sniper_v5_eth_5m_ema50_hurst_parent15mrang_v7,1780830600000000,-5.0,0,0.43000000000000005,eth-updown-5m-1780830300
poly_sniper_v5_eth_5m_cloud_vwap_hurstmp_v7_vL,1780830600000000,-5.0,0,0.43000000000000005,eth-updown-5m-1780830300
poly_sniper_v5_eth_5m_bb_mp_hurst_band_v6_vL,1780830600000000,-5.0,0,0.43000000000000005,eth-updown-5m-1780830300
poly_sniper_v5_eth_5m_cloud_vwap_hurstmp_v7,1780830600000000,-5.0,0,0.43000000000000005,eth-updown-5m-1780830300
poly_sniper_v5_eth_5m_bb_mp_hurst_band_V10,1780830600000000,-5.0,0,0.43000000000000005,eth-updown-5m-1780830300
poly_fast_taker_b2_nomerge_eth_5m,1780830600000000,1.1025,1,0.64,eth-updown-5m-1780830300
poly_sniper_v5_eth_5m_bb_mp_hurst_band_v6,1780830600000000,-5.0,0,0.43000000000000005,eth-updown-5m-1780830300
poly_fast_taker_lagv2_eth_5m,1780830900000000,12.283787878787876,1,0.66,eth-updown-5m-1780830600
poly_fast_taker_lagv2_eth_5m,1780831200000000,-14.202833333333333,0,0.6,eth-updown-5m-1780830900
poly_sniper_v5_eth_5m_ema50_hurst_parent15mrang_v7_vL,1780831200000000,-5.0,0,0.64,eth-updown-5m-1780830900
poly_sniper_v5_eth_5m_ema50_hurst_parent15mrang_v7,1780831200000000,-5.0,0,0.64,eth-updown-5m-1780830900
poly_sniper_v5_eth_5m_ema50_hurst_parent15mrang_v7,1780831500000000,2.6865,1,0.64,eth-updown-5m-1780831200
poly_sniper_v5_eth_5m_l_ema50_hurst_grandparent_v8,1780831500000000,2.6865,1,0.64,eth-updown-5m-1780831200
poly_sniper_v5_eth_5m_cloud_ribbon_mp_hurst_v6_vL,1780831500000000,2.6865,1,0.64,eth-updown-5m-1780831200
poly_sniper_v5_eth_5m_cloud_vwap_hurstmp_v7,1780831500000000,2.6865,1,0.64,eth-updown-5m-1780831200
poly_sniper_v5_eth_5m_l_ema50_hurst_grandparent_V10,1780831500000000,2.6865,1,0.64,eth-updown-5m-1780831200
poly_sniper_v5_eth_5m_ema50_hurst_parent15mrang_v7_vL,1780831500000000,2.6865,1,0.64,eth-updown-5m-1780831200
poly_sniper_v5_eth_5m_v6c3_parent15mrang_v7,1780831500000000,2.6865,1,0.64,eth-updown-5m-1780831200
poly_sniper_v5_eth_5m_cloud_vwap_hurstmp_v7_vL,1780831500000000,2.6865,1,0.64,eth-updown-5m-1780831200
poly_sniper_v5_eth_5m_ema200_vwap_regimerang_xa3_v7,1780831500000000,-5.0,0,0.48068433753850376,eth-updown-5m-1780831200
poly_sniper_v5_eth_5m_cloud_ribbon_mp_hurst_v6,1780831500000000,2.6865,1,0.64,eth-updown-5m-1780831200
poly_sniper_v5_eth_5m_bb_mp_hurst_band_v6,1780831500000000,2.6865,1,0.64,eth-updown-5m-1780831200
poly_sniper_v5_eth_5m_bb_mp_hurst_band_v6_vL,1780831500000000,2.6865,1,0.64,eth-updown-5m-1780831200
poly_sniper_v5_eth_5m_v6c3_parent15mrang_v7_vL,1780831500000000,2.6865,1,0.64,eth-updown-5m-1780831200
poly_sniper_v5_eth_5m_cloud_ribbon_mp_hurst_V10,1780831500000000,2.6865,1,0.64,eth-updown-5m-1780831200
poly_sniper_v5_eth_5m_bb_mp_hurst_band_v6_vL,1780831800000000,3.0602213114754098,1,0.61,eth-updown-5m-1780831500
poly_sniper_v5_eth_5m_cloud_vwap_hurstmp_v7_vL,1780831800000000,3.0602213114754098,1,0.61,eth-updown-5m-1780831500
poly_sniper_v5_eth_5m_v6c3_parent15mrang_v7_vL,1780831800000000,3.0602213114754098,1,0.61,eth-updown-5m-1780831500
poly_sniper_v5_eth_5m_ema50_hurst_parent15mrang_v7_vL,1780831800000000,3.0602213114754098,1,0.61,eth-updown-5m-1780831500
poly_sniper_v5_eth_5m_cloud_vwap_hurstmp_v7,1780831800000000,3.0602213114754098,1,0.61,eth-updown-5m-1780831500
poly_sniper_v5_eth_5m_bb_mp_hurst_band_v6,1780831800000000,3.0602213114754098,1,0.61,eth-updown-5m-1780831500
poly_sniper_v5_eth_5m_cloud_ribbon_mp_hurst_v6,1780831800000000,3.0602213114754098,1,0.61,eth-updown-5m-1780831500
poly_sniper_v5_eth_5m_v6c3_parent15mrang_v7,1780831800000000,3.0602213114754098,1,0.61,eth-updown-5m-1780831500
poly_sniper_v5_eth_5m_ema50_hurst_parent15mrang_v7,1780831800000000,3.0602213114754098,1,0.61,eth-updown-5m-1780831500
poly_sniper_v5_eth_5m_cloud_ribbon_mp_hurst_v6_vL,1780831800000000,3.0602213114754098,1,0.61,eth-updown-5m-1780831500
poly_sniper_v5_eth_5m_ema50_hurst_parent15mrang_v7_vL,1780832100000000,3.7745714285714276,1,0.56,eth-updown-5m-1780831800
poly_sniper_v5_eth_5m_ema50_hurst_parent15mrang_v7,1780832100000000,3.7745714285714276,1,0.56,eth-updown-5m-1780831800
poly_sniper_v5_eth_5m_lq_ema50_hurst_grandparent_prev15m_v8_vL,1780832400000000,1.5791666666666668,1,0.75,eth-updown-5m-1780832100
poly_sniper_v5_eth_5m_lq_ema50_hurst_grandparent_prev15m_v8,1780832400000000,1.5791666666666668,1,0.75,eth-updown-5m-1780832100
poly_sniper_v5_eth_5m_l_ema50_hurst_grandparent_V10,1780832400000000,1.5791666666666668,1,0.75,eth-updown-5m-1780832100
poly_sniper_v5_eth_5m_ema50_hurst_parent15mrang_v7_vL,1780832400000000,1.5791666666666668,1,0.75,eth-updown-5m-1780832100
poly_sniper_v5_eth_5m_ema50_hurst_parent15mrang_v7,1780832400000000,1.5791666666666668,1,0.75,eth-updown-5m-1780832100
poly_sniper_v5_eth_5m_l_ema50_hurst_grandparent_v8,1780832400000000,1.5791666666666668,1,0.75,eth-updown-5m-1780832100
poly_sniper_v5_eth_5m_lq_ema50_hurst_grandparent_prev15m_v8_vL,1780832700000000,4.632421568627452,1,0.51,eth-updown-5m-1780832400
poly_sniper_v5_eth_5m_ema50_hurst_parent15mrang_v7_vL,1780832700000000,4.632421568627452,1,0.51,eth-updown-5m-1780832400
poly_sniper_v5_eth_5m_ema50_hurst_parent15mrang_v7_vL,1780833000000000,-5.0,0,0.65,eth-updown-5m-1780832700
poly_sniper_v5_eth_5m_ema50_hurst_parent15mrang_v7,1780833000000000,-5.0,0,0.65,eth-updown-5m-1780832700
poly_sniper_v5_eth_5m_ema200_vwap_regimerang_xa3_v7,1780833000000000,6.701761904761906,1,0.42,eth-updown-5m-1780832700
poly_sniper_v5_eth_5m_ema50_hurst_parent15mrang_v7,1780833300000000,0.6398181818181817,1,0.88,eth-updown-5m-1780833000
poly_sniper_v5_eth_5m_v6c3_parent15mrang_v7_vL,1780833300000000,0.6398181818181817,1,0.88,eth-updown-5m-1780833000
poly_sniper_v5_eth_5m_cloud_ribbon_mp_hurst_v6_vL,1780833300000000,0.6398181818181817,1,0.88,eth-updown-5m-1780833000
poly_sniper_v5_eth_5m_v6c3_parent15mrang_v7,1780833300000000,0.6398181818181817,1,0.88,eth-updown-5m-1780833000
poly_sniper_v5_eth_5m_cloud_ribbon_mp_hurst_v6,1780833300000000,0.6398181818181817,1,0.88,eth-updown-5m-1780833000
poly_sniper_v5_eth_5m_ema50_hurst_parent15mrang_v7_vL,1780833300000000,0.6398181818181817,1,0.88,eth-updown-5m-1780833000
poly_fast_taker_lagv2_eth_5m,1780833300000000,10.189285714285715,1,0.7,eth-updown-5m-1780833000
poly_sniper_v5_eth_5m_ema50_hurst_parent15mrang_v7_vL,1780833600000000,0.6398181818181817,1,0.88,eth-updown-5m-1780833300
poly_sniper_v5_eth_5m_ema50_hurst_parent15mrang_v7,1780833600000000,0.6398181818181817,1,0.88,eth-updown-5m-1780833300
poly_fast_taker_lagv2_eth_5m,1780833900000000,-13.888888888888888,0,0.72,eth-updown-5m-1780833600
poly_sniper_v5_eth_5m_ema50_hurst_parent15mrang_v7_vL,1780833900000000,-5.0,0,0.52,eth-updown-5m-1780833600
poly_sniper_v5_eth_5m_lq_ema50_hurst_grandparent_prev15m_v8_vL,1780833900000000,-5.0,0,0.52,eth-updown-5m-1780833600
poly_sniper_v5_eth_5m_ema50_hurst_parent15mrang_v7_vL,1780834200000000,-5.0,0,0.51,eth-updown-5m-1780833900
poly_sniper_v5_eth_5m_ema50_hurst_parent15mrang_v7,1780834200000000,-5.0,0,0.51,eth-updown-5m-1780833900
poly_sniper_v5_eth_5m_lq_ema50_hurst_grandparent_prev15m_v8,1780834200000000,-5.0,0,0.51,eth-updown-5m-1780833900
poly_sniper_v5_eth_5m_l_ema50_hurst_grandparent_V10,1780834200000000,-5.0,0,0.51,eth-updown-5m-1780833900
poly_sniper_v5_eth_5m_l_ema50_hurst_grandparent_v8,1780834200000000,-5.0,0,0.51,eth-updown-5m-1780833900
poly_sniper_v5_eth_5m_lq_ema50_hurst_grandparent_prev15m_v8_vL,1780834200000000,-5.0,0,0.51,eth-updown-5m-1780833900
poly_sniper_v5_eth_5m_ema50_hurst_parent15mrang_v7_vL,1780834500000000,0.5205555555555553,1,0.9,eth-updown-5m-1780834200
poly_sniper_v5_eth_5m_ema50_hurst_parent15mrang_v7,1780834500000000,0.5205555555555553,1,0.9,eth-updown-5m-1780834200
poly_fast_taker_lagv2_eth_5m,1780834800000000,-1.946492307692308,0,0.65,eth-updown-5m-1780834500
poly_sniper_v5_eth_5m_cloud_ribbon_mp_hurst_v6_vL,1780834800000000,-5.0,0,0.8600000000000001,eth-updown-5m-1780834500
poly_sniper_v5_eth_5m_l_ema50_hurst_grandparent_v8,1780834800000000,-5.0,0,0.8600000000000001,eth-updown-5m-1780834500
poly_sniper_v5_eth_5m_v6c3_parent15mrang_v7,1780834800000000,-5.0,0,0.8600000000000001,eth-updown-5m-1780834500
poly_sniper_v5_eth_5m_v6c3_parent15mrang_v7_vL,1780834800000000,-5.0,0,0.8600000000000001,eth-updown-5m-1780834500
poly_sniper_v5_eth_5m_cloud_ribbon_mp_hurst_V10,1780834800000000,-5.0,0,0.8600000000000001,eth-updown-5m-1780834500
poly_sniper_v5_eth_5m_ema50_hurst_parent15mrang_v7,1780834800000000,-5.0,0,0.8600000000000001,eth-updown-5m-1780834500
poly_sniper_v5_eth_5m_ema50_hurst_parent15mrang_v7_vL,1780834800000000,-5.0,0,0.8600000000000001,eth-updown-5m-1780834500
poly_sniper_v5_eth_5m_cloud_ribbon_mp_hurst_v6,1780834800000000,-5.0,0,0.8600000000000001,eth-updown-5m-1780834500
poly_sniper_v5_eth_5m_l_ema50_hurst_grandparent_V10,1780834800000000,-5.0,0,0.8600000000000001,eth-updown-5m-1780834500
poly_fast_taker_b2_nomerge_eth_5m,1780834800000000,-2.0,0,0.65,eth-updown-5m-1780834500
poly_fast_taker_lagv2_eth_5m,1780835100000000,-9.542857142857141,0,0.7,eth-updown-5m-1780834800
poly_sniper_v5_eth_5m_bb_mp_hurst_band_v6,1780835100000000,-5.0,0,0.75,eth-updown-5m-1780834800
poly_sniper_v5_eth_5m_l_ema50_hurst_grandparent_v8,1780835100000000,-5.0,0,0.75,eth-updown-5m-1780834800
poly_sniper_v5_eth_5m_bb_mp_hurst_band_v6_vL,1780835100000000,-5.0,0,0.75,eth-updown-5m-1780834800
poly_sniper_v5_eth_5m_l_ema50_hurst_grandparent_V10,1780835100000000,-5.0,0,0.75,eth-updown-5m-1780834800
poly_fast_taker_b2_nomerge_eth_5m,1780835100000000,-2.0,0,0.7,eth-updown-5m-1780834800
poly_fast_taker_b2_nomerge_eth_5m,1780835400000000,2.1233333333333335,1,0.48,eth-updown-5m-1780835100
poly_fast_taker_lagv2_eth_5m,1780835700000000,-7.916666666666665,0,0.6,eth-updown-5m-1780835400
poly_fast_taker_b2_nomerge_eth_5m,1780835700000000,-2.0,0,0.5,eth-updown-5m-1780835400
poly_sniper_v5_eth_5m_cloud_vwap_hurstmp_v7,1780836300000000,2.569807692307692,1,0.65,eth-updown-5m-1780836000
poly_sniper_v5_eth_5m_bb_mp_hurst_band_v6_vL,1780836300000000,2.569807692307692,1,0.65,eth-updown-5m-1780836000
poly_sniper_v5_eth_5m_bb_mp_hurst_band_v6,1780836300000000,2.569807692307692,1,0.65,eth-updown-5m-1780836000
poly_sniper_v5_eth_5m_cloud_vwap_hurstmp_v7_vL,1780836300000000,2.569807692307692,1,0.65,eth-updown-5m-1780836000
poly_sniper_v5_eth_5m_cloud_ribbon_mp_hurst_v6_vL,1780836300000000,2.569807692307692,1,0.65,eth-updown-5m-1780836000
poly_sniper_v5_eth_5m_cloud_ribbon_mp_hurst_v6,1780836300000000,2.569807692307692,1,0.65,eth-updown-5m-1780836000
poly_sniper_v5_eth_5m_ema50_hurst_parent15mrang_v7_vL,1780836900000000,-5.0,0,0.49,eth-updown-5m-1780836600
poly_sniper_v5_eth_5m_a2_hlcascade50k_v9,1780836900000000,-5.0,0,0.47000000000000003,eth-updown-5m-1780836600
poly_fast_taker_b2_nomerge_eth_5m,1780836900000000,-2.0,0,0.57,eth-updown-5m-1780836600
poly_sniper_v5_eth_5m_up_a2_hlcascade25k_v9,1780836900000000,-5.0,0,0.47000000000000003,eth-updown-5m-1780836600
poly_sniper_v5_eth_5m_a2_hlcascade50k_v9,1780836900000000,4.098259259259258,1,0.54,eth-updown-5m-1780836600
poly_sniper_v5_eth_5m_lq_ema50_hurst_grandparent_prev15m_v8_vL,1780836900000000,-5.0,0,0.49,eth-updown-5m-1780836600
poly_fast_taker_lagv2_eth_5m,1780837200000000,-6.617647058823532,0,0.68,eth-updown-5m-1780836900
poly_sniper_v5_eth_5m_lq_ema50_hurst_grandparent_prev15m_v8_vL,1780837200000000,7.940894736842105,1,0.38,eth-updown-5m-1780836900
poly_sniper_v5_eth_5m_ema50_hurst_parent15mrang_v7,1780837200000000,7.940894736842105,1,0.38,eth-updown-5m-1780836900
poly_sniper_v5_eth_5m_bb_mp_hurst_band_v6_vL,1780837200000000,-5.0,0,0.6362714493070607,eth-updown-5m-1780836900
poly_sniper_v5_eth_5m_ema50_hurst_parent15mrang_v7_vL,1780837200000000,7.940894736842105,1,0.38,eth-updown-5m-1780836900
poly_sniper_v5_eth_5m_l_ema50_hurst_grandparent_V10,1780837200000000,7.940894736842105,1,0.38,eth-updown-5m-1780836900
poly_sniper_v5_eth_5m_bb_mp_hurst_band_v6,1780837200000000,-5.0,0,0.6362714493070607,eth-updown-5m-1780836900
poly_sniper_v5_eth_5m_lq_ema50_hurst_grandparent_prev15m_v8,1780837200000000,7.940894736842105,1,0.38,eth-updown-5m-1780836900
poly_sniper_v5_eth_5m_l_ema50_hurst_grandparent_v8,1780837200000000,7.940894736842105,1,0.38,eth-updown-5m-1780836900
poly_sniper_v5_eth_5m_v6c3_parent15mrang_v7,1780837500000000,1.6657567567567568,1,0.74,eth-updown-5m-1780837200
poly_sniper_v5_eth_5m_bb_mp_hurst_band_v6_vL,1780837500000000,1.6657567567567568,1,0.74,eth-updown-5m-1780837200
poly_sniper_v5_eth_5m_bb_mp_hurst_band_v6,1780837500000000,1.6657567567567568,1,0.74,eth-updown-5m-1780837200
poly_sniper_v5_eth_5m_ema50_hurst_parent15mrang_v7,1780837500000000,1.6657567567567568,1,0.74,eth-updown-5m-1780837200
poly_sniper_v5_eth_5m_v6c3_parent15mrang_v7_vL,1780837500000000,1.6657567567567568,1,0.74,eth-updown-5m-1780837200
poly_sniper_v5_eth_5m_tr200_mp_sms_active_off120,1780837500000000,1.4130064935064934,1,0.77,eth-updown-5m-1780837200
poly_sniper_v5_eth_5m_ema50_hurst_parent15mrang_v7_vL,1780837500000000,1.6657567567567568,1,0.74,eth-updown-5m-1780837200
poly_sniper_v5_eth_5m_v5repl_off120_v6,1780837500000000,1.4130064935064934,1,0.77,eth-updown-5m-1780837200
poly_sniper_v5_eth_5m_tr200_mp_mpnx_sms_off120,1780837500000000,1.4130064935064934,1,0.77,eth-updown-5m-1780837200
poly_sniper_v5_eth_5m_cloud_ribbon_mp_hurst_v6,1780837500000000,1.6657567567567568,1,0.74,eth-updown-5m-1780837200
poly_sniper_v5_eth_5m_cloud_vwap_hurstmp_v7,1780837500000000,1.6657567567567568,1,0.74,eth-updown-5m-1780837200
poly_sniper_v5_eth_5m_cloud_ribbon_mp_hurst_v6_vL,1780837500000000,1.6657567567567568,1,0.74,eth-updown-5m-1780837200
poly_sniper_v5_eth_5m_cloud_vwap_hurstmp_v7_vL,1780837500000000,1.6657567567567568,1,0.74,eth-updown-5m-1780837200
poly_sniper_v5_eth_5m_cloud_vwap_hurstmp_v7_vL,1780838100000000,1.940753521126761,1,0.71,eth-updown-5m-1780837800
poly_sniper_v5_eth_5m_cloud_ribbon_mp_hurst_v6,1780838100000000,1.940753521126761,1,0.71,eth-updown-5m-1780837800
poly_sniper_v5_eth_5m_lq_ema50_hurst_grandparent_prev15m_v8_vL,1780838100000000,1.940753521126761,1,0.71,eth-updown-5m-1780837800
poly_sniper_v5_eth_5m_bb_mp_hurst_band_v6,1780838100000000,1.940753521126761,1,0.71,eth-updown-5m-1780837800
poly_sniper_v5_eth_5m_cloud_vwap_hurstmp_v7,1780838100000000,1.940753521126761,1,0.71,eth-updown-5m-1780837800
poly_sniper_v5_eth_5m_l_ema50_hurst_grandparent_V10,1780838100000000,1.940753521126761,1,0.71,eth-updown-5m-1780837800
poly_sniper_v5_eth_5m_l_ema50_hurst_grandparent_v8,1780838100000000,1.940753521126761,1,0.71,eth-updown-5m-1780837800
poly_sniper_v5_eth_5m_bb_mp_hurst_band_v6_vL,1780838100000000,1.940753521126761,1,0.71,eth-updown-5m-1780837800
poly_sniper_v5_eth_5m_lq_ema50_hurst_grandparent_prev15m_v8,1780838100000000,1.940753521126761,1,0.71,eth-updown-5m-1780837800
poly_sniper_v5_eth_5m_cloud_ribbon_mp_hurst_V10,1780838100000000,1.940753521126761,1,0.71,eth-updown-5m-1780837800
poly_sniper_v5_eth_5m_cloud_ribbon_mp_hurst_v6_vL,1780838100000000,1.940753521126761,1,0.71,eth-updown-5m-1780837800
poly_fast_taker_lagv2_eth_5m,1780838400000000,10.689384057971017,1,0.69,eth-updown-5m-1780838100
poly_sniper_v5_eth_5m_l_ema50_hurst_grandparent_v8,1780838700000000,3.3310762711864412,1,0.59,eth-updown-5m-1780838400
poly_sniper_v5_eth_5m_lq_ema50_hurst_grandparent_prev15m_v8,1780838700000000,3.3310762711864412,1,0.59,eth-updown-5m-1780838400
poly_sniper_v5_eth_5m_l_ema50_hurst_grandparent_V10,1780838700000000,3.3310762711864412,1,0.59,eth-updown-5m-1780838400
poly_fast_taker_lagv2_eth_5m,1780838700000000,17.36844827586207,1,0.58,eth-updown-5m-1780838400
poly_sniper_v5_eth_5m_lq_ema50_hurst_grandparent_prev15m_v8_vL,1780838700000000,3.3310762711864412,1,0.59,eth-updown-5m-1780838400
poly_sniper_v5_eth_5m_ema200_vwap_regimerang_xa3_v7,1780839000000000,1.1799999999999997,1,0.8,eth-updown-5m-1780838700
poly_fast_taker_lagv2_eth_5m,1780839300000000,-6.690140845070421,0,0.71,eth-updown-5m-1780839000
poly_sniper_v5_eth_5m_bb_mp_hurst_band_v6_vL,1780839300000000,1.8464444444444446,1,0.72,eth-updown-5m-1780839000
poly_sniper_v5_eth_5m_cloud_vwap_hurstmp_v7,1780839300000000,1.8464444444444446,1,0.72,eth-updown-5m-1780839000
poly_sniper_v5_eth_5m_bb_mp_hurst_band_v6,1780839300000000,1.8464444444444446,1,0.72,eth-updown-5m-1780839000
poly_sniper_v5_eth_5m_cloud_vwap_hurstmp_v7_vL,1780839300000000,1.8464444444444446,1,0.72,eth-updown-5m-1780839000
poly_sniper_v5_eth_5m_cloud_vwap_hurstmp_v7_vL,1780839600000000,2.1378768115942033,1,0.69,eth-updown-5m-1780839300
poly_sniper_v5_eth_5m_cloud_ribbon_mp_hurst_v6,1780839600000000,2.1378768115942033,1,0.69,eth-updown-5m-1780839300
poly_sniper_v5_eth_5m_ema50_hurst_parent15mrang_v7_vL,1780839600000000,2.1378768115942033,1,0.69,eth-updown-5m-1780839300
poly_sniper_v5_eth_5m_v6c3_parent15mrang_v7,1780839600000000,2.1378768115942033,1,0.69,eth-updown-5m-1780839300
poly_sniper_v5_eth_5m_cloud_vwap_hurstmp_v7,1780839600000000,2.1378768115942033,1,0.69,eth-updown-5m-1780839300
poly_sniper_v5_eth_5m_cloud_ribbon_mp_hurst_v6_vL,1780839600000000,2.1378768115942033,1,0.69,eth-updown-5m-1780839300
poly_sniper_v5_eth_5m_bb_mp_hurst_band_v6_vL,1780839600000000,2.1378768115942033,1,0.69,eth-updown-5m-1780839300
poly_sniper_v5_eth_5m_v6c3_parent15mrang_v7_vL,1780839600000000,2.1378768115942033,1,0.69,eth-updown-5m-1780839300
poly_sniper_v5_eth_5m_ema50_hurst_parent15mrang_v7,1780839600000000,2.1378768115942033,1,0.69,eth-updown-5m-1780839300
poly_sniper_v5_eth_5m_bb_mp_hurst_band_v6,1780839600000000,2.1378768115942033,1,0.69,eth-updown-5m-1780839300
poly_fast_taker_lagv2_eth_5m,1780839600000000,14.035039682539683,1,0.63,eth-updown-5m-1780839300
poly_sniper_v5_eth_5m_ema50_hurst_parent15mrang_v7_vL,1780839900000000,2.569807692307692,1,0.65,eth-updown-5m-1780839600
poly_sniper_v5_eth_5m_ema50_hurst_parent15mrang_v7,1780839900000000,2.569807692307692,1,0.65,eth-updown-5m-1780839600
poly_sniper_v5_eth_5m_ema50_hurst_parent15mrang_v7_vL,1780840200000000,2.1378768115942033,1,0.69,eth-updown-5m-1780839900
poly_sniper_v5_eth_5m_ema50_hurst_parent15mrang_v7,1780840200000000,2.1378768115942033,1,0.69,eth-updown-5m-1780839900
poly_sniper_v5_eth_5m_ema50_hurst_parent15mrang_v7_vL,1780840500000000,0.9645963855421689,1,0.83,eth-updown-5m-1780840200
poly_sniper_v5_eth_5m_l_ema50_hurst_grandparent_V10,1780840500000000,0.9645963855421689,1,0.83,eth-updown-5m-1780840200
poly_sniper_v5_eth_5m_l_ema50_hurst_grandparent_v8,1780840500000000,0.9645963855421689,1,0.83,eth-updown-5m-1780840200
poly_sniper_v5_eth_5m_ema50_hurst_parent15mrang_v7,1780840500000000,0.9645963855421689,1,0.83,eth-updown-5m-1780840200
poly_fast_taker_lagv2_eth_5m,1780840800000000,-9.090909090909092,0,0.77,eth-updown-5m-1780840500
poly_sniper_v5_eth_5m_up_a2_hlcascade25k_v9,1780842300000000,3.621429824561404,1,0.57,eth-updown-5m-1780842000
poly_sniper_v5_eth_5m_a2_hlcascade50k_v9,1780842300000000,-5.0,0,0.44747081712062253,eth-updown-5m-1780842000
poly_sniper_v5_eth_5m_a2_hlcascade50k_v9,1780842300000000,3.621429824561404,1,0.57,eth-updown-5m-1780842000
poly_fast_taker_lagv2_eth_5m,1780842600000000,-15.725806451612902,0,0.62,eth-updown-5m-1780842300
poly_sniper_v5_eth_5m_a2_hlcascade50k_v9,1780842600000000,-5.0,0,0.5456349206349206,eth-updown-5m-1780842300
poly_fast_taker_b2_nomerge_eth_5m,1780842600000000,1.0553846153846151,1,0.65,eth-updown-5m-1780842300
poly_sniper_v5_eth_5m_a2_hlcascade50k_v9,1780842600000000,5.452797872340425,1,0.47000000000000003,eth-updown-5m-1780842300
poly_sniper_v5_eth_5m_up_a2_hlcascade25k_v9,1780842600000000,5.452797872340425,1,0.47000000000000003,eth-updown-5m-1780842300
poly_fast_taker_b2_nomerge_eth_5m,1780842900000000,1.5399999999999998,1,0.56,eth-updown-5m-1780842600
poly_sniper_v5_eth_5m_cloud_ribbon_mp_hurst_v6_vL,1780842900000000,0.3518440860215051,1,0.93,eth-updown-5m-1780842600
poly_sniper_v5_eth_5m_v6c3_parent15mrang_v7_vL,1780842900000000,0.3518440860215051,1,0.93,eth-updown-5m-1780842600
poly_fast_taker_lagv2_eth_5m,1780842900000000,17.04372666017211,1,0.5845104724792985,eth-updown-5m-1780842600
poly_sniper_v5_eth_5m_ema50_hurst_parent15mrang_v7_vL,1780842900000000,0.3518440860215051,1,0.93,eth-updown-5m-1780842600
poly_sniper_v5_eth_5m_cloud_vwap_hurstmp_v7,1780843200000000,-5.0,0,0.53,eth-updown-5m-1780842900
poly_sniper_v5_eth_5m_a2_hlcascade50k_v9,1780843200000000,3.3310762711864412,1,0.59,eth-updown-5m-1780842900
poly_sniper_v5_eth_5m_cloud_ribbon_mp_hurst_V10,1780843200000000,-5.0,0,0.53,eth-updown-5m-1780842900
poly_sniper_v5_eth_5m_bb_mp_hurst_band_v6,1780843200000000,-5.0,0,0.53,eth-updown-5m-1780842900
poly_sniper_v5_eth_5m_cloud_ribbon_mp_hurst_v6_vL,1780843200000000,-5.0,0,0.53,eth-updown-5m-1780842900
poly_sniper_v5_eth_5m_l_ema50_hurst_grandparent_v8,1780843200000000,-5.0,0,0.53,eth-updown-5m-1780842900
poly_sniper_v5_eth_5m_up_a2_hlcascade25k_v9,1780843200000000,-5.0,0,0.42,eth-updown-5m-1780842900
poly_sniper_v5_eth_5m_bb_mp_hurst_band_V10,1780843200000000,-5.0,0,0.53,eth-updown-5m-1780842900
poly_sniper_v5_eth_5m_cloud_vwap_hurstmp_v7_vL,1780843200000000,-5.0,0,0.53,eth-updown-5m-1780842900
poly_sniper_v5_eth_5m_cloud_ribbon_mp_hurst_v6,1780843200000000,-5.0,0,0.53,eth-updown-5m-1780842900
poly_sniper_v5_eth_5m_a2_hlcascade50k_v9,1780843200000000,-5.0,0,0.42,eth-updown-5m-1780842900
poly_sniper_v5_eth_5m_bb_mp_hurst_band_v6_vL,1780843200000000,-5.0,0,0.53,eth-updown-5m-1780842900
poly_fast_taker_b2_nomerge_eth_5m,1780843200000000,1.0553846153846151,1,0.65,eth-updown-5m-1780842900
poly_sniper_v5_eth_5m_cloud_ribbon_mp_hurst_v6,1780843500000000,0.6398181818181817,1,0.88,eth-updown-5m-1780843200
poly_sniper_v5_eth_5m_cloud_ribbon_mp_hurst_v6_vL,1780843500000000,0.6398181818181817,1,0.88,eth-updown-5m-1780843200
poly_sniper_v5_eth_5m_up_a2_hlcascade25k_v9,1780843500000000,-5.0,0,0.15088578833386587,eth-updown-5m-1780843200
poly_sniper_v5_eth_5m_bb_mp_hurst_band_v6_vL,1780843800000000,2.3471865671641785,1,0.67,eth-updown-5m-1780843500
poly_sniper_v5_eth_5m_cloud_vwap_hurstmp_v7_vL,1780843800000000,2.3471865671641785,1,0.67,eth-updown-5m-1780843500
poly_sniper_v5_eth_5m_cloud_vwap_hurstmp_v7,1780843800000000,2.3471865671641785,1,0.67,eth-updown-5m-1780843500
poly_sniper_v5_eth_5m_cloud_ribbon_mp_hurst_v6_vL,1780843800000000,2.3471865671641785,1,0.67,eth-updown-5m-1780843500
poly_sniper_v5_eth_5m_cloud_ribbon_mp_hurst_v6,1780843800000000,2.3471865671641785,1,0.67,eth-updown-5m-1780843500
poly_sniper_v5_eth_5m_bb_mp_hurst_band_v6,1780843800000000,2.3471865671641785,1,0.67,eth-updown-5m-1780843500
poly_sniper_v5_eth_5m_l_ema50_hurst_grandparent_v8,1780844100000000,1.940753521126761,1,0.71,eth-updown-5m-1780843800
poly_sniper_v5_eth_5m_cloud_vwap_hurstmp_v7_vL,1780844100000000,1.940753521126761,1,0.71,eth-updown-5m-1780843800
poly_sniper_v5_eth_5m_cloud_vwap_hurstmp_v7,1780844100000000,1.940753521126761,1,0.71,eth-updown-5m-1780843800
poly_sniper_v5_eth_5m_l_ema50_hurst_grandparent_V10,1780844100000000,1.940753521126761,1,0.71,eth-updown-5m-1780843800
poly_sniper_v5_eth_5m_bb_mp_hurst_band_v6,1780844100000000,1.940753521126761,1,0.71,eth-updown-5m-1780843800
poly_sniper_v5_eth_5m_bb_mp_hurst_band_v6_vL,1780844100000000,1.940753521126761,1,0.71,eth-updown-5m-1780843800
poly_fast_taker_b2_nomerge_eth_5m,1780844100000000,-2.0,0,0.6,eth-updown-5m-1780843800
poly_sniper_v5_eth_5m_cloud_vwap_hurstmp_v7_vL,1780844400000000,3.707173875282264,1,0.5643564356435644,eth-updown-5m-1780844100
poly_sniper_v5_eth_5m_cloud_ribbon_mp_hurst_v6,1780844700000000,0.6398181818181817,1,0.88,eth-updown-5m-1780844400
poly_sniper_v5_eth_5m_cloud_ribbon_mp_hurst_v6_vL,1780844700000000,0.6398181818181817,1,0.88,eth-updown-5m-1780844400
poly_fast_taker_lagv2_eth_5m,1780845000000000,-12.152777777777777,0,0.72,eth-updown-5m-1780844700
poly_sniper_v5_eth_5m_ema50_hurst_parent15mrang_v7_vL,1780845000000000,-5.0,0,0.82,eth-updown-5m-1780844700
poly_sniper_v5_eth_5m_l_ema50_hurst_grandparent_v8,1780845000000000,-5.0,0,0.82,eth-updown-5m-1780844700
poly_sniper_v5_eth_5m_ema50_hurst_parent15mrang_v7,1780845000000000,-5.0,0,0.82,eth-updown-5m-1780844700
poly_sniper_v5_eth_5m_l_ema50_hurst_grandparent_V10,1780845000000000,-5.0,0,0.82,eth-updown-5m-1780844700
poly_fast_taker_lagv2_eth_5m,1780845300000000,-15.384615384615385,0,0.65,eth-updown-5m-1780845000
poly_sniper_v5_eth_5m_cloud_mp_sms_active_off120,1780845300000000,3.621429824561404,1,0.57,eth-updown-5m-1780845000
poly_sniper_v5_eth_5m_tr200_mp_mpnx_sms_off120,1780845300000000,3.621429824561404,1,0.57,eth-updown-5m-1780845000
poly_sniper_v5_eth_5m_ema50_hurst_parent15mrang_v7_vL,1780845300000000,-5.0,0,0.66,eth-updown-5m-1780845000
poly_sniper_v5_eth_5m_v5repl_off120_v6,1780845300000000,3.621429824561404,1,0.57,eth-updown-5m-1780845000
poly_sniper_v5_eth_5m_tr200_mp_sms_active_off120,1780845300000000,3.621429824561404,1,0.57,eth-updown-5m-1780845000
poly_fast_taker_b2_nomerge_eth_5m,1780845300000000,-2.0,0,0.67,eth-updown-5m-1780845000
poly_sniper_v5_eth_5m_ema50_hurst_parent15mrang_v7,1780845600000000,-5.0,0,0.7,eth-updown-5m-1780845300
poly_sniper_v5_eth_5m_ema50_hurst_parent15mrang_v7_vL,1780845600000000,-5.0,0,0.7,eth-updown-5m-1780845300
poly_fast_taker_lagv2_eth_5m,1780845900000000,-8.484558823529412,0,0.6706114398422092,eth-updown-5m-1780845600
poly_sniper_v5_eth_5m_ema50_hurst_parent15mrang_v7_vL,1780846500000000,1.4130064935064934,1,0.77,eth-updown-5m-1780846200
poly_sniper_v5_eth_5m_ema50_hurst_parent15mrang_v7,1780846500000000,1.4130064935064934,1,0.77,eth-updown-5m-1780846200
poly_fast_taker_lagv2_eth_5m,1780846800000000,-12.5,0,0.72,eth-updown-5m-1780846500
poly_sniper_v5_eth_5m_bb_mp_hurst_band_V10,1780846800000000,-5.0,0,0.42,eth-updown-5m-1780846500
poly_sniper_v5_eth_5m_ema50_hurst_parent15mrang_v7_vL,1780846800000000,-5.0,0,0.42,eth-updown-5m-1780846500
poly_sniper_v5_eth_5m_bb_mp_hurst_band_v6_vL,1780846800000000,-5.0,0,0.42,eth-updown-5m-1780846500
poly_sniper_v5_eth_5m_l_ema50_hurst_grandparent_v8,1780846800000000,-5.0,0,0.42,eth-updown-5m-1780846500
poly_sniper_v5_eth_5m_cloud_vwap_hurstmp_v7,1780846800000000,-5.0,0,0.42,eth-updown-5m-1780846500
poly_sniper_v5_eth_5m_l_ema50_hurst_grandparent_V10,1780846800000000,-5.0,0,0.42,eth-updown-5m-1780846500
poly_sniper_v5_eth_5m_bb_mp_hurst_band_v6,1780846800000000,-5.0,0,0.42,eth-updown-5m-1780846500
poly_sniper_v5_eth_5m_ema50_hurst_parent15mrang_v7,1780846800000000,-5.0,0,0.42,eth-updown-5m-1780846500
poly_sniper_v5_eth_5m_cloud_vwap_hurstmp_v7_vL,1780846800000000,-5.0,0,0.42,eth-updown-5m-1780846500
poly_sniper_v5_eth_5m_v5repl_off120_v6,1780847400000000,1.0104836010709515,1,0.8234126984126983,eth-updown-5m-1780847100
poly_sniper_v5_eth_5m_tr200_mp_sms_active_off120,1780847400000000,1.0104836010709515,1,0.8234126984126983,eth-updown-5m-1780847100
poly_sniper_v5_eth_5m_ema200_vwap_regimerang_xa3_v7,1780847700000000,5.025581632653061,1,0.49,eth-updown-5m-1780847400
poly_fast_taker_lagv2_eth_5m,1780848000000000,-18.0327868852459,0,0.61,eth-updown-5m-1780847700
shadow_oracle_settle_eth_5m,1780848300000000,0.2981489361702125,1,0.9400000000000001,eth-updown-5m-1780848000
poly_fast_taker_b2_nomerge_eth_5m,1780848300000000,-2.0,0,0.64,eth-updown-5m-1780848000
poly_sniper_v5_eth_5m_ema200_vwap_regimerang_xa3_v7,1780848600000000,2.0378571428571433,1,0.7,eth-updown-5m-1780848300
poly_fast_taker_lagv2_eth_5m,1780848900000000,-8.088235294117649,0,0.68,eth-updown-5m-1780848600
poly_fast_taker_lagv2_eth_5m,1780849200000000,-6.176206451612904,0,0.6109289272876333,eth-updown-5m-1780848900
poly_fast_taker_b2_nomerge_eth_5m,1780849200000000,-2.0,0,0.58,eth-updown-5m-1780848900
poly_fast_taker_lagv2_eth_5m,1780849500000000,-9.230769230769232,0,0.65,eth-updown-5m-1780849200
poly_sniper_v5_eth_5m_ema50_hurst_parent15mrang_v7_vL,1780850100000000,4.632421568627452,1,0.51,eth-updown-5m-1780849800
poly_sniper_v5_eth_5m_bb_mp_hurst_band_v6_vL,1780850100000000,4.632421568627452,1,0.51,eth-updown-5m-1780849800
poly_sniper_v5_eth_5m_cloud_vwap_hurstmp_v7_vL,1780850100000000,4.632421568627452,1,0.51,eth-updown-5m-1780849800
poly_sniper_v5_eth_5m_ema50_hurst_parent15mrang_v7,1780850100000000,4.632421568627452,1,0.51,eth-updown-5m-1780849800
poly_sniper_v5_eth_5m_bb_mp_hurst_band_V10,1780850100000000,4.632421568627452,1,0.51,eth-updown-5m-1780849800
poly_sniper_v5_eth_5m_cloud_vwap_hurstmp_v7,1780850100000000,4.632421568627452,1,0.51,eth-updown-5m-1780849800
poly_sniper_v5_eth_5m_bb_mp_hurst_band_v6,1780850100000000,4.632421568627452,1,0.51,eth-updown-5m-1780849800
poly_fast_taker_lagv2_eth_5m,1780850700000000,-15.833333333333336,0,0.6,eth-updown-5m-1780850400
poly_sniper_v5_eth_5m_l_ema50_hurst_grandparent_v8,1780850400000000,3.7745714285714276,1,0.56,eth-updown-5m-1780850100
poly_sniper_v5_eth_5m_ema50_hurst_parent15mrang_v7_vL,1780850400000000,3.7745714285714276,1,0.56,eth-updown-5m-1780850100
poly_sniper_v5_eth_5m_ema50_hurst_parent15mrang_v7,1780850400000000,3.7745714285714276,1,0.56,eth-updown-5m-1780850100
poly_sniper_v5_eth_5m_l_ema50_hurst_grandparent_V10,1780850400000000,3.7745714285714276,1,0.56,eth-updown-5m-1780850100
poly_sniper_v5_eth_5m_ema200_vwap_regimerang_xa3_v7,1780850700000000,2.2409411764705878,1,0.68,eth-updown-5m-1780850400
poly_sniper_v5_eth_5m_ema50_hurst_parent15mrang_v7_vL,1780851300000000,3.473689655172415,1,0.58,eth-updown-5m-1780851000
poly_sniper_v5_eth_5m_ema50_hurst_parent15mrang_v7,1780851300000000,3.473689655172415,1,0.58,eth-updown-5m-1780851000
poly_sniper_v5_eth_5m_cloud_vwap_hurstmp_v7_vL,1780851300000000,-5.0,0,0.43000000000000005,eth-updown-5m-1780851000
poly_sniper_v5_eth_5m_cloud_vwap_hurstmp_v7,1780851300000000,-5.0,0,0.43000000000000005,eth-updown-5m-1780851000
poly_sniper_v5_eth_5m_ema50_hurst_parent15mrang_v7,1780851600000000,-5.0,0,0.22243713733075438,eth-updown-5m-1780851300
poly_sniper_v5_eth_5m_ema50_hurst_parent15mrang_v7_vL,1780851600000000,-5.0,0,0.22243713733075438,eth-updown-5m-1780851300
poly_fast_taker_lagv2_eth_5m,1780851900000000,-13.813081355932201,0,0.5810357799863702,eth-updown-5m-1780851600
poly_sniper_v5_eth_5m_cloud_vwap_hurstmp_v7,1780851900000000,5.025581632653061,1,0.49,eth-updown-5m-1780851600
poly_sniper_v5_eth_5m_bb_mp_hurst_band_v6_vL,1780851900000000,5.025581632653061,1,0.49,eth-updown-5m-1780851600
poly_sniper_v5_eth_5m_ema50_hurst_parent15mrang_v7,1780851900000000,5.025581632653061,1,0.49,eth-updown-5m-1780851600
poly_sniper_v5_eth_5m_ema50_hurst_parent15mrang_v7_vL,1780851900000000,5.025581632653061,1,0.49,eth-updown-5m-1780851600
poly_sniper_v5_eth_5m_cloud_vwap_hurstmp_v7_vL,1780851900000000,5.025581632653061,1,0.49,eth-updown-5m-1780851600
poly_sniper_v5_eth_5m_bb_mp_hurst_band_v6,1780851900000000,5.025581632653061,1,0.49,eth-updown-5m-1780851600
poly_sniper_v5_eth_5m_ema200_vwap_regimerang_xa3_v7,1780851900000000,3.3310762711864412,1,0.59,eth-updown-5m-1780851600
poly_sniper_v5_eth_5m_bb_mp_hurst_band_V10,1780851900000000,5.025581632653061,1,0.49,eth-updown-5m-1780851600
poly_sniper_v5_eth_5m_bb_mp_hurst_band_v6_vL,1780852200000000,-5.0,0,0.67,eth-updown-5m-1780851900
poly_sniper_v5_eth_5m_ema50_hurst_parent15mrang_v7,1780852200000000,-5.0,0,0.67,eth-updown-5m-1780851900
poly_sniper_v5_eth_5m_v6c3_parent15mrang_v7,1780852200000000,-5.0,0,0.67,eth-updown-5m-1780851900
poly_sniper_v5_eth_5m_v6c3_parent15mrang_v7_vL,1780852200000000,-5.0,0,0.67,eth-updown-5m-1780851900
poly_sniper_v5_eth_5m_cloud_vwap_hurstmp_v7,1780852200000000,-5.0,0,0.67,eth-updown-5m-1780851900
poly_sniper_v5_eth_5m_ema50_hurst_parent15mrang_v7_vL,1780852200000000,-5.0,0,0.67,eth-updown-5m-1780851900
poly_sniper_v5_eth_5m_bb_mp_hurst_band_v6,1780852200000000,-5.0,0,0.67,eth-updown-5m-1780851900
poly_sniper_v5_eth_5m_cloud_ribbon_mp_hurst_v6,1780852200000000,-5.0,0,0.67,eth-updown-5m-1780851900
poly_sniper_v5_eth_5m_cloud_vwap_hurstmp_v7_vL,1780852200000000,-5.0,0,0.67,eth-updown-5m-1780851900
poly_sniper_v5_eth_5m_cloud_ribbon_mp_hurst_v6_vL,1780852200000000,-5.0,0,0.67,eth-updown-5m-1780851900
poly_fast_taker_lagv2_eth_5m,1780852500000000,-4.291226086956518,0,0.69,eth-updown-5m-1780852200
poly_fast_taker_lagv2_eth_5m,1780852800000000,-12.500000000000002,0,0.6,eth-updown-5m-1780852500
poly_sniper_v5_eth_5m_tr200_mp_sms_active_off120,1780852500000000,-5.0,0,0.81,eth-updown-5m-1780852200
poly_sniper_v5_eth_5m_v5repl_off120_v6,1780852500000000,-5.0,0,0.81,eth-updown-5m-1780852200
poly_fast_taker_b2_nomerge_eth_5m,1780852500000000,-2.0,0,0.7,eth-updown-5m-1780852200
poly_sniper_v5_eth_5m_ema200_vwap_regimerang_xa3_v7,1780852800000000,3.3310762711864412,1,0.59,eth-updown-5m-1780852500
poly_fast_taker_b2_nomerge_eth_5m,1780852800000000,1.3066666666666669,1,0.6,eth-updown-5m-1780852500
poly_fast_taker_lagv2_eth_5m,1780853100000000,-23.436363636363637,0,0.55,eth-updown-5m-1780852800
poly_fast_taker_b2_nomerge_eth_5m,1780853100000000,-2.0,0,0.53,eth-updown-5m-1780852800
poly_sniper_v5_eth_5m_ema200_vwap_regimerang_xa3_v7,1780853400000000,-5.0,0,0.45999999999999996,eth-updown-5m-1780853100
poly_sniper_v5_eth_5m_tr200_mp_sms_active_off120,1780854000000000,4.962583826429981,1,0.49309664694280075,eth-updown-5m-1780853700
poly_sniper_v5_eth_5m_v5repl_off120_v6,1780854000000000,4.962583826429981,1,0.49309664694280075,eth-updown-5m-1780853700
poly_sniper_v5_eth_5m_cloud_mp_sms_active_off120,1780854000000000,4.962583826429981,1,0.49309664694280075,eth-updown-5m-1780853700
poly_fast_taker_b2_nomerge_eth_5m,1780854000000000,-2.0,0,0.71,eth-updown-5m-1780853700
poly_sniper_v5_eth_5m_ema200_vwap_regimerang_xa3_v7,1780854300000000,2.456757575757575,1,0.66,eth-updown-5m-1780854000
poly_fast_taker_lagv2_eth_5m,1780854600000000,16.655381355932207,1,0.59,eth-updown-5m-1780854300
poly_fast_taker_lagv2_eth_5m,1780854900000000,11.20470588235294,1,0.68,eth-updown-5m-1780854600
poly_sniper_v5_eth_5m_ema200_vwap_regimerang_xa3_v7,1780856100000000,2.1378768115942033,1,0.69,eth-updown-5m-1780855800
poly_fast_taker_b2_nomerge_eth_5m,1780856700000000,1.201290322580645,1,0.62,eth-updown-5m-1780856400
poly_sniper_v5_eth_5m_ema200_vwap_regimerang_xa3_v7,1780857300000000,2.8070079365079366,1,0.63,eth-updown-5m-1780857000
poly_sniper_v5_eth_5m_ema200_vwap_regimerang_xa3_v7,1780857600000000,-5.0,0,0.51,eth-updown-5m-1780857300
poly_sniper_v5_eth_5m_ema200_vwap_regimerang_xa3_v7,1780857900000000,1.33325641025641,1,0.78,eth-updown-5m-1780857600
poly_fast_taker_b2_nomerge_eth_5m,1780858500000000,-2.0,0,0.65,eth-updown-5m-1780858200
poly_fast_taker_b2_nomerge_eth_5m,1780859400000000,1.201290322580645,1,0.62,eth-updown-5m-1780859100
poly_fast_taker_b2_nomerge_eth_5m,1780860000000000,1.1025,1,0.64,eth-updown-5m-1780859700
poly_sniper_v5_eth_5m_tr200_mp_sms_active_off120,1780860300000000,1.3445498846225505,1,0.7785674359179111,eth-updown-5m-1780860000
poly_sniper_v5_eth_5m_v5repl_off120_v6,1780860300000000,1.3445498846225505,1,0.7785674359179111,eth-updown-5m-1780860000
poly_fast_taker_b2_nomerge_eth_5m,1780860300000000,1.2531147540983607,1,0.61,eth-updown-5m-1780860000
poly_sniper_v5_eth_5m_v6c3_parent15mrang_v7_vL,1780860600000000,0.7649534883720924,1,0.8600000000000001,eth-updown-5m-1780860300
poly_sniper_v5_eth_5m_ema50_hurst_parent15mrang_v7_vL,1780860600000000,0.7649534883720924,1,0.8600000000000001,eth-updown-5m-1780860300
poly_sniper_v5_eth_5m_cloud_ribbon_mp_hurst_v6_vL,1780860600000000,0.7649534883720924,1,0.8600000000000001,eth-updown-5m-1780860300
poly_sniper_v5_eth_5m_cloud_vwap_hurstmp_v7,1780860900000000,4.098259259259258,1,0.54,eth-updown-5m-1780860600
poly_sniper_v5_eth_5m_bb_mp_hurst_band_v6_vL,1780860900000000,4.098259259259258,1,0.54,eth-updown-5m-1780860600
poly_sniper_v5_eth_5m_ema50_hurst_parent15mrang_v7_vL,1780860900000000,4.098259259259258,1,0.54,eth-updown-5m-1780860600
poly_sniper_v5_eth_5m_bb_mp_hurst_band_V10,1780860900000000,4.098259259259258,1,0.54,eth-updown-5m-1780860600
poly_sniper_v5_eth_5m_cloud_vwap_hurstmp_v7_vL,1780860900000000,4.098259259259258,1,0.54,eth-updown-5m-1780860600
poly_sniper_v5_eth_5m_bb_mp_hurst_band_v6,1780860900000000,4.098259259259258,1,0.54,eth-updown-5m-1780860600
poly_sniper_v5_eth_5m_ema50_hurst_parent15mrang_v7,1780860900000000,4.098259259259258,1,0.54,eth-updown-5m-1780860600
poly_sniper_v5_eth_5m_ema50_hurst_parent15mrang_v7,1780861200000000,-5.0,0,0.5315379163713678,eth-updown-5m-1780860900
poly_sniper_v5_eth_5m_ema50_hurst_parent15mrang_v7_vL,1780861200000000,-5.0,0,0.5315379163713678,eth-updown-5m-1780860900
poly_sniper_v5_eth_5m_cloud_ribbon_mp_hurst_v6,1780861500000000,-5.0,0,0.63,eth-updown-5m-1780861200
poly_sniper_v5_eth_5m_l_ema50_hurst_grandparent_v8,1780861500000000,-5.0,0,0.63,eth-updown-5m-1780861200
poly_sniper_v5_eth_5m_cloud_vwap_hurstmp_v7,1780861500000000,-5.0,0,0.63,eth-updown-5m-1780861200
poly_sniper_v5_eth_5m_ema50_hurst_parent15mrang_v7_vL,1780861500000000,-5.0,0,0.63,eth-updown-5m-1780861200
poly_sniper_v5_eth_5m_bb_mp_hurst_band_v6_vL,1780861500000000,-5.0,0,0.63,eth-updown-5m-1780861200
poly_sniper_v5_eth_5m_l_ema50_hurst_grandparent_V10,1780861500000000,-5.0,0,0.63,eth-updown-5m-1780861200
poly_sniper_v5_eth_5m_cloud_ribbon_mp_hurst_v6_vL,1780861500000000,-5.0,0,0.63,eth-updown-5m-1780861200
poly_sniper_v5_eth_5m_v6c3_parent15mrang_v7,1780861500000000,-5.0,0,0.63,eth-updown-5m-1780861200
poly_sniper_v5_eth_5m_v6c3_parent15mrang_v7_vL,1780861500000000,-5.0,0,0.63,eth-updown-5m-1780861200
poly_sniper_v5_eth_5m_bb_mp_hurst_band_v6,1780861500000000,-5.0,0,0.63,eth-updown-5m-1780861200
poly_sniper_v5_eth_5m_ema50_hurst_parent15mrang_v7,1780861500000000,-5.0,0,0.63,eth-updown-5m-1780861200
poly_sniper_v5_eth_5m_cloud_vwap_hurstmp_v7_vL,1780861500000000,-5.0,0,0.63,eth-updown-5m-1780861200
poly_sniper_v5_eth_5m_ema50_hurst_parent15mrang_v7,1780862100000000,0.8963809523809526,1,0.84,eth-updown-5m-1780861800
poly_sniper_v5_eth_5m_ema50_hurst_parent15mrang_v7_vL,1780862100000000,0.8963809523809526,1,0.84,eth-updown-5m-1780861800
poly_sniper_v5_eth_5m_cloud_ribbon_mp_hurst_v6_vL,1780862100000000,0.8963809523809526,1,0.84,eth-updown-5m-1780861800
poly_sniper_v5_eth_5m_cloud_ribbon_mp_hurst_v6,1780862100000000,0.8963809523809526,1,0.84,eth-updown-5m-1780861800
poly_sniper_v5_eth_5m_v6c3_parent15mrang_v7_vL,1780862100000000,0.8963809523809526,1,0.84,eth-updown-5m-1780861800
poly_sniper_v5_eth_5m_v6c3_parent15mrang_v7,1780862100000000,0.8963809523809526,1,0.84,eth-updown-5m-1780861800
poly_sniper_v5_eth_5m_l_ema50_hurst_grandparent_V10,1780862400000000,-5.0,0,0.55,eth-updown-5m-1780862100
poly_sniper_v5_eth_5m_cloud_vwap_hurstmp_v7,1780862400000000,-5.0,0,0.55,eth-updown-5m-1780862100
poly_sniper_v5_eth_5m_bb_mp_hurst_band_v6_vL,1780862400000000,-5.0,0,0.55,eth-updown-5m-1780862100
poly_sniper_v5_eth_5m_v6c3_parent15mrang_v7_vL,1780862400000000,-5.0,0,0.55,eth-updown-5m-1780862100
poly_sniper_v5_eth_5m_bb_mp_hurst_band_v6,1780862400000000,-5.0,0,0.55,eth-updown-5m-1780862100
poly_sniper_v5_eth_5m_cloud_ribbon_mp_hurst_v6_vL,1780862400000000,-5.0,0,0.55,eth-updown-5m-1780862100
poly_sniper_v5_eth_5m_l_ema50_hurst_grandparent_v8,1780862400000000,-5.0,0,0.55,eth-updown-5m-1780862100
poly_sniper_v5_eth_5m_cloud_vwap_hurstmp_v7_vL,1780862400000000,-5.0,0,0.55,eth-updown-5m-1780862100
poly_sniper_v5_eth_5m_bb_mp_hurst_band_V10,1780862400000000,-5.0,0,0.55,eth-updown-5m-1780862100
poly_sniper_v5_eth_5m_cloud_ribbon_mp_hurst_v6,1780862400000000,-5.0,0,0.55,eth-updown-5m-1780862100
poly_sniper_v5_eth_5m_ema50_hurst_parent15mrang_v7,1780862400000000,-5.0,0,0.55,eth-updown-5m-1780862100
poly_sniper_v5_eth_5m_v6c3_parent15mrang_v7,1780862400000000,-5.0,0,0.55,eth-updown-5m-1780862100
poly_sniper_v5_eth_5m_ema50_hurst_parent15mrang_v7_vL,1780862400000000,-5.0,0,0.55,eth-updown-5m-1780862100
poly_sniper_v5_eth_5m_up_a2_hlcascade25k_v9,1780863300000000,1.8464444444444446,1,0.72,eth-updown-5m-1780863000
poly_sniper_v5_eth_5m_ema50_hurst_parent15mrang_v7_vL,1780863300000000,1.2556139240506328,1,0.79,eth-updown-5m-1780863000
poly_sniper_v5_eth_5m_bb_mp_hurst_band_v6_vL,1780863300000000,1.2556139240506328,1,0.79,eth-updown-5m-1780863000
poly_sniper_v5_eth_5m_ema50_hurst_parent15mrang_v7,1780863300000000,1.2556139240506328,1,0.79,eth-updown-5m-1780863000
poly_sniper_v5_eth_5m_a2_hlcascade50k_v9,1780863300000000,1.8464444444444446,1,0.72,eth-updown-5m-1780863000
poly_sniper_v5_eth_5m_a2_hlcascade50k_v9,1780863300000000,-5.0,0,0.29,eth-updown-5m-1780863000
poly_sniper_v5_eth_5m_bb_mp_hurst_band_v6,1780863300000000,1.2556139240506328,1,0.79,eth-updown-5m-1780863000
poly_fast_taker_b2_nomerge_eth_5m,1780863300000000,1.2531147540983607,1,0.61,eth-updown-5m-1780863000
poly_sniper_v5_eth_5m_ema50_hurst_parent15mrang_v7,1780863600000000,-5.0,0,0.77,eth-updown-5m-1780863300
poly_sniper_v5_eth_5m_l_ema50_hurst_grandparent_V10,1780863600000000,-5.0,0,0.77,eth-updown-5m-1780863300
poly_sniper_v5_eth_5m_l_ema50_hurst_grandparent_v8,1780863600000000,-5.0,0,0.77,eth-updown-5m-1780863300
poly_sniper_v5_eth_5m_ema50_hurst_parent15mrang_v7_vL,1780863600000000,-5.0,0,0.77,eth-updown-5m-1780863300
poly_fast_taker_b2_nomerge_eth_5m,1780863900000000,1.3066666666666669,1,0.6,eth-updown-5m-1780863600
poly_sniper_v5_eth_5m_l_ema50_hurst_grandparent_v8,1780864200000000,2.1378768115942033,1,0.69,eth-updown-5m-1780863900
poly_sniper_v5_eth_5m_up_a2_hlcascade25k_v9,1780864200000000,-5.0,0,0.39,eth-updown-5m-1780863900
poly_sniper_v5_eth_5m_a2_hlcascade50k_v9,1780864200000000,2.931516129032258,1,0.62,eth-updown-5m-1780863900
poly_sniper_v5_eth_5m_a2_hlcascade50k_v9,1780864200000000,-5.0,0,0.39,eth-updown-5m-1780863900
poly_sniper_v5_eth_5m_l_ema50_hurst_grandparent_V10,1780864200000000,2.1378768115942033,1,0.69,eth-updown-5m-1780863900
poly_sniper_v5_eth_5m_cloud_ribbon_mp_hurst_v6_vL,1780864500000000,-5.0,0,0.51,eth-updown-5m-1780864200
poly_sniper_v5_eth_5m_l_ema50_hurst_grandparent_v8,1780864500000000,-5.0,0,0.51,eth-updown-5m-1780864200
poly_sniper_v5_eth_5m_bb_mp_hurst_band_v6,1780864500000000,-5.0,0,0.51,eth-updown-5m-1780864200
poly_sniper_v5_eth_5m_cloud_ribbon_mp_hurst_v6,1780864500000000,-5.0,0,0.51,eth-updown-5m-1780864200
poly_sniper_v5_eth_5m_bb_mp_hurst_band_V10,1780864500000000,-5.0,0,0.51,eth-updown-5m-1780864200
poly_sniper_v5_eth_5m_l_ema50_hurst_grandparent_V10,1780864500000000,-5.0,0,0.51,eth-updown-5m-1780864200
poly_sniper_v5_eth_5m_cloud_vwap_hurstmp_v7_vL,1780864500000000,-5.0,0,0.51,eth-updown-5m-1780864200
poly_sniper_v5_eth_5m_bb_mp_hurst_band_v6_vL,1780864500000000,-5.0,0,0.51,eth-updown-5m-1780864200
poly_sniper_v5_eth_5m_cloud_vwap_hurstmp_v7,1780864500000000,-5.0,0,0.51,eth-updown-5m-1780864200
poly_sniper_v5_eth_5m_bb_mp_hurst_band_v6_vL,1780864800000000,3.93340909090909,1,0.55,eth-updown-5m-1780864500
poly_sniper_v5_eth_5m_l_ema50_hurst_grandparent_v8,1780864800000000,3.93340909090909,1,0.55,eth-updown-5m-1780864500
poly_sniper_v5_eth_5m_bb_mp_hurst_band_v6,1780864800000000,3.93340909090909,1,0.55,eth-updown-5m-1780864500
poly_sniper_v5_eth_5m_cloud_vwap_hurstmp_v7,1780864800000000,3.93340909090909,1,0.55,eth-updown-5m-1780864500
poly_sniper_v5_eth_5m_l_ema50_hurst_grandparent_V10,1780864800000000,3.93340909090909,1,0.55,eth-updown-5m-1780864500
poly_sniper_v5_eth_5m_cloud_vwap_hurstmp_v7_vL,1780864800000000,3.93340909090909,1,0.55,eth-updown-5m-1780864500
poly_sniper_v5_eth_5m_l_ema50_hurst_grandparent_V10,1780865100000000,-5.0,0,0.7,eth-updown-5m-1780864800
poly_sniper_v5_eth_5m_l_ema50_hurst_grandparent_v8,1780865100000000,-5.0,0,0.7,eth-updown-5m-1780864800
poly_sniper_v5_eth_5m_cloud_vwap_hurstmp_v7,1780865400000000,1.940753521126761,1,0.71,eth-updown-5m-1780865100
poly_sniper_v5_eth_5m_cloud_ribbon_mp_hurst_v6_vL,1780865400000000,1.940753521126761,1,0.71,eth-updown-5m-1780865100
poly_sniper_v5_eth_5m_bb_mp_hurst_band_v6,1780865400000000,1.940753521126761,1,0.71,eth-updown-5m-1780865100
poly_sniper_v5_eth_5m_bb_mp_hurst_band_v6_vL,1780865400000000,1.940753521126761,1,0.71,eth-updown-5m-1780865100
poly_sniper_v5_eth_5m_cloud_ribbon_mp_hurst_v6,1780865400000000,1.940753521126761,1,0.71,eth-updown-5m-1780865100
poly_sniper_v5_eth_5m_cloud_vwap_hurstmp_v7_vL,1780865400000000,1.940753521126761,1,0.71,eth-updown-5m-1780865100
poly_sniper_v5_eth_5m_bb_mp_hurst_band_v6,1780865700000000,1.4949473684210524,1,0.76,eth-updown-5m-1780865400
poly_sniper_v5_eth_5m_bb_mp_hurst_band_v6_vL,1780865700000000,1.4949473684210524,1,0.76,eth-updown-5m-1780865400
poly_sniper_v5_eth_5m_ema50_hurst_parent15mrang_v7_vL,1780865700000000,1.4949473684210524,1,0.76,eth-updown-5m-1780865400
poly_sniper_v5_eth_5m_cloud_vwap_hurstmp_v7,1780865700000000,1.4949473684210524,1,0.76,eth-updown-5m-1780865400
poly_sniper_v5_eth_5m_ema50_hurst_parent15mrang_v7,1780865700000000,1.4949473684210524,1,0.76,eth-updown-5m-1780865400
poly_sniper_v5_eth_5m_cloud_vwap_hurstmp_v7_vL,1780865700000000,1.4949473684210524,1,0.76,eth-updown-5m-1780865400
poly_sniper_v5_eth_5m_cloud_ribbon_mp_hurst_v6_vL,1780866000000000,2.456757575757575,1,0.66,eth-updown-5m-1780865700
poly_sniper_v5_eth_5m_v6c3_parent15mrang_v7,1780866000000000,2.456757575757575,1,0.66,eth-updown-5m-1780865700
poly_sniper_v5_eth_5m_ema50_hurst_parent15mrang_v7_vL,1780866000000000,2.456757575757575,1,0.66,eth-updown-5m-1780865700
poly_sniper_v5_eth_5m_v6c3_parent15mrang_v7_vL,1780866000000000,2.456757575757575,1,0.66,eth-updown-5m-1780865700
poly_sniper_v5_eth_5m_cloud_vwap_hurstmp_v7_vL,1780866000000000,2.456757575757575,1,0.66,eth-updown-5m-1780865700
poly_sniper_v5_eth_5m_cloud_vwap_hurstmp_v7,1780866000000000,2.456757575757575,1,0.66,eth-updown-5m-1780865700
poly_sniper_v5_eth_5m_ema50_hurst_parent15mrang_v7,1780866000000000,2.456757575757575,1,0.66,eth-updown-5m-1780865700
poly_sniper_v5_eth_5m_bb_mp_hurst_band_v6_vL,1780866000000000,2.456757575757575,1,0.66,eth-updown-5m-1780865700
poly_sniper_v5_eth_5m_bb_mp_hurst_band_v6,1780866000000000,2.456757575757575,1,0.66,eth-updown-5m-1780865700
poly_sniper_v5_eth_5m_cloud_ribbon_mp_hurst_v6,1780866000000000,2.456757575757575,1,0.66,eth-updown-5m-1780865700
poly_sniper_v5_eth_5m_ema50_hurst_parent15mrang_v7_vL,1780866300000000,-5.000000000000001,0,0.54,eth-updown-5m-1780866000
poly_sniper_v5_eth_5m_ema50_hurst_parent15mrang_v7,1780866300000000,-5.000000000000001,0,0.54,eth-updown-5m-1780866000
poly_sniper_v5_eth_5m_ema50_hurst_parent15mrang_v7,1780866600000000,1.5791666666666668,1,0.75,eth-updown-5m-1780866300
poly_sniper_v5_eth_5m_l_ema50_hurst_grandparent_v8,1780866600000000,1.5791666666666668,1,0.75,eth-updown-5m-1780866300
poly_sniper_v5_eth_5m_ema50_hurst_parent15mrang_v7_vL,1780866600000000,1.5791666666666668,1,0.75,eth-updown-5m-1780866300
poly_sniper_v5_eth_5m_ema200_vwap_regimerang_xa3_v7,1780866600000000,1.2556139240506328,1,0.79,eth-updown-5m-1780866300
poly_sniper_v5_eth_5m_l_ema50_hurst_grandparent_V10,1780866600000000,1.5791666666666668,1,0.75,eth-updown-5m-1780866300
poly_sniper_v5_eth_5m_l_ema50_hurst_grandparent_V10,1780866900000000,1.0204689075393623,1,0.8219937805771782,eth-updown-5m-1780866600
poly_sniper_v5_eth_5m_v6c3_parent15mrang_v7_vL,1780866900000000,1.0204689075393623,1,0.8219937805771782,eth-updown-5m-1780866600
poly_sniper_v5_eth_5m_l_ema50_hurst_grandparent_v8,1780866900000000,1.0204689075393623,1,0.8219937805771782,eth-updown-5m-1780866600
poly_sniper_v5_eth_5m_cloud_ribbon_mp_hurst_v6,1780866900000000,1.0204689075393623,1,0.8219937805771782,eth-updown-5m-1780866600
poly_sniper_v5_eth_5m_ema50_hurst_parent15mrang_v7,1780866900000000,1.0204689075393623,1,0.8219937805771782,eth-updown-5m-1780866600
poly_sniper_v5_eth_5m_v6c3_parent15mrang_v7,1780866900000000,1.0204689075393623,1,0.8219937805771782,eth-updown-5m-1780866600
poly_sniper_v5_eth_5m_ema50_hurst_parent15mrang_v7_vL,1780866900000000,1.0204689075393623,1,0.8219937805771782,eth-updown-5m-1780866600
poly_sniper_v5_eth_5m_cloud_ribbon_mp_hurst_v6_vL,1780866900000000,1.0204689075393623,1,0.8219937805771782,eth-updown-5m-1780866600
poly_sniper_v5_eth_5m_ema200_vwap_regimerang_xa3_v7,1780867200000000,2.0378571428571433,1,0.7,eth-updown-5m-1780866900
poly_sniper_v5_eth_5m_ema200_vwap_regimerang_xa3_v7,1780867500000000,-5.0,0,0.76,eth-updown-5m-1780867200
poly_sniper_v5_eth_5m_l_ema50_hurst_grandparent_v8,1780867800000000,-5.0,0,0.57,eth-updown-5m-1780867500
poly_sniper_v5_eth_5m_l_ema50_hurst_grandparent_v8,1780868100000000,-5.0,0,0.68,eth-updown-5m-1780867800
poly_sniper_v5_eth_5m_l_ema50_hurst_grandparent_V10,1780868100000000,-5.0,0,0.68,eth-updown-5m-1780867800
poly_sniper_v5_eth_5m_bb_mp_hurst_band_v6,1780868100000000,-5.0,0,0.68,eth-updown-5m-1780867800
poly_sniper_v5_eth_5m_bb_mp_hurst_band_v6_vL,1780868100000000,-5.0,0,0.68,eth-updown-5m-1780867800
poly_sniper_v5_eth_5m_cloud_ribbon_mp_hurst_v6_vL,1780868400000000,2.1378768115942033,1,0.69,eth-updown-5m-1780868100
poly_sniper_v5_eth_5m_cloud_ribbon_mp_hurst_v6,1780868400000000,2.1378768115942033,1,0.69,eth-updown-5m-1780868100
poly_sniper_v5_eth_5m_lq_ema50_hurst_grandparent_prev15m_v8,1780868400000000,2.1378768115942033,1,0.69,eth-updown-5m-1780868100
poly_sniper_v5_eth_5m_l_ema50_hurst_grandparent_v8,1780868400000000,2.1378768115942033,1,0.69,eth-updown-5m-1780868100
poly_sniper_v5_eth_5m_lq_ema50_hurst_grandparent_prev15m_v8_vL,1780868400000000,2.1378768115942033,1,0.69,eth-updown-5m-1780868100
poly_sniper_v5_eth_5m_ema50_hurst_parent15mrang_v7,1780868400000000,2.1378768115942033,1,0.69,eth-updown-5m-1780868100
poly_sniper_v5_eth_5m_cloud_vwap_hurstmp_v7_vL,1780868400000000,2.1378768115942033,1,0.69,eth-updown-5m-1780868100
poly_sniper_v5_eth_5m_ema50_hurst_parent15mrang_v7_vL,1780868400000000,2.1378768115942033,1,0.69,eth-updown-5m-1780868100
poly_sniper_v5_eth_5m_bb_mp_hurst_band_v6,1780868400000000,2.1378768115942033,1,0.69,eth-updown-5m-1780868100
poly_sniper_v5_eth_5m_v6c3_parent15mrang_v7_vL,1780868400000000,2.1378768115942033,1,0.69,eth-updown-5m-1780868100
poly_sniper_v5_eth_5m_cloud_vwap_hurstmp_v7,1780868400000000,2.1378768115942033,1,0.69,eth-updown-5m-1780868100
poly_sniper_v5_eth_5m_v6c3_parent15mrang_v7,1780868400000000,2.1378768115942033,1,0.69,eth-updown-5m-1780868100
poly_sniper_v5_eth_5m_l_ema50_hurst_grandparent_V10,1780868400000000,2.1378768115942033,1,0.69,eth-updown-5m-1780868100
poly_sniper_v5_eth_5m_ema200_vwap_regimerang_xa3_v7,1780868400000000,-5.000000000000001,0,0.54,eth-updown-5m-1780868100
poly_sniper_v5_eth_5m_bb_mp_hurst_band_v6_vL,1780868400000000,2.1378768115942033,1,0.69,eth-updown-5m-1780868100
poly_sniper_v5_eth_5m_ema50_hurst_parent15mrang_v7_vL,1780868700000000,0.8963809523809526,1,0.84,eth-updown-5m-1780868400
poly_sniper_v5_eth_5m_ema50_hurst_parent15mrang_v7,1780868700000000,0.8963809523809526,1,0.84,eth-updown-5m-1780868400
poly_sniper_v5_eth_5m_ema50_hurst_parent15mrang_v7,1780869000000000,1.4949473684210524,1,0.76,eth-updown-5m-1780868700
poly_sniper_v5_eth_5m_l_ema50_hurst_grandparent_v8,1780869000000000,1.4949473684210524,1,0.76,eth-updown-5m-1780868700
poly_sniper_v5_eth_5m_cloud_ribbon_mp_hurst_v6_vL,1780869000000000,1.4949473684210524,1,0.76,eth-updown-5m-1780868700
poly_sniper_v5_eth_5m_v6c3_parent15mrang_v7,1780869000000000,1.4949473684210524,1,0.76,eth-updown-5m-1780868700
poly_sniper_v5_eth_5m_l_ema50_hurst_grandparent_V10,1780869000000000,1.4949473684210524,1,0.76,eth-updown-5m-1780868700
poly_sniper_v5_eth_5m_bb_mp_hurst_band_v6_vL,1780869000000000,1.4949473684210524,1,0.76,eth-updown-5m-1780868700
poly_sniper_v5_eth_5m_cloud_vwap_hurstmp_v7,1780869000000000,1.4949473684210524,1,0.76,eth-updown-5m-1780868700
poly_sniper_v5_eth_5m_v6c3_parent15mrang_v7_vL,1780869000000000,1.4949473684210524,1,0.76,eth-updown-5m-1780868700
poly_sniper_v5_eth_5m_ema50_hurst_parent15mrang_v7_vL,1780869000000000,1.4949473684210524,1,0.76,eth-updown-5m-1780868700
poly_sniper_v5_eth_5m_cloud_vwap_hurstmp_v7_vL,1780869000000000,1.4949473684210524,1,0.76,eth-updown-5m-1780868700
poly_sniper_v5_eth_5m_bb_mp_hurst_band_v6,1780869000000000,1.4949473684210524,1,0.76,eth-updown-5m-1780868700
poly_sniper_v5_eth_5m_cloud_ribbon_mp_hurst_v6,1780869000000000,1.4949473684210524,1,0.76,eth-updown-5m-1780868700
poly_sniper_v5_eth_5m_ema50_hurst_parent15mrang_v7_vL,1780869300000000,3.7745714285714276,1,0.56,eth-updown-5m-1780869000
poly_sniper_v5_eth_5m_ema50_hurst_parent15mrang_v7,1780869300000000,3.7745714285714276,1,0.56,eth-updown-5m-1780869000
poly_sniper_v5_eth_5m_ema200_vwap_regimerang_xa3_v7,1780869300000000,-5.000000000000001,0,0.5896344266554736,eth-updown-5m-1780869000
poly_sniper_v5_eth_5m_ema50_hurst_parent15mrang_v7,1780869600000000,0.8963809523809526,1,0.84,eth-updown-5m-1780869300
poly_sniper_v5_eth_5m_l_ema50_hurst_grandparent_V10,1780869600000000,0.8963809523809526,1,0.84,eth-updown-5m-1780869300
poly_sniper_v5_eth_5m_cloud_ribbon_mp_hurst_v6_vL,1780869600000000,0.8963809523809526,1,0.84,eth-updown-5m-1780869300
poly_sniper_v5_eth_5m_v6c3_parent15mrang_v7_vL,1780869600000000,0.8963809523809526,1,0.84,eth-updown-5m-1780869300
poly_sniper_v5_eth_5m_ema50_hurst_parent15mrang_v7_vL,1780869600000000,0.8963809523809526,1,0.84,eth-updown-5m-1780869300
poly_sniper_v5_eth_5m_l_ema50_hurst_grandparent_v8,1780869600000000,0.8963809523809526,1,0.84,eth-updown-5m-1780869300
poly_sniper_v5_eth_5m_v6c3_parent15mrang_v7,1780869600000000,0.8963809523809526,1,0.84,eth-updown-5m-1780869300
poly_sniper_v5_eth_5m_cloud_ribbon_mp_hurst_v6,1780869600000000,0.8963809523809526,1,0.84,eth-updown-5m-1780869300
poly_sniper_v5_eth_5m_cloud_ribbon_mp_hurst_v6,1780869900000000,3.0602213114754098,1,0.61,eth-updown-5m-1780869600
poly_sniper_v5_eth_5m_cloud_vwap_hurstmp_v7,1780869900000000,3.0602213114754098,1,0.61,eth-updown-5m-1780869600
poly_sniper_v5_eth_5m_v6c3_parent15mrang_v7_vL,1780869900000000,3.0602213114754098,1,0.61,eth-updown-5m-1780869600
poly_sniper_v5_eth_5m_ema50_hurst_parent15mrang_v7_vL,1780869900000000,3.0602213114754098,1,0.61,eth-updown-5m-1780869600
poly_sniper_v5_eth_5m_ema50_hurst_parent15mrang_v7,1780869900000000,3.0602213114754098,1,0.61,eth-updown-5m-1780869600
poly_sniper_v5_eth_5m_cloud_vwap_hurstmp_v7_vL,1780869900000000,3.0602213114754098,1,0.61,eth-updown-5m-1780869600
poly_sniper_v5_eth_5m_cloud_ribbon_mp_hurst_v6_vL,1780869900000000,3.0602213114754098,1,0.61,eth-updown-5m-1780869600
poly_sniper_v5_eth_5m_ema200_vwap_regimerang_xa3_v7,1780869900000000,1.5791666666666668,1,0.75,eth-updown-5m-1780869600
poly_sniper_v5_eth_5m_v6c3_parent15mrang_v7,1780869900000000,3.0602213114754098,1,0.61,eth-updown-5m-1780869600
poly_sniper_v5_eth_5m_bb_mp_hurst_band_v6_vL,1780869900000000,3.0602213114754098,1,0.61,eth-updown-5m-1780869600
poly_sniper_v5_eth_5m_bb_mp_hurst_band_v6,1780869900000000,3.0602213114754098,1,0.61,eth-updown-5m-1780869600
poly_sniper_v5_eth_5m_ema50_hurst_parent15mrang_v7,1780870200000000,-5.0,0,0.68,eth-updown-5m-1780869900
poly_sniper_v5_eth_5m_v6c3_parent15mrang_v7,1780870200000000,-5.0,0,0.68,eth-updown-5m-1780869900
poly_sniper_v5_eth_5m_cloud_vwap_hurstmp_v7,1780870200000000,-5.0,0,0.68,eth-updown-5m-1780869900
poly_sniper_v5_eth_5m_cloud_ribbon_mp_hurst_v6,1780870200000000,-5.0,0,0.68,eth-updown-5m-1780869900
poly_sniper_v5_eth_5m_ema50_hurst_parent15mrang_v7_vL,1780870200000000,-5.0,0,0.68,eth-updown-5m-1780869900
poly_sniper_v5_eth_5m_bb_mp_hurst_band_v6,1780870200000000,-5.0,0,0.68,eth-updown-5m-1780869900
poly_sniper_v5_eth_5m_cloud_ribbon_mp_hurst_v6_vL,1780870200000000,-5.0,0,0.68,eth-updown-5m-1780869900
poly_sniper_v5_eth_5m_v6c3_parent15mrang_v7_vL,1780870200000000,-5.0,0,0.68,eth-updown-5m-1780869900
poly_sniper_v5_eth_5m_cloud_vwap_hurstmp_v7_vL,1780870200000000,-5.0,0,0.68,eth-updown-5m-1780869900
poly_sniper_v5_eth_5m_bb_mp_hurst_band_v6_vL,1780870200000000,-5.0,0,0.68,eth-updown-5m-1780869900
poly_sniper_v5_eth_5m_a2_hlcascade50k_v9,1780870800000000,36.35866666666667,1,0.11999999999999998,eth-updown-5m-1780870500
poly_sniper_v5_eth_5m_a2_hlcascade50k_v9,1780870800000000,-5.0,0,0.8900000000000001,eth-updown-5m-1780870500
poly_sniper_v5_eth_5m_up_a2_hlcascade25k_v9,1780870800000000,-5.0,0,0.8900000000000001,eth-updown-5m-1780870500
poly_sniper_v5_eth_5m_ema50_hurst_parent15mrang_v7,1780870800000000,1.5791666666666668,1,0.75,eth-updown-5m-1780870500
poly_sniper_v5_eth_5m_ema50_hurst_parent15mrang_v7_vL,1780870800000000,1.5791666666666668,1,0.75,eth-updown-5m-1780870500
poly_sniper_v5_eth_5m_bb_mp_hurst_band_v6_vL,1780870800000000,1.5791666666666668,1,0.75,eth-updown-5m-1780870500
poly_sniper_v5_eth_5m_bb_mp_hurst_band_v6,1780870800000000,1.5791666666666668,1,0.75,eth-updown-5m-1780870500
poly_fast_taker_b2_nomerge_eth_5m,1780870800000000,-1.9999999999999998,0,0.41,eth-updown-5m-1780870500
poly_sniper_v5_eth_5m_cloud_vwap_hurstmp_v7_vL,1780870800000000,1.5791666666666668,1,0.75,eth-updown-5m-1780870500
poly_sniper_v5_eth_5m_cloud_vwap_hurstmp_v7,1780870800000000,1.5791666666666668,1,0.75,eth-updown-5m-1780870500
poly_fast_taker_b2_nomerge_eth_5m,1780871100000000,-2.0,0,0.49,eth-updown-5m-1780870800
shadow_oracle_settle_eth_5m,1780871700000000,-5.0,0,0.85,eth-updown-5m-1780871400
poly_sniper_v5_eth_5m_l_ema50_hurst_grandparent_V10,1780872000000000,1.2556139240506328,1,0.79,eth-updown-5m-1780871700
poly_sniper_v5_eth_5m_l_ema50_hurst_grandparent_v8,1780872000000000,1.2556139240506328,1,0.79,eth-updown-5m-1780871700
poly_sniper_v5_eth_5m_l_ema50_hurst_grandparent_V10,1780872300000000,1.33325641025641,1,0.78,eth-updown-5m-1780872000
poly_sniper_v5_eth_5m_l_ema50_hurst_grandparent_v8,1780872300000000,1.33325641025641,1,0.78,eth-updown-5m-1780872000
poly_fast_taker_b2_nomerge_eth_5m,1780873200000000,1.151111111111111,1,0.63,eth-updown-5m-1780872900
poly_sniper_v5_eth_5m_ema200_vwap_regimerang_xa3_v7,1780873800000000,-5.0,0,0.55,eth-updown-5m-1780873500
poly_sniper_v5_eth_5m_ema200_vwap_regimerang_xa3_v7,1780874100000000,1.4130064935064934,1,0.77,eth-updown-5m-1780873800
poly_sniper_v5_eth_5m_ema200_vwap_regimerang_xa3_v7,1780875300000000,1.766816656698508,1,0.7286738136591403,eth-updown-5m-1780875000
poly_sniper_v5_eth_5m_tr200_mp_mpnx_sms_off120,1780876500000000,2.1378768115942033,1,0.69,eth-updown-5m-1780876200
poly_sniper_v5_eth_5m_v5repl_off120_v6,1780876500000000,2.1378768115942033,1,0.69,eth-updown-5m-1780876200
poly_sniper_v5_eth_5m_tr200_mp_sms_active_off120,1780876500000000,2.1378768115942033,1,0.69,eth-updown-5m-1780876200
poly_sniper_v5_eth_5m_v5repl_off120_v6,1780877100000000,0.579477528089887,1,0.8900000000000001,eth-updown-5m-1780876800
poly_sniper_v5_eth_5m_tr200_mp_sms_active_off120,1780877100000000,0.579477528089887,1,0.8900000000000001,eth-updown-5m-1780876800
shadow_oracle_settle_eth_5m,1780878300000000,0.4067826086956525,1,0.9199999999999999,eth-updown-5m-1780878000
poly_fast_taker_lagv2_eth_5m,1780878900000000,-7.756885245901639,0,0.61,eth-updown-5m-1780878600
poly_fast_taker_lagv2_eth_5m,1780878600000000,14.657580645161291,1,0.62,eth-updown-5m-1780878300
poly_sniper_v5_eth_5m_up_a2_hlcascade25k_v9,1780878900000000,-5.0,0,0.65,eth-updown-5m-1780878600
poly_sniper_v5_eth_5m_a2_hlcascade50k_v9,1780878900000000,8.664888888888889,1,0.36,eth-updown-5m-1780878600
poly_sniper_v5_eth_5m_a2_hlcascade50k_v9,1780878900000000,-5.0,0,0.65,eth-updown-5m-1780878600
poly_fast_taker_b2_nomerge_eth_5m,1780878900000000,1.2531147540983607,1,0.61,eth-updown-5m-1780878600
poly_sniper_v5_eth_5m_up_a2_hlcascade25k_v9,1780879200000000,2.569807692307692,1,0.65,eth-updown-5m-1780878900
poly_sniper_v5_eth_5m_a2_hlcascade50k_v9,1780879500000000,3.621429824561404,1,0.57,eth-updown-5m-1780879200
poly_sniper_v5_eth_5m_a2_hlcascade50k_v9,1780879500000000,-5.0,0,0.44117647058823534,eth-updown-5m-1780879200
poly_sniper_v5_eth_5m_up_a2_hlcascade25k_v9,1780879500000000,-5.0,0,0.44117647058823534,eth-updown-5m-1780879200
poly_fast_taker_b2_nomerge_eth_5m,1780879500000000,1.0553846153846151,1,0.65,eth-updown-5m-1780879200
poly_fast_taker_lagv2_eth_5m,1780879500000000,11.20470588235294,1,0.68,eth-updown-5m-1780879200
poly_fast_taker_lagv2_eth_5m,1780879800000000,-21.929824561403507,0,0.57,eth-updown-5m-1780879500
shadow_oracle_settle_eth_5m,1780879800000000,-5.0,0,0.9,eth-updown-5m-1780879500
poly_fast_taker_lagv2_eth_5m,1780880100000000,-9.300952380952381,0,0.6210567823343849,eth-updown-5m-1780879800
poly_sniper_v5_eth_5m_up_a2_hlcascade25k_v9,1780880400000000,-5.0,0,0.36,eth-updown-5m-1780880100
shadow_oracle_settle_eth_5m,1780880700000000,0.3242064317877706,1,0.9351186804878533,eth-updown-5m-1780880400
shadow_oracle_settle_eth_5m,1780881300000000,0.4067826086956525,1,0.9199999999999999,eth-updown-5m-1780881000
poly_fast_taker_b2_nomerge_eth_5m,1780881600000000,0.8005633802816903,1,0.71,eth-updown-5m-1780881300
poly_sniper_v5_eth_5m_tr200_mp_sms_active_off120,1780881900000000,-5.0,0,0.51,eth-updown-5m-1780881600
poly_sniper_v5_eth_5m_cloud_mp_sms_active_off120,1780881900000000,-5.0,0,0.51,eth-updown-5m-1780881600
poly_sniper_v5_eth_5m_v5repl_off120_v6,1780881900000000,-5.0,0,0.51,eth-updown-5m-1780881600
shadow_oracle_settle_eth_5m,1780882500000000,0.2981489361702125,1,0.9400000000000001,eth-updown-5m-1780882200
poly_fast_taker_lagv2_eth_5m,1780883100000000,-7.959455172413788,0,0.58,eth-updown-5m-1780882800
poly_sniper_v5_eth_5m_ema200_vwap_regimerang_xa3_v7,1780883700000000,-5.0,0,0.55,eth-updown-5m-1780883400
shadow_oracle_settle_eth_5m,1780884000000000,0.579477528089887,1,0.8900000000000001,eth-updown-5m-1780883700
poly_fast_taker_lagv2_eth_5m,1780884300000000,-11.200000000000001,0,0.6,eth-updown-5m-1780884000
poly_sniper_v5_eth_5m_a2_hlcascade50k_v9,1780884300000000,9.058214285714287,1,0.35,eth-updown-5m-1780884000
poly_sniper_v5_eth_5m_up_a2_hlcascade25k_v9,1780884300000000,-5.0,0,0.66,eth-updown-5m-1780884000
poly_sniper_v5_eth_5m_a2_hlcascade50k_v9,1780884300000000,-5.0,0,0.66,eth-updown-5m-1780884000
poly_fast_taker_lagv2_eth_5m,1780884600000000,-8.870967741935482,0,0.62,eth-updown-5m-1780884300
poly_fast_taker_lagv2_eth_5m,1780885800000000,-22.807017543859647,0,0.57,eth-updown-5m-1780885500
poly_sniper_v5_eth_5m_ema200_vwap_regimerang_xa3_v7,1780886100000000,1.4130064935064934,1,0.77,eth-updown-5m-1780885800
poly_sniper_v5_eth_5m_v5repl_off120_v6,1780886100000000,2.0378571428571433,1,0.7,eth-updown-5m-1780885800
poly_sniper_v5_eth_5m_tr200_mp_sms_active_off120,1780886100000000,2.0378571428571433,1,0.7,eth-updown-5m-1780885800
poly_fast_taker_lagv2_eth_5m,1780886400000000,-15.357142857142856,0,0.7,eth-updown-5m-1780886100
poly_sniper_v5_eth_5m_ema200_vwap_regimerang_xa3_v7,1780886400000000,-5.0,0,0.63,eth-updown-5m-1780886100
shadow_oracle_settle_eth_5m,1780886400000000,0.4067826086956525,1,0.9199999999999999,eth-updown-5m-1780886100
poly_fast_taker_b2_nomerge_eth_5m,1780886700000000,-2.0,0,0.69,eth-updown-5m-1780886400
poly_sniper_v5_eth_5m_ema200_vwap_regimerang_xa3_v7,1780886700000000,-5.0,0,0.62,eth-updown-5m-1780886400
poly_fast_taker_lagv2_eth_5m,1780887000000000,14.035039682539683,1,0.63,eth-updown-5m-1780886700
poly_sniper_v5_eth_5m_ema200_vwap_regimerang_xa3_v7,1780887600000000,-5.0,0,0.58,eth-updown-5m-1780887300
poly_sniper_v5_eth_5m_ema200_vwap_regimerang_xa3_v7,1780888200000000,-5.0,0,0.74,eth-updown-5m-1780887900
poly_sniper_v5_eth_5m_ema200_vwap_regimerang_xa3_v7,1780888800000000,3.193333333333334,1,0.6,eth-updown-5m-1780888500
poly_sniper_v5_eth_5m_tr200_mp_sms_active_off120,1780888800000000,3.7745714285714276,1,0.56,eth-updown-5m-1780888500
poly_sniper_v5_eth_5m_v5repl_off120_v6,1780888800000000,3.7745714285714276,1,0.56,eth-updown-5m-1780888500
poly_fast_taker_lagv2_eth_5m,1780889100000000,-3.2258064516129012,0,0.62,eth-updown-5m-1780888800
poly_sniper_v5_eth_5m_ema50_hurst_parent15mrang_v7_vL,1780889100000000,-5.0,0,0.71,eth-updown-5m-1780888800
poly_sniper_v5_eth_5m_cloud_vwap_hurstmp_v7,1780889100000000,-5.0,0,0.71,eth-updown-5m-1780888800
poly_sniper_v5_eth_5m_v6c3_parent15mrang_v7_vL,1780889100000000,-5.0,0,0.71,eth-updown-5m-1780888800
poly_sniper_v5_eth_5m_cloud_ribbon_mp_hurst_v6_vL,1780889100000000,-5.0,0,0.71,eth-updown-5m-1780888800
poly_sniper_v5_eth_5m_l_ema50_hurst_grandparent_v8,1780889100000000,-5.0,0,0.71,eth-updown-5m-1780888800
poly_sniper_v5_eth_5m_bb_mp_hurst_band_v6_vL,1780889100000000,-5.0,0,0.71,eth-updown-5m-1780888800
poly_sniper_v5_eth_5m_cloud_vwap_hurstmp_v7_vL,1780889100000000,-5.0,0,0.71,eth-updown-5m-1780888800
poly_sniper_v5_eth_5m_cloud_ribbon_mp_hurst_v6,1780889100000000,-5.0,0,0.71,eth-updown-5m-1780888800
poly_fast_taker_b2_nomerge_eth_5m,1780889100000000,0.9223529411764704,1,0.68,eth-updown-5m-1780888800
poly_sniper_v5_eth_5m_ema200_vwap_regimerang_xa3_v7,1780889100000000,-5.0,0,0.66,eth-updown-5m-1780888800
poly_sniper_v5_eth_5m_v6c3_parent15mrang_v7,1780889100000000,-5.0,0,0.71,eth-updown-5m-1780888800
poly_sniper_v5_eth_5m_cloud_ribbon_mp_hurst_V10,1780889100000000,-5.0,0,0.71,eth-updown-5m-1780888800
poly_sniper_v5_eth_5m_bb_mp_hurst_band_v6,1780889100000000,-5.0,0,0.71,eth-updown-5m-1780888800
poly_sniper_v5_eth_5m_ema50_hurst_parent15mrang_v7,1780889100000000,-5.0,0,0.71,eth-updown-5m-1780888800
poly_sniper_v5_eth_5m_cloud_ribbon_mp_hurst_v6,1780889400000000,1.6078625783158118,1,0.7466549856642243,eth-updown-5m-1780889100
poly_sniper_v5_eth_5m_ema50_hurst_parent15mrang_v7_vL,1780889400000000,1.6078625783158118,1,0.7466549856642243,eth-updown-5m-1780889100
poly_sniper_v5_eth_5m_ema50_hurst_parent15mrang_v7,1780889400000000,1.6078625783158118,1,0.7466549856642243,eth-updown-5m-1780889100
poly_sniper_v5_eth_5m_v6c3_parent15mrang_v7_vL,1780889400000000,1.6078625783158118,1,0.7466549856642243,eth-updown-5m-1780889100
poly_sniper_v5_eth_5m_cloud_vwap_hurstmp_v7,1780889400000000,1.6078625783158118,1,0.7466549856642243,eth-updown-5m-1780889100
poly_sniper_v5_eth_5m_cloud_ribbon_mp_hurst_v6_vL,1780889400000000,1.6078625783158118,1,0.7466549856642243,eth-updown-5m-1780889100
poly_sniper_v5_eth_5m_bb_mp_hurst_band_v6,1780889400000000,1.6078625783158118,1,0.7466549856642243,eth-updown-5m-1780889100
poly_sniper_v5_eth_5m_v6c3_parent15mrang_v7,1780889400000000,1.6078625783158118,1,0.7466549856642243,eth-updown-5m-1780889100
poly_sniper_v5_eth_5m_cloud_vwap_hurstmp_v7_vL,1780889400000000,1.6078625783158118,1,0.7466549856642243,eth-updown-5m-1780889100
poly_sniper_v5_eth_5m_bb_mp_hurst_band_v6_vL,1780889400000000,1.6078625783158118,1,0.7466549856642243,eth-updown-5m-1780889100
poly_fast_taker_lagv2_eth_5m,1780889400000000,10.136048839048991,1,0.7010822339837269,eth-updown-5m-1780889100
poly_sniper_v5_eth_5m_ema50_hurst_parent15mrang_v7_vL,1780889700000000,1.8464444444444446,1,0.72,eth-updown-5m-1780889400
poly_sniper_v5_eth_5m_bb_mp_hurst_band_v6_vL,1780889700000000,1.8464444444444446,1,0.72,eth-updown-5m-1780889400
poly_sniper_v5_eth_5m_bb_mp_hurst_band_v6,1780889700000000,1.8464444444444446,1,0.72,eth-updown-5m-1780889400
poly_sniper_v5_eth_5m_l_ema50_hurst_grandparent_V10,1780889700000000,1.8464444444444446,1,0.72,eth-updown-5m-1780889400
poly_sniper_v5_eth_5m_l_ema50_hurst_grandparent_v8,1780889700000000,1.8464444444444446,1,0.72,eth-updown-5m-1780889400
poly_sniper_v5_eth_5m_ema50_hurst_parent15mrang_v7,1780889700000000,1.8464444444444446,1,0.72,eth-updown-5m-1780889400
poly_sniper_v5_eth_5m_ema200_vwap_regimerang_xa3_v7,1780889700000000,1.1799999999999997,1,0.8,eth-updown-5m-1780889400
poly_fast_taker_lagv2_eth_5m,1780889700000000,11.735932835820892,1,0.67,eth-updown-5m-1780889400
poly_sniper_v5_eth_5m_cloud_vwap_hurstmp_v7_vL,1780890000000000,2.8591781588209737,1,0.6257697961778378,eth-updown-5m-1780889700
poly_sniper_v5_eth_5m_bb_mp_hurst_band_v6_vL,1780890000000000,2.8591781588209737,1,0.6257697961778378,eth-updown-5m-1780889700
poly_sniper_v5_eth_5m_cloud_vwap_hurstmp_v7,1780890000000000,2.8591781588209737,1,0.6257697961778378,eth-updown-5m-1780889700
poly_sniper_v5_eth_5m_ema50_hurst_parent15mrang_v7_vL,1780890000000000,2.8591781588209737,1,0.6257697961778378,eth-updown-5m-1780889700
poly_sniper_v5_eth_5m_bb_mp_hurst_band_v6,1780890000000000,2.8591781588209737,1,0.6257697961778378,eth-updown-5m-1780889700
poly_sniper_v5_eth_5m_ema50_hurst_parent15mrang_v7,1780890000000000,2.8591781588209737,1,0.6257697961778378,eth-updown-5m-1780889700
poly_sniper_v5_eth_5m_cloud_mp_sms_active_off120,1780890300000000,0.6398181818181817,1,0.88,eth-updown-5m-1780890000
poly_sniper_v5_eth_5m_v6c3_parent15mrang_v7_vL,1780890300000000,0.8963809523809526,1,0.84,eth-updown-5m-1780890000
poly_sniper_v5_eth_5m_ema50_hurst_parent15mrang_v7_vL,1780890300000000,0.8963809523809526,1,0.84,eth-updown-5m-1780890000
poly_sniper_v5_eth_5m_tr200_mp_sms_active_off120,1780890300000000,0.6398181818181817,1,0.88,eth-updown-5m-1780890000
poly_sniper_v5_eth_5m_cloud_ribbon_mp_hurst_v6_vL,1780890300000000,0.8963809523809526,1,0.84,eth-updown-5m-1780890000
poly_sniper_v5_eth_5m_v5repl_off120_v6,1780890300000000,0.6398181818181817,1,0.88,eth-updown-5m-1780890000
poly_sniper_v5_eth_5m_ema200_vwap_regimerang_xa3_v7,1780890600000000,5.452797872340425,1,0.47000000000000003,eth-updown-5m-1780890300
poly_sniper_v5_eth_5m_l_ema50_hurst_grandparent_v8,1780890600000000,-5.0,0,0.6,eth-updown-5m-1780890300
poly_sniper_v5_eth_5m_ema50_hurst_parent15mrang_v7,1780890600000000,-5.0,0,0.6,eth-updown-5m-1780890300
poly_sniper_v5_eth_5m_ema50_hurst_parent15mrang_v7_vL,1780890600000000,-5.0,0,0.6,eth-updown-5m-1780890300
poly_sniper_v5_eth_5m_l_ema50_hurst_grandparent_V10,1780890600000000,-5.0,0,0.6,eth-updown-5m-1780890300
poly_sniper_v5_eth_5m_cloud_vwap_hurstmp_v7_vL,1780891200000000,2.569807692307692,1,0.65,eth-updown-5m-1780890900
poly_sniper_v5_eth_5m_cloud_ribbon_mp_hurst_v6_vL,1780891200000000,2.569807692307692,1,0.65,eth-updown-5m-1780890900
poly_sniper_v5_eth_5m_bb_mp_hurst_band_v6_vL,1780891200000000,2.569807692307692,1,0.65,eth-updown-5m-1780890900
poly_sniper_v5_eth_5m_l_ema50_hurst_grandparent_V10,1780891500000000,-5.0,0,0.63,eth-updown-5m-1780891200
poly_sniper_v5_eth_5m_l_ema50_hurst_grandparent_v8,1780891500000000,-5.0,0,0.63,eth-updown-5m-1780891200
poly_sniper_v5_eth_5m_cloud_vwap_hurstmp_v7_vL,1780891500000000,-5.0,0,0.63,eth-updown-5m-1780891200
poly_sniper_v5_eth_5m_cloud_ribbon_mp_hurst_v6_vL,1780891500000000,-5.0,0,0.63,eth-updown-5m-1780891200
poly_sniper_v5_eth_5m_cloud_ribbon_mp_hurst_V10,1780891500000000,-5.0,0,0.63,eth-updown-5m-1780891200
poly_sniper_v5_eth_5m_bb_mp_hurst_band_v6,1780891500000000,-5.0,0,0.63,eth-updown-5m-1780891200
poly_sniper_v5_eth_5m_bb_mp_hurst_band_v6_vL,1780891500000000,-5.0,0,0.63,eth-updown-5m-1780891200
poly_sniper_v5_eth_5m_cloud_ribbon_mp_hurst_v6,1780891500000000,-5.0,0,0.63,eth-updown-5m-1780891200
poly_sniper_v5_eth_5m_cloud_vwap_hurstmp_v7,1780891500000000,-5.0,0,0.63,eth-updown-5m-1780891200
poly_fast_taker_b2_nomerge_eth_5m,1780891800000000,1.1935777777777776,1,0.6215163024712672,eth-updown-5m-1780891500
poly_fast_taker_lagv2_eth_5m,1780891800000000,12.849038461538461,1,0.65,eth-updown-5m-1780891500
poly_sniper_v5_eth_5m_ema50_hurst_parent15mrang_v7,1780892100000000,2.8070079365079366,1,0.63,eth-updown-5m-1780891800
poly_sniper_v5_eth_5m_bb_mp_hurst_band_v6_vL,1780892100000000,2.8070079365079366,1,0.63,eth-updown-5m-1780891800
poly_sniper_v5_eth_5m_ema50_hurst_parent15mrang_v7_vL,1780892100000000,2.8070079365079366,1,0.63,eth-updown-5m-1780891800
poly_sniper_v5_eth_5m_cloud_vwap_hurstmp_v7,1780892100000000,2.8070079365079366,1,0.63,eth-updown-5m-1780891800
poly_sniper_v5_eth_5m_bb_mp_hurst_band_v6,1780892100000000,2.8070079365079366,1,0.63,eth-updown-5m-1780891800
poly_sniper_v5_eth_5m_cloud_vwap_hurstmp_v7_vL,1780892100000000,2.8070079365079366,1,0.63,eth-updown-5m-1780891800
poly_sniper_v5_eth_5m_bb_mp_hurst_band_v6,1780892400000000,2.456757575757575,1,0.66,eth-updown-5m-1780892100
poly_sniper_v5_eth_5m_bb_mp_hurst_band_v6_vL,1780892400000000,2.456757575757575,1,0.66,eth-updown-5m-1780892100
poly_sniper_v5_eth_5m_ema50_hurst_parent15mrang_v7,1780892400000000,2.456757575757575,1,0.66,eth-updown-5m-1780892100
poly_sniper_v5_eth_5m_ema50_hurst_parent15mrang_v7_vL,1780892400000000,2.456757575757575,1,0.66,eth-updown-5m-1780892100
poly_sniper_v5_eth_5m_cloud_vwap_hurstmp_v7,1780892700000000,2.931516129032258,1,0.62,eth-updown-5m-1780892400
poly_sniper_v5_eth_5m_cloud_vwap_hurstmp_v7_vL,1780892700000000,2.931516129032258,1,0.62,eth-updown-5m-1780892400
poly_sniper_v5_eth_5m_cloud_ribbon_mp_hurst_V10,1780892700000000,2.931516129032258,1,0.62,eth-updown-5m-1780892400
poly_sniper_v5_eth_5m_ema200_vwap_regimerang_xa3_v7,1780892700000000,1.4949473684210524,1,0.76,eth-updown-5m-1780892400
poly_sniper_v5_eth_5m_cloud_ribbon_mp_hurst_v6_vL,1780892700000000,2.931516129032258,1,0.62,eth-updown-5m-1780892400
poly_sniper_v5_eth_5m_bb_mp_hurst_band_v6_vL,1780892700000000,2.931516129032258,1,0.62,eth-updown-5m-1780892400
poly_sniper_v5_eth_5m_bb_mp_hurst_band_v6,1780892700000000,2.931516129032258,1,0.62,eth-updown-5m-1780892400
poly_sniper_v5_eth_5m_cloud_ribbon_mp_hurst_v6,1780892700000000,2.931516129032258,1,0.62,eth-updown-5m-1780892400
poly_sniper_v5_eth_5m_l_ema50_hurst_grandparent_V10,1780893000000000,1.5791666666666668,1,0.75,eth-updown-5m-1780892700
poly_fast_taker_lagv2_eth_5m,1780893000000000,11.20470588235294,1,0.68,eth-updown-5m-1780892700
poly_sniper_v5_eth_5m_l_ema50_hurst_grandparent_v8,1780893000000000,1.5791666666666668,1,0.75,eth-updown-5m-1780892700
poly_sniper_v5_eth_5m_cloud_vwap_hurstmp_v7_vL,1780893300000000,2.456757575757575,1,0.66,eth-updown-5m-1780893000
poly_sniper_v5_eth_5m_cloud_ribbon_mp_hurst_V10,1780893300000000,2.456757575757575,1,0.66,eth-updown-5m-1780893000
poly_sniper_v5_eth_5m_bb_mp_hurst_band_v6_vL,1780893300000000,2.456757575757575,1,0.66,eth-updown-5m-1780893000
poly_sniper_v5_eth_5m_cloud_vwap_hurstmp_v7,1780893300000000,2.456757575757575,1,0.66,eth-updown-5m-1780893000
poly_sniper_v5_eth_5m_bb_mp_hurst_band_v6,1780893300000000,2.456757575757575,1,0.66,eth-updown-5m-1780893000
poly_sniper_v5_eth_5m_cloud_ribbon_mp_hurst_v6,1780893300000000,2.456757575757575,1,0.66,eth-updown-5m-1780893000
poly_sniper_v5_eth_5m_cloud_ribbon_mp_hurst_v6_vL,1780893300000000,2.456757575757575,1,0.66,eth-updown-5m-1780893000
poly_sniper_v5_eth_5m_cloud_ribbon_mp_hurst_v6_vL,1780893600000000,1.33325641025641,1,0.78,eth-updown-5m-1780893300
poly_sniper_v5_eth_5m_cloud_vwap_hurstmp_v7_vL,1780893600000000,1.33325641025641,1,0.78,eth-updown-5m-1780893300
poly_fast_taker_lagv2_eth_5m,1780893600000000,12.256601946890154,1,0.6604889589905363,eth-updown-5m-1780893300
poly_sniper_v5_eth_5m_bb_mp_hurst_band_v6_vL,1780893600000000,1.33325641025641,1,0.78,eth-updown-5m-1780893300
poly_sniper_v5_eth_5m_bb_mp_hurst_band_v6_vL,1780893900000000,1.7548150684931507,1,0.73,eth-updown-5m-1780893600
poly_sniper_v5_eth_5m_bb_mp_hurst_band_v6,1780893900000000,1.7548150684931507,1,0.73,eth-updown-5m-1780893600
poly_sniper_v5_eth_5m_cloud_ribbon_mp_hurst_v6_vL,1780893900000000,1.7548150684931507,1,0.73,eth-updown-5m-1780893600
poly_fast_taker_lagv2_eth_5m,1780893900000000,10.492496613771765,1,0.6939014855355746,eth-updown-5m-1780893600
poly_sniper_v5_eth_5m_cloud_ribbon_mp_hurst_v6,1780893900000000,1.7548150684931507,1,0.73,eth-updown-5m-1780893600
poly_sniper_v5_eth_5m_cloud_vwap_hurstmp_v7_vL,1780893900000000,1.7548150684931507,1,0.73,eth-updown-5m-1780893600
poly_fast_taker_b2_nomerge_eth_5m,1780893900000000,1.6036363636363635,1,0.55,eth-updown-5m-1780893600
poly_sniper_v5_eth_5m_cloud_vwap_hurstmp_v7,1780893900000000,1.7548150684931507,1,0.73,eth-updown-5m-1780893600
poly_sniper_v5_eth_5m_cloud_ribbon_mp_hurst_V10,1780893900000000,1.7548150684931507,1,0.73,eth-updown-5m-1780893600
poly_fast_taker_lagv2_eth_5m,1780894500000000,-9.31348985507246,0,0.69,eth-updown-5m-1780894200
poly_sniper_v5_eth_5m_cloud_ribbon_mp_hurst_v6_vL,1780894200000000,0.8963809523809526,1,0.84,eth-updown-5m-1780893900
poly_fast_taker_lagv2_eth_5m,1780894200000000,7.474736842105262,1,0.76,eth-updown-5m-1780893900
poly_fast_taker_b2_nomerge_eth_5m,1780894200000000,1.201290322580645,1,0.62,eth-updown-5m-1780893900
poly_sniper_v5_eth_5m_cloud_vwap_hurstmp_v7,1780894500000000,2.8070079365079366,1,0.63,eth-updown-5m-1780894200
poly_sniper_v5_eth_5m_cloud_ribbon_mp_hurst_v6,1780894500000000,2.8070079365079366,1,0.63,eth-updown-5m-1780894200
poly_sniper_v5_eth_5m_cloud_ribbon_mp_hurst_V10,1780894500000000,2.8070079365079366,1,0.63,eth-updown-5m-1780894200
poly_sniper_v5_eth_5m_cloud_ribbon_mp_hurst_v6_vL,1780894500000000,2.8070079365079366,1,0.63,eth-updown-5m-1780894200
poly_sniper_v5_eth_5m_bb_mp_hurst_band_v6,1780894500000000,2.8070079365079366,1,0.63,eth-updown-5m-1780894200
poly_sniper_v5_eth_5m_ema200_vwap_regimerang_xa3_v7,1780894500000000,1.6657567567567568,1,0.74,eth-updown-5m-1780894200
poly_fast_taker_b2_nomerge_eth_5m,1780894500000000,-2.0,0,0.57,eth-updown-5m-1780894200
poly_sniper_v5_eth_5m_bb_mp_hurst_band_v6_vL,1780894500000000,2.8070079365079366,1,0.63,eth-updown-5m-1780894200
poly_sniper_v5_eth_5m_cloud_vwap_hurstmp_v7_vL,1780894500000000,2.8070079365079366,1,0.63,eth-updown-5m-1780894200
poly_sniper_v5_eth_5m_l_ema50_hurst_grandparent_v8,1780894800000000,-5.0,0,0.6030766797168505,eth-updown-5m-1780894500
poly_sniper_v5_eth_5m_l_ema50_hurst_grandparent_V10,1780894800000000,-5.0,0,0.6030766797168505,eth-updown-5m-1780894500
poly_sniper_v5_eth_5m_bb_mp_hurst_band_v6_vL,1780894800000000,-5.0,0,0.6030766797168505,eth-updown-5m-1780894500
poly_sniper_v5_eth_5m_bb_mp_hurst_band_v6,1780894800000000,-5.0,0,0.6030766797168505,eth-updown-5m-1780894500
poly_fast_taker_lagv2_eth_5m,1780895100000000,17.36844827586207,1,0.58,eth-updown-5m-1780894800
poly_sniper_v5_eth_5m_bb_mp_hurst_band_v6_vL,1780895400000000,1.8464444444444446,1,0.72,eth-updown-5m-1780895100
poly_sniper_v5_eth_5m_cloud_vwap_hurstmp_v7_vL,1780895400000000,1.8464444444444446,1,0.72,eth-updown-5m-1780895100
poly_sniper_v5_eth_5m_cloud_ribbon_mp_hurst_v6_vL,1780895400000000,1.8464444444444446,1,0.72,eth-updown-5m-1780895100
poly_fast_taker_lagv2_eth_5m,1780895700000000,-10.866486486486485,0,0.74,eth-updown-5m-1780895400
poly_fast_taker_lagv2_eth_5m,1780896000000000,-10.57569230769231,0,0.6412786108918707,eth-updown-5m-1780895700
poly_sniper_v5_eth_5m_ema200_vwap_regimerang_xa3_v7,1780895700000000,4.447384615384615,1,0.52,eth-updown-5m-1780895400
poly_sniper_v5_eth_5m_l_ema50_hurst_grandparent_v8,1780895700000000,4.269462264150942,1,0.53,eth-updown-5m-1780895400
poly_fast_taker_lagv2_eth_5m,1780896300000000,-11.363636363636365,0,0.55,eth-updown-5m-1780896000
poly_sniper_v5_eth_5m_ema200_vwap_regimerang_xa3_v7,1780896300000000,-5.0,0,0.52,eth-updown-5m-1780896000
poly_fast_taker_b2_nomerge_eth_5m,1780896300000000,1.0553846153846151,1,0.65,eth-updown-5m-1780896000
poly_sniper_v5_eth_5m_ema200_vwap_regimerang_xa3_v7,1780896600000000,-5.0,0,0.62,eth-updown-5m-1780896300
poly_fast_taker_lagv2_eth_5m,1780896900000000,12.849038461538461,1,0.65,eth-updown-5m-1780896600
poly_fast_taker_b2_nomerge_eth_5m,1780896900000000,1.201290322580645,1,0.62,eth-updown-5m-1780896600
poly_fast_taker_lagv2_eth_5m,1780897200000000,11.735932835820892,1,0.67,eth-updown-5m-1780896900
poly_fast_taker_b2_nomerge_eth_5m,1780897200000000,1.5399999999999998,1,0.56,eth-updown-5m-1780896900
poly_sniper_v5_eth_5m_bb_mp_hurst_band_v6,1780897800000000,3.193333333333334,1,0.6,eth-updown-5m-1780897500
poly_sniper_v5_eth_5m_bb_mp_hurst_band_v6_vL,1780897800000000,3.193333333333334,1,0.6,eth-updown-5m-1780897500
poly_sniper_v5_eth_5m_v6c3_parent15mrang_v7_vL,1780897800000000,3.193333333333334,1,0.6,eth-updown-5m-1780897500
poly_sniper_v5_eth_5m_cloud_vwap_hurstmp_v7_vL,1780897800000000,3.193333333333334,1,0.6,eth-updown-5m-1780897500
poly_sniper_v5_eth_5m_cloud_ribbon_mp_hurst_v6_vL,1780897800000000,3.193333333333334,1,0.6,eth-updown-5m-1780897500
poly_sniper_v5_eth_5m_cloud_vwap_hurstmp_v7,1780897800000000,3.193333333333334,1,0.6,eth-updown-5m-1780897500
poly_sniper_v5_eth_5m_cloud_ribbon_mp_hurst_v6,1780897800000000,3.193333333333334,1,0.6,eth-updown-5m-1780897500
poly_sniper_v5_eth_5m_ema50_hurst_parent15mrang_v7,1780897800000000,3.193333333333334,1,0.6,eth-updown-5m-1780897500
poly_sniper_v5_eth_5m_ema50_hurst_parent15mrang_v7_vL,1780897800000000,3.193333333333334,1,0.6,eth-updown-5m-1780897500
poly_sniper_v5_eth_5m_v6c3_parent15mrang_v7,1780897800000000,3.193333333333334,1,0.6,eth-updown-5m-1780897500
poly_fast_taker_lagv2_eth_5m,1780898100000000,12.283787878787876,1,0.66,eth-updown-5m-1780897800
poly_sniper_v5_eth_5m_bb_mp_hurst_band_v6_vL,1780898100000000,1.6657567567567568,1,0.74,eth-updown-5m-1780897800
poly_sniper_v5_eth_5m_ema50_hurst_parent15mrang_v7_vL,1780898100000000,1.6657567567567568,1,0.74,eth-updown-5m-1780897800
poly_sniper_v5_eth_5m_bb_mp_hurst_band_v6,1780898400000000,-5.0,0,0.56,eth-updown-5m-1780898100
poly_sniper_v5_eth_5m_ema50_hurst_parent15mrang_v7,1780898400000000,-5.0,0,0.56,eth-updown-5m-1780898100
poly_sniper_v5_eth_5m_lq_ema50_hurst_grandparent_prev15m_v8,1780898400000000,-5.0,0,0.56,eth-updown-5m-1780898100
poly_sniper_v5_eth_5m_cloud_vwap_hurstmp_v7_vL,1780898400000000,-5.0,0,0.56,eth-updown-5m-1780898100
poly_sniper_v5_eth_5m_lq_ema50_hurst_grandparent_prev15m_v8_vL,1780898400000000,-5.0,0,0.56,eth-updown-5m-1780898100
poly_sniper_v5_eth_5m_bb_mp_hurst_band_v6_vL,1780898400000000,-5.0,0,0.56,eth-updown-5m-1780898100
poly_sniper_v5_eth_5m_l_ema50_hurst_grandparent_V10,1780898400000000,-5.0,0,0.56,eth-updown-5m-1780898100
poly_sniper_v5_eth_5m_l_ema50_hurst_grandparent_v8,1780898400000000,-5.0,0,0.56,eth-updown-5m-1780898100
poly_sniper_v5_eth_5m_ema50_hurst_parent15mrang_v7_vL,1780898400000000,-5.0,0,0.56,eth-updown-5m-1780898100
poly_sniper_v5_eth_5m_cloud_vwap_hurstmp_v7,1780898400000000,-5.0,0,0.56,eth-updown-5m-1780898100
poly_fast_taker_lagv2_eth_5m,1780899000000000,-10.546875,0,0.64,eth-updown-5m-1780898700
poly_sniper_v5_eth_5m_l_ema50_hurst_grandparent_v8,1780899000000000,-5.0,0,0.72,eth-updown-5m-1780898700
poly_sniper_v5_eth_5m_l_ema50_hurst_grandparent_V10,1780899000000000,-5.0,0,0.72,eth-updown-5m-1780898700
poly_sniper_v5_eth_5m_ema50_hurst_parent15mrang_v7_vL,1780899000000000,-5.0,0,0.72,eth-updown-5m-1780898700
poly_sniper_v5_eth_5m_a2_hlcascade50k_v9,1780899000000000,8.664888888888889,1,0.36,eth-updown-5m-1780898700
poly_sniper_v5_eth_5m_ema50_hurst_parent15mrang_v7,1780899000000000,-5.0,0,0.72,eth-updown-5m-1780898700
poly_sniper_v5_eth_5m_a2_hlcascade50k_v9,1780899000000000,-5.0,0,0.65,eth-updown-5m-1780898700
poly_sniper_v5_eth_5m_up_a2_hlcascade25k_v9,1780899000000000,8.664888888888889,1,0.36,eth-updown-5m-1780898700
poly_fast_taker_b2_nomerge_eth_5m,1780899000000000,-2.0,0,0.61,eth-updown-5m-1780898700
poly_sniper_v5_eth_5m_cloud_ribbon_mp_hurst_v6,1780899300000000,3.193333333333334,1,0.6,eth-updown-5m-1780899000
poly_sniper_v5_eth_5m_v6c3_parent15mrang_v7,1780899300000000,3.193333333333334,1,0.6,eth-updown-5m-1780899000
poly_sniper_v5_eth_5m_bb_mp_hurst_band_v6,1780899300000000,3.193333333333334,1,0.6,eth-updown-5m-1780899000
poly_sniper_v5_eth_5m_v6c3_parent15mrang_v7_vL,1780899300000000,3.193333333333334,1,0.6,eth-updown-5m-1780899000
poly_sniper_v5_eth_5m_ema50_hurst_parent15mrang_v7,1780899300000000,3.193333333333334,1,0.6,eth-updown-5m-1780899000
poly_sniper_v5_eth_5m_cloud_ribbon_mp_hurst_v6_vL,1780899300000000,3.193333333333334,1,0.6,eth-updown-5m-1780899000
poly_sniper_v5_eth_5m_bb_mp_hurst_band_v6_vL,1780899300000000,3.193333333333334,1,0.6,eth-updown-5m-1780899000
poly_sniper_v5_eth_5m_ema50_hurst_parent15mrang_v7_vL,1780899300000000,3.193333333333334,1,0.6,eth-updown-5m-1780899000
poly_sniper_v5_eth_5m_cloud_vwap_hurstmp_v7_vL,1780899300000000,3.193333333333334,1,0.6,eth-updown-5m-1780899000
poly_sniper_v5_eth_5m_cloud_vwap_hurstmp_v7,1780899300000000,3.193333333333334,1,0.6,eth-updown-5m-1780899000
poly_fast_taker_lagv2_eth_5m,1780899600000000,-11.218658823529415,0,0.68,eth-updown-5m-1780899300
poly_sniper_v5_eth_5m_ema50_hurst_parent15mrang_v7,1780899600000000,-5.0,0,0.74,eth-updown-5m-1780899300
poly_sniper_v5_eth_5m_v5repl_off120_v6,1780899600000000,-5.0,0,0.84,eth-updown-5m-1780899300
poly_sniper_v5_eth_5m_l_ema50_hurst_grandparent_V10,1780899600000000,-5.0,0,0.74,eth-updown-5m-1780899300
poly_fast_taker_b2_nomerge_eth_5m,1780899600000000,-2.0,0,0.62,eth-updown-5m-1780899300
poly_sniper_v5_eth_5m_cloud_mp_sms_active_off120,1780899600000000,-5.0,0,0.84,eth-updown-5m-1780899300
poly_sniper_v5_eth_5m_bb_mp_hurst_band_v6,1780899600000000,-5.0,0,0.74,eth-updown-5m-1780899300
poly_sniper_v5_eth_5m_l_ema50_hurst_grandparent_v8,1780899600000000,-5.0,0,0.74,eth-updown-5m-1780899300
poly_sniper_v5_eth_5m_ema50_hurst_parent15mrang_v7_vL,1780899600000000,-5.0,0,0.74,eth-updown-5m-1780899300
poly_sniper_v5_eth_5m_tr200_mp_sms_active_off120,1780899600000000,-5.0,0,0.84,eth-updown-5m-1780899300
poly_sniper_v5_eth_5m_bb_mp_hurst_band_v6_vL,1780899600000000,-5.0,0,0.74,eth-updown-5m-1780899300
poly_sniper_v5_eth_5m_up_a2_hlcascade25k_v9,1780899900000000,-4.999999999999999,0,0.61,eth-updown-5m-1780899600
poly_sniper_v5_eth_5m_l_ema50_hurst_grandparent_v8,1780899900000000,4.790133094423153,1,0.5017808300045259,eth-updown-5m-1780899600
poly_fast_taker_b2_nomerge_eth_5m,1780899900000000,1.362033898305085,1,0.59,eth-updown-5m-1780899600
poly_sniper_v5_eth_5m_l_ema50_hurst_grandparent_V10,1780899900000000,4.790133094423153,1,0.5017808300045259,eth-updown-5m-1780899600
poly_sniper_v5_eth_5m_bb_mp_hurst_band_v6,1780900200000000,2.2409411764705878,1,0.68,eth-updown-5m-1780899900
poly_sniper_v5_eth_5m_cloud_ribbon_mp_hurst_v6,1780900200000000,2.2409411764705878,1,0.68,eth-updown-5m-1780899900
poly_sniper_v5_eth_5m_cloud_ribbon_mp_hurst_v6_vL,1780900200000000,2.2409411764705878,1,0.68,eth-updown-5m-1780899900
poly_sniper_v5_eth_5m_cloud_vwap_hurstmp_v7_vL,1780900200000000,2.2409411764705878,1,0.68,eth-updown-5m-1780899900
poly_sniper_v5_eth_5m_cloud_vwap_hurstmp_v7,1780900200000000,2.2409411764705878,1,0.68,eth-updown-5m-1780899900
shadow_oracle_settle_eth_5m,1780900200000000,0.2981489361702125,1,0.9400000000000001,eth-updown-5m-1780899900
poly_fast_taker_lagv2_eth_5m,1780900200000000,13.432500000000001,1,0.64,eth-updown-5m-1780899900
poly_sniper_v5_eth_5m_bb_mp_hurst_band_v6_vL,1780900200000000,2.2409411764705878,1,0.68,eth-updown-5m-1780899900
poly_sniper_v5_eth_5m_ema200_vwap_regimerang_xa3_v7,1780900500000000,1.6657567567567568,1,0.74,eth-updown-5m-1780900200
poly_sniper_v5_eth_5m_bb_mp_hurst_band_V10,1780900500000000,-5.0,0,0.44,eth-updown-5m-1780900200
poly_sniper_v5_eth_5m_bb_mp_hurst_band_v6,1780900500000000,-5.0,0,0.44,eth-updown-5m-1780900200
poly_sniper_v5_eth_5m_cloud_vwap_hurstmp_v7_vL,1780900500000000,-5.0,0,0.44,eth-updown-5m-1780900200
poly_sniper_v5_eth_5m_cloud_vwap_hurstmp_v7,1780900500000000,-5.0,0,0.44,eth-updown-5m-1780900200
poly_sniper_v5_eth_5m_bb_mp_hurst_band_v6_vL,1780900500000000,-5.0,0,0.44,eth-updown-5m-1780900200
poly_fast_taker_b2_nomerge_eth_5m,1780900800000000,-2.0,0,0.58,eth-updown-5m-1780900500
poly_sniper_v5_eth_5m_cloud_ribbon_mp_hurst_v6_vL,1780900800000000,1.8464444444444446,1,0.72,eth-updown-5m-1780900500
poly_sniper_v5_eth_5m_bb_mp_hurst_band_v6_vL,1780900800000000,1.8464444444444446,1,0.72,eth-updown-5m-1780900500
poly_sniper_v5_eth_5m_cloud_vwap_hurstmp_v7_vL,1780900800000000,1.8464444444444446,1,0.72,eth-updown-5m-1780900500
poly_sniper_v5_eth_5m_cloud_vwap_hurstmp_v7_vL,1780901100000000,3.93340909090909,1,0.55,eth-updown-5m-1780900800
poly_sniper_v5_eth_5m_bb_mp_hurst_band_v6,1780901100000000,3.93340909090909,1,0.55,eth-updown-5m-1780900800
poly_sniper_v5_eth_5m_cloud_vwap_hurstmp_v7,1780901100000000,3.93340909090909,1,0.55,eth-updown-5m-1780900800
poly_sniper_v5_eth_5m_bb_mp_hurst_band_v6_vL,1780901100000000,3.93340909090909,1,0.55,eth-updown-5m-1780900800
poly_sniper_v5_eth_5m_cloud_ribbon_mp_hurst_v6,1780901100000000,3.93340909090909,1,0.55,eth-updown-5m-1780900800
poly_sniper_v5_eth_5m_cloud_ribbon_mp_hurst_v6_vL,1780901100000000,3.93340909090909,1,0.55,eth-updown-5m-1780900800
poly_sniper_v5_eth_5m_cloud_ribbon_mp_hurst_v6_vL,1780901400000000,3.473689655172415,1,0.58,eth-updown-5m-1780901100
poly_sniper_v5_eth_5m_cloud_ribbon_mp_hurst_v6,1780901400000000,3.473689655172415,1,0.58,eth-updown-5m-1780901100
poly_sniper_v5_eth_5m_cloud_vwap_hurstmp_v7_vL,1780901400000000,3.473689655172415,1,0.58,eth-updown-5m-1780901100
poly_sniper_v5_eth_5m_cloud_ribbon_mp_hurst_V10,1780901400000000,3.473689655172415,1,0.58,eth-updown-5m-1780901100
poly_sniper_v5_eth_5m_bb_mp_hurst_band_v6,1780901400000000,3.473689655172415,1,0.58,eth-updown-5m-1780901100
poly_sniper_v5_eth_5m_l_ema50_hurst_grandparent_V10,1780901400000000,3.473689655172415,1,0.58,eth-updown-5m-1780901100
poly_sniper_v5_eth_5m_bb_mp_hurst_band_v6_vL,1780901400000000,3.473689655172415,1,0.58,eth-updown-5m-1780901100
poly_sniper_v5_eth_5m_cloud_vwap_hurstmp_v7,1780901400000000,3.473689655172415,1,0.58,eth-updown-5m-1780901100
poly_sniper_v5_eth_5m_l_ema50_hurst_grandparent_v8,1780901400000000,3.473689655172415,1,0.58,eth-updown-5m-1780901100
poly_sniper_v5_eth_5m_ema50_hurst_parent15mrang_v7_vL,1780901700000000,3.985916366166888,1,0.5467740332040958,eth-updown-5m-1780901400
poly_sniper_v5_eth_5m_cloud_vwap_hurstmp_v7_vL,1780901700000000,3.985916366166888,1,0.5467740332040958,eth-updown-5m-1780901400
poly_sniper_v5_eth_5m_bb_mp_hurst_band_v6_vL,1780901700000000,3.985916366166888,1,0.5467740332040958,eth-updown-5m-1780901400
poly_sniper_v5_eth_5m_bb_mp_hurst_band_v6,1780901700000000,3.985916366166888,1,0.5467740332040958,eth-updown-5m-1780901400
poly_sniper_v5_eth_5m_bb_mp_hurst_band_V10,1780901700000000,3.985916366166888,1,0.5467740332040958,eth-updown-5m-1780901400
poly_sniper_v5_eth_5m_ema50_hurst_parent15mrang_v7,1780901700000000,3.985916366166888,1,0.5467740332040958,eth-updown-5m-1780901400
poly_sniper_v5_eth_5m_ema200_vwap_regimerang_xa3_v7,1780901700000000,2.0378571428571433,1,0.7,eth-updown-5m-1780901400
poly_sniper_v5_eth_5m_cloud_vwap_hurstmp_v7,1780901700000000,3.985916366166888,1,0.5467740332040958,eth-updown-5m-1780901400
poly_sniper_v5_eth_5m_ema50_hurst_parent15mrang_v7_vL,1780902000000000,-5.0,0,0.45999999999999996,eth-updown-5m-1780901700
poly_fast_taker_lagv2_eth_5m,1780902000000000,14.035039682539683,1,0.63,eth-updown-5m-1780901700
poly_sniper_v5_eth_5m_ema200_vwap_regimerang_xa3_v7,1780902000000000,2.3471865671641785,1,0.67,eth-updown-5m-1780901700
poly_sniper_v5_eth_5m_v6c3_parent15mrang_v7,1780902300000000,-5.0,0,0.6633663366336635,eth-updown-5m-1780902000
poly_sniper_v5_eth_5m_cloud_ribbon_mp_hurst_v6_vL,1780902300000000,-5.0,0,0.6633663366336635,eth-updown-5m-1780902000
poly_sniper_v5_eth_5m_bb_mp_hurst_band_v6_vL,1780902300000000,-5.0,0,0.6633663366336635,eth-updown-5m-1780902000
poly_sniper_v5_eth_5m_cloud_ribbon_mp_hurst_v6,1780902300000000,-5.0,0,0.6633663366336635,eth-updown-5m-1780902000
poly_sniper_v5_eth_5m_cloud_vwap_hurstmp_v7_vL,1780902300000000,-5.0,0,0.6633663366336635,eth-updown-5m-1780902000
poly_sniper_v5_eth_5m_ema50_hurst_parent15mrang_v7_vL,1780902300000000,-5.0,0,0.6633663366336635,eth-updown-5m-1780902000
poly_sniper_v5_eth_5m_ema200_vwap_regimerang_xa3_v7,1780902300000000,1.7548150684931507,1,0.73,eth-updown-5m-1780902000
poly_sniper_v5_eth_5m_ema50_hurst_parent15mrang_v7,1780902300000000,-5.0,0,0.6633663366336635,eth-updown-5m-1780902000
poly_sniper_v5_eth_5m_v6c3_parent15mrang_v7_vL,1780902300000000,-5.0,0,0.6633663366336635,eth-updown-5m-1780902000
poly_sniper_v5_eth_5m_cloud_vwap_hurstmp_v7,1780902300000000,-5.0,0,0.6633663366336635,eth-updown-5m-1780902000
poly_sniper_v5_eth_5m_bb_mp_hurst_band_v6,1780902300000000,-5.0,0,0.6633663366336635,eth-updown-5m-1780902000
poly_fast_taker_lagv2_eth_5m,1780902600000000,-16.10169491525424,0,0.59,eth-updown-5m-1780902300
poly_sniper_v5_eth_5m_ema50_hurst_parent15mrang_v7_vL,1780902600000000,6.428406976744185,1,0.43000000000000005,eth-updown-5m-1780902300
poly_sniper_v5_eth_5m_ema200_vwap_regimerang_xa3_v7,1780902600000000,-5.0,0,0.68,eth-updown-5m-1780902300
poly_sniper_v5_eth_5m_ema50_hurst_parent15mrang_v7,1780902600000000,6.428406976744185,1,0.43000000000000005,eth-updown-5m-1780902300
poly_sniper_v5_eth_5m_cloud_ribbon_mp_hurst_v6,1780902900000000,2.456757575757575,1,0.66,eth-updown-5m-1780902600
poly_sniper_v5_eth_5m_bb_mp_hurst_band_v6,1780902900000000,2.456757575757575,1,0.66,eth-updown-5m-1780902600
poly_sniper_v5_eth_5m_v6c3_parent15mrang_v7_vL,1780902900000000,2.456757575757575,1,0.66,eth-updown-5m-1780902600
poly_sniper_v5_eth_5m_cloud_vwap_hurstmp_v7,1780902900000000,2.456757575757575,1,0.66,eth-updown-5m-1780902600
poly_sniper_v5_eth_5m_cloud_ribbon_mp_hurst_v6_vL,1780902900000000,2.456757575757575,1,0.66,eth-updown-5m-1780902600
poly_sniper_v5_eth_5m_bb_mp_hurst_band_v6_vL,1780902900000000,2.456757575757575,1,0.66,eth-updown-5m-1780902600
poly_sniper_v5_eth_5m_ema50_hurst_parent15mrang_v7_vL,1780902900000000,2.456757575757575,1,0.66,eth-updown-5m-1780902600
poly_sniper_v5_eth_5m_ema50_hurst_parent15mrang_v7,1780902900000000,2.456757575757575,1,0.66,eth-updown-5m-1780902600
poly_sniper_v5_eth_5m_v6c3_parent15mrang_v7,1780902900000000,2.456757575757575,1,0.66,eth-updown-5m-1780902600
poly_sniper_v5_eth_5m_cloud_vwap_hurstmp_v7_vL,1780902900000000,2.456757575757575,1,0.66,eth-updown-5m-1780902600
poly_fast_taker_b2_nomerge_eth_5m,1780903200000000,-2.0,0,0.67,eth-updown-5m-1780902900
poly_sniper_v5_eth_5m_ema200_vwap_regimerang_xa3_v7,1780903500000000,1.7548150684931507,1,0.73,eth-updown-5m-1780903200
poly_sniper_v5_eth_5m_ema50_hurst_parent15mrang_v7_vL,1780903500000000,2.1378768115942033,1,0.69,eth-updown-5m-1780903200
poly_sniper_v5_eth_5m_ema50_hurst_parent15mrang_v7,1780903500000000,2.1378768115942033,1,0.69,eth-updown-5m-1780903200
poly_sniper_v5_eth_5m_cloud_vwap_hurstmp_v7_vL,1780903800000000,-5.0,0,0.51,eth-updown-5m-1780903500
poly_sniper_v5_eth_5m_cloud_vwap_hurstmp_v7,1780903800000000,-5.0,0,0.51,eth-updown-5m-1780903500
poly_sniper_v5_eth_5m_bb_mp_hurst_band_v6,1780903800000000,-5.0,0,0.51,eth-updown-5m-1780903500
poly_sniper_v5_eth_5m_ema50_hurst_parent15mrang_v7_vL,1780903800000000,-5.0,0,0.51,eth-updown-5m-1780903500
poly_sniper_v5_eth_5m_ema50_hurst_parent15mrang_v7,1780903800000000,-5.0,0,0.51,eth-updown-5m-1780903500
poly_sniper_v5_eth_5m_bb_mp_hurst_band_V10,1780903800000000,-5.0,0,0.51,eth-updown-5m-1780903500
poly_sniper_v5_eth_5m_bb_mp_hurst_band_v6_vL,1780903800000000,-5.0,0,0.51,eth-updown-5m-1780903500
poly_sniper_v5_eth_5m_a2_hlcascade50k_v9,1780904100000000,3.473689655172415,1,0.58,eth-updown-5m-1780903800
poly_sniper_v5_eth_5m_up_a2_hlcascade25k_v9,1780904100000000,3.473689655172415,1,0.58,eth-updown-5m-1780903800
poly_sniper_v5_eth_5m_ema50_hurst_parent15mrang_v7,1780904100000000,2.931516129032258,1,0.62,eth-updown-5m-1780903800
poly_sniper_v5_eth_5m_ema50_hurst_parent15mrang_v7_vL,1780904100000000,2.931516129032258,1,0.62,eth-updown-5m-1780903800
poly_fast_taker_lagv2_eth_5m,1780904100000000,13.432500000000001,1,0.64,eth-updown-5m-1780903800
poly_fast_taker_lagv2_eth_5m,1780904400000000,-25.0,0,0.65,eth-updown-5m-1780904100
poly_fast_taker_lagv2_eth_5m,1780904700000000,16.273950757139662,1,0.5954956707464737,eth-updown-5m-1780904400
poly_fast_taker_lagv2_eth_5m,1780905000000000,14.545257975281068,1,0.6217800675075502,eth-updown-5m-1780904700
poly_sniper_v5_eth_5m_ema50_hurst_parent15mrang_v7_vL,1780905300000000,3.0602213114754098,1,0.61,eth-updown-5m-1780905000
poly_sniper_v5_eth_5m_tr200_mp_mpnx_sms_off120,1780905300000000,1.7548150684931507,1,0.73,eth-updown-5m-1780905000
poly_sniper_v5_eth_5m_tr200_mp_sms_active_off120,1780905300000000,1.7548150684931507,1,0.73,eth-updown-5m-1780905000
poly_sniper_v5_eth_5m_ema50_hurst_parent15mrang_v7,1780905300000000,3.0602213114754098,1,0.61,eth-updown-5m-1780905000
poly_sniper_v5_eth_5m_cloud_mp_sms_active_off120,1780905300000000,1.7548150684931507,1,0.73,eth-updown-5m-1780905000
poly_sniper_v5_eth_5m_l_ema50_hurst_grandparent_v8,1780905300000000,3.0602213114754098,1,0.61,eth-updown-5m-1780905000
poly_sniper_v5_eth_5m_l_ema50_hurst_grandparent_V10,1780905300000000,3.0602213114754098,1,0.61,eth-updown-5m-1780905000
poly_fast_taker_b2_nomerge_eth_5m,1780905300000000,1.5399999999999998,1,0.56,eth-updown-5m-1780905000
poly_sniper_v5_eth_5m_v5repl_off120_v6,1780905300000000,1.7548150684931507,1,0.73,eth-updown-5m-1780905000
poly_fast_taker_lagv2_eth_5m,1780905600000000,-10.264117647058823,0,0.68,eth-updown-5m-1780905300
poly_sniper_v5_eth_5m_l_ema50_hurst_grandparent_V10,1780905600000000,-5.0,0,0.42,eth-updown-5m-1780905300
poly_sniper_v5_eth_5m_cloud_vwap_hurstmp_v7_vL,1780905600000000,-5.0,0,0.42,eth-updown-5m-1780905300
poly_sniper_v5_eth_5m_l_ema50_hurst_grandparent_v8,1780905600000000,-5.0,0,0.42,eth-updown-5m-1780905300
poly_sniper_v5_eth_5m_ema50_hurst_parent15mrang_v7,1780905600000000,-5.0,0,0.42,eth-updown-5m-1780905300
poly_sniper_v5_eth_5m_ema50_hurst_parent15mrang_v7_vL,1780905600000000,-5.0,0,0.42,eth-updown-5m-1780905300
poly_sniper_v5_eth_5m_cloud_vwap_hurstmp_v7,1780905600000000,-5.0,0,0.42,eth-updown-5m-1780905300
poly_sniper_v5_eth_5m_ema50_hurst_parent15mrang_v7_vL,1780905900000000,1.4130064935064934,1,0.77,eth-updown-5m-1780905600
poly_sniper_v5_eth_5m_l_ema50_hurst_grandparent_v8,1780905900000000,1.4130064935064934,1,0.77,eth-updown-5m-1780905600
poly_sniper_v5_eth_5m_cloud_vwap_hurstmp_v7_vL,1780905900000000,1.4130064935064934,1,0.77,eth-updown-5m-1780905600
poly_sniper_v5_eth_5m_l_ema50_hurst_grandparent_V10,1780905900000000,1.4130064935064934,1,0.77,eth-updown-5m-1780905600
poly_sniper_v5_eth_5m_cloud_ribbon_mp_hurst_v6_vL,1780905900000000,1.4130064935064934,1,0.77,eth-updown-5m-1780905600
poly_sniper_v5_eth_5m_cloud_vwap_hurstmp_v7,1780905900000000,1.4130064935064934,1,0.77,eth-updown-5m-1780905600
poly_sniper_v5_eth_5m_v6c3_parent15mrang_v7,1780905900000000,1.4130064935064934,1,0.77,eth-updown-5m-1780905600
poly_sniper_v5_eth_5m_bb_mp_hurst_band_v6,1780905900000000,1.4130064935064934,1,0.77,eth-updown-5m-1780905600
poly_sniper_v5_eth_5m_cloud_ribbon_mp_hurst_v6,1780905900000000,1.4130064935064934,1,0.77,eth-updown-5m-1780905600
poly_sniper_v5_eth_5m_ema50_hurst_parent15mrang_v7,1780905900000000,1.4130064935064934,1,0.77,eth-updown-5m-1780905600
poly_fast_taker_lagv2_eth_5m,1780905900000000,9.703767605633805,1,0.71,eth-updown-5m-1780905600
poly_sniper_v5_eth_5m_cloud_ribbon_mp_hurst_V10,1780905900000000,1.4130064935064934,1,0.77,eth-updown-5m-1780905600
poly_sniper_v5_eth_5m_bb_mp_hurst_band_v6_vL,1780905900000000,1.4130064935064934,1,0.77,eth-updown-5m-1780905600
poly_sniper_v5_eth_5m_v6c3_parent15mrang_v7_vL,1780905900000000,1.4130064935064934,1,0.77,eth-updown-5m-1780905600
poly_fast_taker_lagv2_eth_5m,1780906200000000,-12.810625000000002,0,0.64,eth-updown-5m-1780905900
poly_fast_taker_b2_nomerge_eth_5m,1780906200000000,0.965373134328358,1,0.67,eth-updown-5m-1780905900
poly_sniper_v5_eth_5m_ema50_hurst_parent15mrang_v7_vL,1780906200000000,2.8070079365079366,1,0.63,eth-updown-5m-1780905900
poly_sniper_v5_eth_5m_ema50_hurst_parent15mrang_v7,1780906200000000,2.8070079365079366,1,0.63,eth-updown-5m-1780905900
poly_fast_taker_b2_nomerge_eth_5m,1780906500000000,1.362033898305085,1,0.59,eth-updown-5m-1780906200
shadow_scalp_exit_eth_5m_d3_control_v1,1780906500000000,3.3310762711864412,1,0.59,eth-updown-5m-1780906200
poly_sniper_v5_eth_5m_ema50_hurst_parent15mrang_v7,1780906800000000,-4.999999999999999,0,0.61,eth-updown-5m-1780906500
poly_sniper_v5_eth_5m_ema50_hurst_parent15mrang_v7_vL,1780906800000000,-4.999999999999999,0,0.61,eth-updown-5m-1780906500
poly_sniper_v5_eth_5m_cloud_ribbon_mp_hurst_V10,1780907100000000,1.1063395061728392,1,0.81,eth-updown-5m-1780906800
poly_sniper_v5_eth_5m_l_ema50_hurst_grandparent_v8,1780907100000000,1.1063395061728392,1,0.81,eth-updown-5m-1780906800
poly_sniper_v5_eth_5m_cloud_ribbon_mp_hurst_v6_vL,1780907100000000,1.1063395061728392,1,0.81,eth-updown-5m-1780906800
poly_sniper_v5_eth_5m_cloud_ribbon_mp_hurst_v6,1780907100000000,1.1063395061728392,1,0.81,eth-updown-5m-1780906800
poly_sniper_v5_eth_5m_v6c3_parent15mrang_v7_vL,1780907100000000,1.1063395061728392,1,0.81,eth-updown-5m-1780906800
poly_sniper_v5_eth_5m_lq_ema50_hurst_grandparent_prev15m_v8_vL,1780907100000000,1.1063395061728392,1,0.81,eth-updown-5m-1780906800
poly_sniper_v5_eth_5m_lq_ema50_hurst_grandparent_prev15m_v8,1780907100000000,1.1063395061728392,1,0.81,eth-updown-5m-1780906800
poly_sniper_v5_eth_5m_l_ema50_hurst_grandparent_V10,1780907100000000,1.1063395061728392,1,0.81,eth-updown-5m-1780906800
poly_fast_taker_lagv2_eth_5m,1780907100000000,12.849038461538461,1,0.65,eth-updown-5m-1780906800
poly_sniper_v5_eth_5m_v6c3_parent15mrang_v7,1780907100000000,1.1063395061728392,1,0.81,eth-updown-5m-1780906800
poly_sniper_v5_eth_5m_ema50_hurst_parent15mrang_v7_vL,1780907100000000,1.1063395061728392,1,0.81,eth-updown-5m-1780906800
poly_sniper_v5_eth_5m_ema50_hurst_parent15mrang_v7,1780907100000000,1.1063395061728392,1,0.81,eth-updown-5m-1780906800
poly_sniper_v5_eth_5m_ema50_hurst_parent15mrang_v7_vL,1780907400000000,2.6865,1,0.64,eth-updown-5m-1780907100
poly_sniper_v5_eth_5m_ema200_vwap_regimerang_xa3_v7,1780907400000000,1.402519011194749,1,0.7712997389447037,eth-updown-5m-1780907100
poly_sniper_v5_eth_5m_ema50_hurst_parent15mrang_v7,1780907400000000,2.6865,1,0.64,eth-updown-5m-1780907100
poly_sniper_v5_eth_5m_bb_mp_hurst_band_v6,1780907700000000,2.569807692307692,1,0.65,eth-updown-5m-1780907400
poly_sniper_v5_eth_5m_ema50_hurst_parent15mrang_v7_vL,1780907700000000,2.569807692307692,1,0.65,eth-updown-5m-1780907400
poly_sniper_v5_eth_5m_cloud_vwap_hurstmp_v7,1780907700000000,2.569807692307692,1,0.65,eth-updown-5m-1780907400
poly_sniper_v5_eth_5m_cloud_vwap_hurstmp_v7_vL,1780907700000000,2.569807692307692,1,0.65,eth-updown-5m-1780907400
poly_sniper_v5_eth_5m_cloud_ribbon_mp_hurst_v6_vL,1780907700000000,2.569807692307692,1,0.65,eth-updown-5m-1780907400
poly_sniper_v5_eth_5m_v6c3_parent15mrang_v7,1780907700000000,2.569807692307692,1,0.65,eth-updown-5m-1780907400
poly_sniper_v5_eth_5m_ema50_hurst_parent15mrang_v7,1780907700000000,2.569807692307692,1,0.65,eth-updown-5m-1780907400
poly_sniper_v5_eth_5m_v6c3_parent15mrang_v7_vL,1780907700000000,2.569807692307692,1,0.65,eth-updown-5m-1780907400
poly_sniper_v5_eth_5m_cloud_ribbon_mp_hurst_v6,1780907700000000,2.569807692307692,1,0.65,eth-updown-5m-1780907400
poly_sniper_v5_eth_5m_bb_mp_hurst_band_v6_vL,1780907700000000,2.569807692307692,1,0.65,eth-updown-5m-1780907400
poly_sniper_v5_eth_5m_ema200_vwap_regimerang_xa3_v7,1780907700000000,-5.0,0,0.5654761904761906,eth-updown-5m-1780907400
poly_sniper_v5_eth_5m_l_ema50_hurst_grandparent_v8,1780908000000000,2.456757575757575,1,0.66,eth-updown-5m-1780907700
poly_sniper_v5_eth_5m_lq_ema50_hurst_grandparent_prev15m_v8_vL,1780908000000000,2.456757575757575,1,0.66,eth-updown-5m-1780907700
poly_sniper_v5_eth_5m_lq_ema50_hurst_grandparent_prev15m_v8,1780908000000000,2.456757575757575,1,0.66,eth-updown-5m-1780907700
poly_fast_taker_lagv2_eth_5m,1780908000000000,10.689384057971017,1,0.69,eth-updown-5m-1780907700
poly_sniper_v5_eth_5m_bb_mp_hurst_band_v6,1780908000000000,2.456757575757575,1,0.66,eth-updown-5m-1780907700
poly_sniper_v5_eth_5m_bb_mp_hurst_band_v6_vL,1780908000000000,2.456757575757575,1,0.66,eth-updown-5m-1780907700
poly_sniper_v5_eth_5m_l_ema50_hurst_grandparent_V10,1780908000000000,2.456757575757575,1,0.66,eth-updown-5m-1780907700
poly_sniper_v5_eth_5m_bb_mp_hurst_band_v6_vL,1780908300000000,1.940753521126761,1,0.71,eth-updown-5m-1780908000
poly_sniper_v5_eth_5m_cloud_ribbon_mp_hurst_v6,1780908300000000,1.940753521126761,1,0.71,eth-updown-5m-1780908000
poly_sniper_v5_eth_5m_l_ema50_hurst_grandparent_V10,1780908300000000,1.940753521126761,1,0.71,eth-updown-5m-1780908000
poly_sniper_v5_eth_5m_cloud_ribbon_mp_hurst_v6_vL,1780908300000000,1.940753521126761,1,0.71,eth-updown-5m-1780908000
poly_sniper_v5_eth_5m_bb_mp_hurst_band_v6,1780908300000000,1.940753521126761,1,0.71,eth-updown-5m-1780908000
poly_sniper_v5_eth_5m_cloud_ribbon_mp_hurst_V10,1780908300000000,1.940753521126761,1,0.71,eth-updown-5m-1780908000
poly_sniper_v5_eth_5m_cloud_vwap_hurstmp_v7_vL,1780908300000000,1.940753521126761,1,0.71,eth-updown-5m-1780908000
poly_sniper_v5_eth_5m_l_ema50_hurst_grandparent_v8,1780908300000000,1.940753521126761,1,0.71,eth-updown-5m-1780908000
poly_sniper_v5_eth_5m_cloud_vwap_hurstmp_v7,1780908300000000,1.940753521126761,1,0.71,eth-updown-5m-1780908000
poly_sniper_v5_eth_5m_ema200_vwap_regimerang_xa3_v7,1780908600000000,1.4949473684210524,1,0.76,eth-updown-5m-1780908300
poly_sniper_v5_eth_5m_cloud_ribbon_mp_hurst_v6_vL,1780908900000000,2.931516129032258,1,0.62,eth-updown-5m-1780908600
poly_sniper_v5_eth_5m_lq_ema50_hurst_grandparent_prev15m_v8_vL,1780908900000000,2.931516129032258,1,0.62,eth-updown-5m-1780908600
poly_fast_taker_lagv2_eth_5m,1780908900000000,15.966666666666667,1,0.6,eth-updown-5m-1780908600
poly_sniper_v5_eth_5m_ema50_hurst_parent15mrang_v7_vL,1780908900000000,2.931516129032258,1,0.62,eth-updown-5m-1780908600
poly_sniper_v5_eth_5m_cloud_vwap_hurstmp_v7_vL,1780908900000000,2.931516129032258,1,0.62,eth-updown-5m-1780908600
poly_sniper_v5_eth_5m_bb_mp_hurst_band_v6_vL,1780908900000000,2.931516129032258,1,0.62,eth-updown-5m-1780908600
poly_sniper_v5_eth_5m_v6c3_parent15mrang_v7_vL,1780908900000000,2.931516129032258,1,0.62,eth-updown-5m-1780908600
poly_sniper_v5_eth_5m_ema200_vwap_regimerang_xa3_v7,1780908900000000,1.2556139240506328,1,0.79,eth-updown-5m-1780908600
poly_sniper_v5_eth_5m_lq_ema50_hurst_grandparent_prev15m_v8,1780909200000000,2.0378571428571433,1,0.7,eth-updown-5m-1780908900
poly_sniper_v5_eth_5m_ema50_hurst_parent15mrang_v7_vL,1780909200000000,2.0378571428571433,1,0.7,eth-updown-5m-1780908900
poly_sniper_v5_eth_5m_bb_mp_hurst_band_v6_vL,1780909200000000,2.0378571428571433,1,0.7,eth-updown-5m-1780908900
poly_sniper_v5_eth_5m_bb_mp_hurst_band_v6,1780909200000000,2.0378571428571433,1,0.7,eth-updown-5m-1780908900
poly_sniper_v5_eth_5m_lq_ema50_hurst_grandparent_prev15m_v8_vL,1780909200000000,2.0378571428571433,1,0.7,eth-updown-5m-1780908900
poly_sniper_v5_eth_5m_l_ema50_hurst_grandparent_v8,1780909200000000,2.0378571428571433,1,0.7,eth-updown-5m-1780908900
poly_sniper_v5_eth_5m_ema50_hurst_parent15mrang_v7,1780909200000000,2.0378571428571433,1,0.7,eth-updown-5m-1780908900
poly_sniper_v5_eth_5m_ema50_hurst_parent15mrang_v7,1780909500000000,-5.0,0,0.4752475247524752,eth-updown-5m-1780909200
poly_sniper_v5_eth_5m_cloud_ribbon_mp_hurst_v6_vL,1780909500000000,-5.0,0,0.4752475247524752,eth-updown-5m-1780909200
poly_sniper_v5_eth_5m_cloud_ribbon_mp_hurst_v6,1780909500000000,-5.0,0,0.4752475247524752,eth-updown-5m-1780909200
poly_sniper_v5_eth_5m_v6c3_parent15mrang_v7,1780909500000000,-5.0,0,0.4752475247524752,eth-updown-5m-1780909200
poly_sniper_v5_eth_5m_bb_mp_hurst_band_v6_vL,1780909500000000,-5.0,0,0.4752475247524752,eth-updown-5m-1780909200
poly_sniper_v5_eth_5m_lq_ema50_hurst_grandparent_prev15m_v8_vL,1780909500000000,-5.0,0,0.4752475247524752,eth-updown-5m-1780909200
poly_sniper_v5_eth_5m_ema50_hurst_parent15mrang_v7_vL,1780909500000000,-5.0,0,0.4752475247524752,eth-updown-5m-1780909200
poly_sniper_v5_eth_5m_lq_ema50_hurst_grandparent_prev15m_v8,1780909500000000,-5.0,0,0.4752475247524752,eth-updown-5m-1780909200
poly_sniper_v5_eth_5m_bb_mp_hurst_band_v6,1780909500000000,-5.0,0,0.4752475247524752,eth-updown-5m-1780909200
poly_sniper_v5_eth_5m_cloud_vwap_hurstmp_v7_vL,1780909500000000,-5.0,0,0.4752475247524752,eth-updown-5m-1780909200
poly_sniper_v5_eth_5m_bb_mp_hurst_band_V10,1780909500000000,-5.0,0,0.4752475247524752,eth-updown-5m-1780909200
poly_sniper_v5_eth_5m_l_ema50_hurst_grandparent_v8,1780909500000000,-5.0,0,0.4752475247524752,eth-updown-5m-1780909200
poly_sniper_v5_eth_5m_v6c3_parent15mrang_v7_vL,1780909500000000,-5.0,0,0.4752475247524752,eth-updown-5m-1780909200
poly_sniper_v5_eth_5m_cloud_ribbon_mp_hurst_V10,1780909500000000,-5.0,0,0.4752475247524752,eth-updown-5m-1780909200
poly_sniper_v5_eth_5m_cloud_vwap_hurstmp_v7,1780909500000000,-5.0,0,0.4752475247524752,eth-updown-5m-1780909200
poly_fast_taker_lagv2_eth_5m,1780910100000000,-7.78688524590164,0,0.61,eth-updown-5m-1780909800
poly_sniper_v5_eth_5m_l_ema50_hurst_grandparent_v8,1780909800000000,3.93340909090909,1,0.55,eth-updown-5m-1780909500
poly_sniper_v5_eth_5m_bb_mp_hurst_band_v6,1780909800000000,3.93340909090909,1,0.55,eth-updown-5m-1780909500
poly_sniper_v5_eth_5m_bb_mp_hurst_band_v6_vL,1780909800000000,3.93340909090909,1,0.55,eth-updown-5m-1780909500
poly_sniper_v5_eth_5m_lq_ema50_hurst_grandparent_prev15m_v8,1780909800000000,3.93340909090909,1,0.55,eth-updown-5m-1780909500
poly_sniper_v5_eth_5m_cloud_vwap_hurstmp_v7_vL,1780909800000000,3.93340909090909,1,0.55,eth-updown-5m-1780909500
poly_sniper_v5_eth_5m_cloud_ribbon_mp_hurst_v6,1780909800000000,3.93340909090909,1,0.55,eth-updown-5m-1780909500
poly_sniper_v5_eth_5m_cloud_ribbon_mp_hurst_V10,1780909800000000,3.93340909090909,1,0.55,eth-updown-5m-1780909500
poly_sniper_v5_eth_5m_lq_ema50_hurst_grandparent_prev15m_v8_vL,1780909800000000,3.93340909090909,1,0.55,eth-updown-5m-1780909500
poly_sniper_v5_eth_5m_cloud_vwap_hurstmp_v7,1780909800000000,3.93340909090909,1,0.55,eth-updown-5m-1780909500
poly_sniper_v5_eth_5m_cloud_ribbon_mp_hurst_v6_vL,1780909800000000,3.93340909090909,1,0.55,eth-updown-5m-1780909500
poly_fast_taker_b2_nomerge_eth_5m,1780910100000000,-2.0,0,0.59,eth-updown-5m-1780909800
poly_fast_taker_lagv2_eth_5m,1780910400000000,-10.430437704918035,0,0.61,eth-updown-5m-1780910100
poly_sniper_v5_eth_5m_ema200_vwap_regimerang_xa3_v7,1780910400000000,14.348474453523881,1,0.2549819551231759,eth-updown-5m-1780910100
poly_sniper_v5_eth_5m_l_ema50_hurst_grandparent_v8,1780910400000000,-5.0,0,0.8,eth-updown-5m-1780910100
poly_sniper_v5_eth_5m_lq_ema50_hurst_grandparent_prev15m_v8_vL,1780910400000000,-5.0,0,0.8,eth-updown-5m-1780910100
poly_sniper_v5_eth_5m_lq_ema50_hurst_grandparent_prev15m_v8,1780910400000000,-5.0,0,0.8,eth-updown-5m-1780910100
poly_fast_taker_lagv2_eth_5m,1780910700000000,-20.485633333333332,0,0.6,eth-updown-5m-1780910400
poly_sniper_v5_eth_5m_bb_mp_hurst_band_v6_vL,1780910700000000,-5.0,0,0.77,eth-updown-5m-1780910400
poly_sniper_v5_eth_5m_v6c3_parent15mrang_v7_vL,1780910700000000,-5.0,0,0.77,eth-updown-5m-1780910400
poly_sniper_v5_eth_5m_ema50_hurst_parent15mrang_v7_vL,1780910700000000,-5.0,0,0.77,eth-updown-5m-1780910400
poly_sniper_v5_eth_5m_cloud_vwap_hurstmp_v7_vL,1780910700000000,-5.0,0,0.77,eth-updown-5m-1780910400
poly_sniper_v5_eth_5m_v6c3_parent15mrang_v7,1780910700000000,-5.0,0,0.77,eth-updown-5m-1780910400
poly_sniper_v5_eth_5m_bb_mp_hurst_band_v6,1780910700000000,-5.0,0,0.77,eth-updown-5m-1780910400
poly_sniper_v5_eth_5m_cloud_mp_sms_active_off120,1780910700000000,10.196122654442634,1,0.32398680490103676,eth-updown-5m-1780910400
poly_sniper_v5_eth_5m_cloud_vwap_hurstmp_v7,1780910700000000,-5.0,0,0.77,eth-updown-5m-1780910400
poly_sniper_v5_eth_5m_up_a2_hlcascade25k_v9,1780910700000000,-5.0,0,0.56,eth-updown-5m-1780910400
poly_sniper_v5_eth_5m_cloud_ribbon_mp_hurst_v6_vL,1780910700000000,-5.0,0,0.77,eth-updown-5m-1780910400
poly_sniper_v5_eth_5m_cloud_ribbon_mp_hurst_v6,1780910700000000,-5.0,0,0.77,eth-updown-5m-1780910400
poly_sniper_v5_eth_5m_ema200_vwap_regimerang_xa3_v7,1780910700000000,-5.0,0,0.74,eth-updown-5m-1780910400
poly_sniper_v5_eth_5m_ema50_hurst_parent15mrang_v7,1780910700000000,-5.0,0,0.77,eth-updown-5m-1780910400
poly_sniper_v5_eth_5m_cloud_vwap_hurstmp_v7_vL,1780911000000000,-5.0,0,0.6,eth-updown-5m-1780910700
poly_sniper_v5_eth_5m_bb_mp_hurst_band_v6_vL,1780911000000000,-5.0,0,0.6,eth-updown-5m-1780910700
poly_sniper_v5_eth_5m_bb_mp_hurst_band_v6,1780911000000000,-5.0,0,0.6,eth-updown-5m-1780910700
poly_sniper_v5_eth_5m_ema50_hurst_parent15mrang_v7,1780911000000000,-5.0,0,0.6,eth-updown-5m-1780910700
poly_sniper_v5_eth_5m_ema50_hurst_parent15mrang_v7_vL,1780911000000000,-5.0,0,0.6,eth-updown-5m-1780910700
poly_sniper_v5_eth_5m_cloud_vwap_hurstmp_v7,1780911000000000,-5.0,0,0.6,eth-updown-5m-1780910700
poly_fast_taker_lagv2_eth_5m,1780911300000000,-13.853026229508195,0,0.61,eth-updown-5m-1780911000
poly_sniper_v5_eth_5m_ema50_hurst_parent15mrang_v7,1780911300000000,-5.0,0,0.53,eth-updown-5m-1780911000
poly_sniper_v5_eth_5m_ema200_vwap_regimerang_xa3_v7,1780911300000000,-5.0,0,0.67,eth-updown-5m-1780911000
poly_sniper_v5_eth_5m_ema50_hurst_parent15mrang_v7_vL,1780911300000000,-5.0,0,0.53,eth-updown-5m-1780911000
shadow_oracle_settle_eth_5m,1780911600000000,0.3518440860215051,1,0.93,eth-updown-5m-1780911300
poly_fast_taker_lagv2_eth_5m,1780911600000000,14.035039682539683,1,0.63,eth-updown-5m-1780911300
poly_sniper_v5_eth_5m_l_ema50_hurst_grandparent_v8,1780911600000000,-5.0,0,0.55,eth-updown-5m-1780911300
poly_sniper_v5_eth_5m_ema50_hurst_parent15mrang_v7,1780911600000000,-5.0,0,0.55,eth-updown-5m-1780911300
poly_sniper_v5_eth_5m_l_ema50_hurst_grandparent_V10,1780911600000000,-5.0,0,0.55,eth-updown-5m-1780911300
poly_sniper_v5_eth_5m_ema50_hurst_parent15mrang_v7_vL,1780911600000000,-5.0,0,0.55,eth-updown-5m-1780911300
poly_fast_taker_b2_nomerge_eth_5m,1780911600000000,1.1025,1,0.64,eth-updown-5m-1780911300
poly_sniper_v5_eth_5m_l_ema50_hurst_grandparent_v8,1780911900000000,-5.0,0,0.65,eth-updown-5m-1780911600
poly_sniper_v5_eth_5m_ema50_hurst_parent15mrang_v7_vL,1780911900000000,-5.0,0,0.65,eth-updown-5m-1780911600
poly_sniper_v5_eth_5m_ema50_hurst_parent15mrang_v7,1780911900000000,-5.0,0,0.65,eth-updown-5m-1780911600
poly_sniper_v5_eth_5m_ema50_hurst_parent15mrang_v7_vL,1780912200000000,2.8070079365079366,1,0.63,eth-updown-5m-1780911900
poly_sniper_v5_eth_5m_ema50_hurst_parent15mrang_v7,1780912200000000,2.8070079365079366,1,0.63,eth-updown-5m-1780911900
poly_sniper_v5_eth_5m_ema50_hurst_parent15mrang_v7,1780912500000000,4.098259259259258,1,0.54,eth-updown-5m-1780912200
poly_sniper_v5_eth_5m_ema50_hurst_parent15mrang_v7_vL,1780912500000000,4.098259259259258,1,0.54,eth-updown-5m-1780912200
poly_sniper_v5_eth_5m_ema50_hurst_parent15mrang_v7,1780912800000000,2.456757575757575,1,0.66,eth-updown-5m-1780912500
poly_sniper_v5_eth_5m_a2_hlcascade50k_v9,1780912800000000,5.025581632653061,1,0.49,eth-updown-5m-1780912500
poly_sniper_v5_eth_5m_ema50_hurst_parent15mrang_v7_vL,1780912800000000,2.456757575757575,1,0.66,eth-updown-5m-1780912500
poly_fast_taker_b2_nomerge_eth_5m,1780912800000000,1.4785964912280705,1,0.57,eth-updown-5m-1780912500
poly_sniper_v5_eth_5m_up_a2_hlcascade25k_v9,1780912800000000,5.025581632653061,1,0.49,eth-updown-5m-1780912500
poly_sniper_v5_eth_5m_a2_hlcascade50k_v9,1780912800000000,-5.0,0,0.52,eth-updown-5m-1780912500
poly_sniper_v5_eth_5m_l_ema50_hurst_grandparent_V10,1780913700000000,5.025581632653061,1,0.49,eth-updown-5m-1780913400
poly_sniper_v5_eth_5m_l_ema50_hurst_grandparent_v8,1780913700000000,5.025581632653061,1,0.49,eth-updown-5m-1780913400
poly_fast_taker_lagv2_eth_5m,1780914300000000,13.432500000000001,1,0.64,eth-updown-5m-1780914000
poly_fast_taker_b2_nomerge_eth_5m,1780914300000000,1.2531147540983607,1,0.61,eth-updown-5m-1780914000
poly_sniper_v5_eth_5m_ema200_vwap_regimerang_xa3_v7,1780914300000000,1.6657567567567568,1,0.74,eth-updown-5m-1780914000
poly_fast_taker_lagv2_eth_5m,1780914600000000,16.655381355932207,1,0.59,eth-updown-5m-1780914300
poly_sniper_v5_eth_5m_cloud_vwap_hurstmp_v7_vL,1780914900000000,-5.0,0,0.55,eth-updown-5m-1780914600
poly_sniper_v5_eth_5m_l_ema50_hurst_grandparent_v8,1780914900000000,-5.0,0,0.55,eth-updown-5m-1780914600
poly_sniper_v5_eth_5m_l_ema50_hurst_grandparent_V10,1780914900000000,-5.0,0,0.55,eth-updown-5m-1780914600
poly_sniper_v5_eth_5m_bb_mp_hurst_band_v6_vL,1780914900000000,-5.0,0,0.55,eth-updown-5m-1780914600
poly_sniper_v5_eth_5m_bb_mp_hurst_band_V10,1780914900000000,-5.0,0,0.55,eth-updown-5m-1780914600
poly_sniper_v5_eth_5m_cloud_vwap_hurstmp_v7,1780914900000000,-5.0,0,0.55,eth-updown-5m-1780914600
poly_sniper_v5_eth_5m_bb_mp_hurst_band_v6,1780914900000000,-5.0,0,0.55,eth-updown-5m-1780914600
poly_sniper_v5_eth_5m_bb_mp_hurst_band_v6,1780915200000000,2.569807692307692,1,0.65,eth-updown-5m-1780914900
poly_sniper_v5_eth_5m_a2_hlcascade50k_v9,1780915200000000,-5.0,0,0.51,eth-updown-5m-1780914900
poly_sniper_v5_eth_5m_l_ema50_hurst_grandparent_v8,1780915200000000,2.569807692307692,1,0.65,eth-updown-5m-1780914900
poly_sniper_v5_eth_5m_l_ema50_hurst_grandparent_V10,1780915200000000,2.569807692307692,1,0.65,eth-updown-5m-1780914900
poly_sniper_v5_eth_5m_up_a2_hlcascade25k_v9,1780915200000000,-5.0,0,0.51,eth-updown-5m-1780914900
poly_sniper_v5_eth_5m_a2_hlcascade50k_v9,1780915200000000,4.825,1,0.5,eth-updown-5m-1780914900
poly_fast_taker_lagv2_eth_5m,1780915200000000,18.10714912280702,1,0.57,eth-updown-5m-1780914900
poly_sniper_v5_eth_5m_bb_mp_hurst_band_v6_vL,1780915200000000,2.569807692307692,1,0.65,eth-updown-5m-1780914900
poly_fast_taker_lagv2_eth_5m,1780915500000000,-14.863934426229509,0,0.61,eth-updown-5m-1780915200
poly_sniper_v5_eth_5m_cloud_ribbon_mp_hurst_v6,1780915800000000,4.269462264150942,1,0.53,eth-updown-5m-1780915500
poly_sniper_v5_eth_5m_ema200_vwap_regimerang_xa3_v7,1780915800000000,1.4130064935064934,1,0.77,eth-updown-5m-1780915500
poly_sniper_v5_eth_5m_cloud_ribbon_mp_hurst_V10,1780915800000000,4.269462264150942,1,0.53,eth-updown-5m-1780915500
poly_sniper_v5_eth_5m_bb_mp_hurst_band_v6_vL,1780915800000000,4.269462264150942,1,0.53,eth-updown-5m-1780915500
poly_sniper_v5_eth_5m_l_ema50_hurst_grandparent_V10,1780915800000000,4.269462264150942,1,0.53,eth-updown-5m-1780915500
poly_sniper_v5_eth_5m_l_ema50_hurst_grandparent_v8,1780915800000000,4.269462264150942,1,0.53,eth-updown-5m-1780915500
poly_sniper_v5_eth_5m_cloud_vwap_hurstmp_v7_vL,1780915800000000,4.269462264150942,1,0.53,eth-updown-5m-1780915500
poly_sniper_v5_eth_5m_cloud_vwap_hurstmp_v7,1780915800000000,4.269462264150942,1,0.53,eth-updown-5m-1780915500
poly_sniper_v5_eth_5m_cloud_ribbon_mp_hurst_v6_vL,1780915800000000,4.269462264150942,1,0.53,eth-updown-5m-1780915500
poly_sniper_v5_eth_5m_bb_mp_hurst_band_v6,1780915800000000,4.269462264150942,1,0.53,eth-updown-5m-1780915500
poly_sniper_v5_eth_5m_ema50_hurst_parent15mrang_v7_vL,1780916400000000,1.940753521126761,1,0.71,eth-updown-5m-1780916100
poly_fast_taker_b2_nomerge_eth_5m,1780916400000000,1.201290322580645,1,0.62,eth-updown-5m-1780916100
poly_sniper_v5_eth_5m_v6c3_parent15mrang_v7_vL,1780916700000000,0.7649534883720924,1,0.8600000000000001,eth-updown-5m-1780916400
poly_sniper_v5_eth_5m_ema50_hurst_parent15mrang_v7_vL,1780916700000000,0.7649534883720924,1,0.8600000000000001,eth-updown-5m-1780916400
poly_sniper_v5_eth_5m_cloud_ribbon_mp_hurst_v6_vL,1780916700000000,0.7649534883720924,1,0.8600000000000001,eth-updown-5m-1780916400
poly_sniper_v5_eth_5m_cloud_vwap_hurstmp_v7_vL,1780917000000000,-5.0,0,0.39178812098417176,eth-updown-5m-1780916700
poly_sniper_v5_eth_5m_ema50_hurst_parent15mrang_v7_vL,1780917000000000,-5.0,0,0.39178812098417176,eth-updown-5m-1780916700
poly_sniper_v5_eth_5m_bb_mp_hurst_band_V10,1780917000000000,-5.0,0,0.39178812098417176,eth-updown-5m-1780916700
poly_sniper_v5_eth_5m_bb_mp_hurst_band_v6_vL,1780917000000000,-5.0,0,0.39178812098417176,eth-updown-5m-1780916700
poly_sniper_v5_eth_5m_bb_mp_hurst_band_v6,1780917000000000,-5.0,0,0.39178812098417176,eth-updown-5m-1780916700
poly_sniper_v5_eth_5m_cloud_vwap_hurstmp_v7,1780917000000000,-5.0,0,0.39178812098417176,eth-updown-5m-1780916700
poly_fast_taker_lagv2_eth_5m,1780917000000000,10.189285714285715,1,0.7,eth-updown-5m-1780916700
poly_sniper_v5_eth_5m_ema50_hurst_parent15mrang_v7,1780917000000000,-5.0,0,0.39178812098417176,eth-updown-5m-1780916700
poly_fast_taker_b2_nomerge_eth_5m,1780917300000000,-2.0,0,0.58,eth-updown-5m-1780917000
poly_sniper_v5_eth_5m_v6c3_parent15mrang_v7_vL,1780917600000000,0.8963809523809526,1,0.84,eth-updown-5m-1780917300
poly_sniper_v5_eth_5m_cloud_ribbon_mp_hurst_v6_vL,1780917600000000,0.8963809523809526,1,0.84,eth-updown-5m-1780917300
poly_sniper_v5_eth_5m_a2_hlcascade50k_v9,1780917600000000,-5.0,0,0.34,eth-updown-5m-1780917300
poly_sniper_v5_eth_5m_a2_hlcascade50k_v9,1780917600000000,2.3471865671641785,1,0.67,eth-updown-5m-1780917300
poly_sniper_v5_eth_5m_ema50_hurst_parent15mrang_v7_vL,1780917600000000,0.8963809523809526,1,0.84,eth-updown-5m-1780917300
poly_sniper_v5_eth_5m_up_a2_hlcascade25k_v9,1780917600000000,2.3471865671641785,1,0.67,eth-updown-5m-1780917300
poly_fast_taker_lagv2_eth_5m,1780917900000000,-9.642857142857142,0,0.7,eth-updown-5m-1780917600
poly_fast_taker_b2_nomerge_eth_5m,1780917900000000,-2.0,0,0.59,eth-updown-5m-1780917600
poly_sniper_v5_eth_5m_up_a2_hlcascade25k_v9,1780917900000000,15.567333333333336,1,0.23999999999999996,eth-updown-5m-1780917600
poly_fast_taker_lagv2_eth_5m,1780918200000000,-5.7400714285714285,0,0.56,eth-updown-5m-1780917900
poly_sniper_v5_eth_5m_bb_mp_hurst_band_v6,1780918200000000,-5.0,0,0.65,eth-updown-5m-1780917900
poly_sniper_v5_eth_5m_cloud_vwap_hurstmp_v7_vL,1780918200000000,-5.0,0,0.65,eth-updown-5m-1780917900
poly_sniper_v5_eth_5m_cloud_ribbon_mp_hurst_v6_vL,1780918200000000,-5.0,0,0.65,eth-updown-5m-1780917900
poly_fast_taker_b2_nomerge_eth_5m,1780918200000000,-2.0,0,0.49,eth-updown-5m-1780917900
poly_sniper_v5_eth_5m_l_ema50_hurst_grandparent_v8,1780918200000000,-5.0,0,0.65,eth-updown-5m-1780917900
poly_sniper_v5_eth_5m_cloud_ribbon_mp_hurst_V10,1780918200000000,-5.0,0,0.65,eth-updown-5m-1780917900
poly_sniper_v5_eth_5m_up_a2_hlcascade25k_v9,1780918200000000,-5.0,0,0.49,eth-updown-5m-1780917900
poly_sniper_v5_eth_5m_bb_mp_hurst_band_v6_vL,1780918200000000,-5.0,0,0.65,eth-updown-5m-1780917900
poly_sniper_v5_eth_5m_cloud_vwap_hurstmp_v7,1780918200000000,-5.0,0,0.65,eth-updown-5m-1780917900
poly_sniper_v5_eth_5m_cloud_ribbon_mp_hurst_v6,1780918200000000,-5.0,0,0.65,eth-updown-5m-1780917900
poly_sniper_v5_eth_5m_cloud_ribbon_mp_hurst_V10,1780918800000000,1.8464444444444446,1,0.72,eth-updown-5m-1780918500
poly_sniper_v5_eth_5m_cloud_ribbon_mp_hurst_v6,1780918800000000,1.8464444444444446,1,0.72,eth-updown-5m-1780918500
poly_sniper_v5_eth_5m_cloud_vwap_hurstmp_v7,1780918800000000,1.8464444444444446,1,0.72,eth-updown-5m-1780918500
poly_sniper_v5_eth_5m_cloud_ribbon_mp_hurst_v6_vL,1780918800000000,1.8464444444444446,1,0.72,eth-updown-5m-1780918500
poly_sniper_v5_eth_5m_bb_mp_hurst_band_v6_vL,1780918800000000,1.8464444444444446,1,0.72,eth-updown-5m-1780918500
poly_sniper_v5_eth_5m_bb_mp_hurst_band_v6,1780918800000000,1.8464444444444446,1,0.72,eth-updown-5m-1780918500
poly_sniper_v5_eth_5m_cloud_vwap_hurstmp_v7_vL,1780918800000000,1.8464444444444446,1,0.72,eth-updown-5m-1780918500
poly_fast_taker_lagv2_eth_5m,1780918800000000,14.657580645161291,1,0.62,eth-updown-5m-1780918500
poly_sniper_v5_eth_5m_l_ema50_hurst_grandparent_V10,1780918800000000,1.8464444444444446,1,0.72,eth-updown-5m-1780918500
poly_sniper_v5_eth_5m_l_ema50_hurst_grandparent_v8,1780918800000000,1.8464444444444446,1,0.72,eth-updown-5m-1780918500
poly_sniper_v5_eth_5m_a2_hlcascade50k_v9,1780919100000000,-5.0,0,0.4,eth-updown-5m-1780918800
poly_sniper_v5_eth_5m_a2_hlcascade50k_v9,1780919100000000,3.0602213114754098,1,0.61,eth-updown-5m-1780918800
poly_fast_taker_b2_nomerge_eth_5m,1780919100000000,1.156088888888889,1,0.6289936102236422,eth-updown-5m-1780918800
poly_sniper_v5_eth_5m_tr200_mp_sms_active_off120,1780919100000000,0.9645963855421689,1,0.83,eth-updown-5m-1780918800
poly_sniper_v5_eth_5m_v5repl_off120_v6,1780919100000000,0.9645963855421689,1,0.83,eth-updown-5m-1780918800
poly_sniper_v5_eth_5m_up_a2_hlcascade25k_v9,1780919100000000,-5.0,0,0.4,eth-updown-5m-1780918800
poly_fast_taker_lagv2_eth_5m,1780919700000000,-8.108108108108107,0,0.74,eth-updown-5m-1780919400
poly_fast_taker_b2_nomerge_eth_5m,1780919700000000,0.6886486486486487,1,0.74,eth-updown-5m-1780919400
poly_fast_taker_lagv2_eth_5m,1780920000000000,-15.050434920634919,0,0.6215567727983077,eth-updown-5m-1780919700
poly_sniper_v5_eth_5m_bb_mp_hurst_band_v6_vL,1780920000000000,-5.0,0,0.64,eth-updown-5m-1780919700
poly_fast_taker_b2_nomerge_eth_5m,1780920000000000,-2.0,0,0.59,eth-updown-5m-1780919700
poly_fast_taker_b2_nomerge_eth_5m,1780920600000000,0.8005633802816903,1,0.71,eth-updown-5m-1780920300
poly_sniper_v5_eth_5m_l_ema50_hurst_grandparent_v8,1780920900000000,-5.0,0,0.5282672833107408,eth-updown-5m-1780920600
poly_sniper_v5_eth_5m_cloud_vwap_hurstmp_v7_vL,1780920900000000,-5.0,0,0.5282672833107408,eth-updown-5m-1780920600
poly_sniper_v5_eth_5m_l_ema50_hurst_grandparent_V10,1780920900000000,-5.0,0,0.5282672833107408,eth-updown-5m-1780920600
poly_sniper_v5_eth_5m_bb_mp_hurst_band_v6_vL,1780920900000000,-5.0,0,0.5282672833107408,eth-updown-5m-1780920600
poly_fast_taker_b2_nomerge_eth_5m,1780920900000000,1.5714999999999992,1,0.5550049554013876,eth-updown-5m-1780920600
poly_sniper_v5_eth_5m_cloud_vwap_hurstmp_v7,1780920900000000,-5.0,0,0.5282672833107408,eth-updown-5m-1780920600
poly_sniper_v5_eth_5m_bb_mp_hurst_band_v6,1780920900000000,-5.0,0,0.5282672833107408,eth-updown-5m-1780920600
poly_sniper_v5_eth_5m_bb_mp_hurst_band_V10,1780920900000000,-5.0,0,0.5282672833107408,eth-updown-5m-1780920600
poly_fast_taker_lagv2_eth_5m,1780921500000000,-8.48214285714286,0,0.56,eth-updown-5m-1780921200
poly_sniper_v5_eth_5m_v5repl_off120_v6,1780921200000000,0.7649534883720924,1,0.8600000000000001,eth-updown-5m-1780920900
poly_sniper_v5_eth_5m_tr200_mp_sms_active_off120,1780921200000000,0.7649534883720924,1,0.8600000000000001,eth-updown-5m-1780920900
poly_fast_taker_b2_nomerge_eth_5m,1780921200000000,1.0096969696969698,1,0.66,eth-updown-5m-1780920900
poly_sniper_v5_eth_5m_l_ema50_hurst_grandparent_v8,1780921500000000,2.2409411764705878,1,0.68,eth-updown-5m-1780921200
poly_fast_taker_b2_nomerge_eth_5m,1780921500000000,-2.0,0,0.55,eth-updown-5m-1780921200
poly_sniper_v5_eth_5m_l_ema50_hurst_grandparent_V10,1780921500000000,2.2409411764705878,1,0.68,eth-updown-5m-1780921200
poly_sniper_v5_eth_5m_bb_mp_hurst_band_v6_vL,1780922100000000,1.33325641025641,1,0.78,eth-updown-5m-1780921800
poly_sniper_v5_eth_5m_cloud_ribbon_mp_hurst_v6_vL,1780922100000000,1.33325641025641,1,0.78,eth-updown-5m-1780921800
poly_sniper_v5_eth_5m_cloud_vwap_hurstmp_v7_vL,1780922100000000,1.33325641025641,1,0.78,eth-updown-5m-1780921800
poly_sniper_v5_eth_5m_up_a2_hlcascade25k_v9,1780922100000000,3.7745714285714276,1,0.56,eth-updown-5m-1780921800
poly_sniper_v5_eth_5m_ema50_hurst_parent15mrang_v7_vL,1780922400000000,3.621429824561404,1,0.57,eth-updown-5m-1780922100
poly_sniper_v5_eth_5m_cloud_vwap_hurstmp_v7,1780922400000000,3.621429824561404,1,0.57,eth-updown-5m-1780922100
poly_sniper_v5_eth_5m_ema50_hurst_parent15mrang_v7,1780922400000000,3.621429824561404,1,0.57,eth-updown-5m-1780922100
poly_sniper_v5_eth_5m_cloud_ribbon_mp_hurst_v6_vL,1780922400000000,3.621429824561404,1,0.57,eth-updown-5m-1780922100
poly_sniper_v5_eth_5m_bb_mp_hurst_band_v6,1780922400000000,3.621429824561404,1,0.57,eth-updown-5m-1780922100
poly_sniper_v5_eth_5m_cloud_ribbon_mp_hurst_v6,1780922400000000,3.621429824561404,1,0.57,eth-updown-5m-1780922100
poly_sniper_v5_eth_5m_cloud_ribbon_mp_hurst_V10,1780922400000000,3.621429824561404,1,0.57,eth-updown-5m-1780922100
poly_sniper_v5_eth_5m_cloud_vwap_hurstmp_v7_vL,1780922400000000,3.621429824561404,1,0.57,eth-updown-5m-1780922100
poly_sniper_v5_eth_5m_bb_mp_hurst_band_v6_vL,1780922400000000,3.621429824561404,1,0.57,eth-updown-5m-1780922100
poly_sniper_v5_eth_5m_v6c3_parent15mrang_v7_vL,1780922400000000,3.621429824561404,1,0.57,eth-updown-5m-1780922100
poly_sniper_v5_eth_5m_l_ema50_hurst_grandparent_v8,1780922400000000,3.621429824561404,1,0.57,eth-updown-5m-1780922100
poly_sniper_v5_eth_5m_v6c3_parent15mrang_v7,1780922400000000,3.621429824561404,1,0.57,eth-updown-5m-1780922100
poly_sniper_v5_eth_5m_l_ema50_hurst_grandparent_V10,1780922400000000,3.621429824561404,1,0.57,eth-updown-5m-1780922100
poly_sniper_v5_eth_5m_a2_hlcascade50k_v9,1780922700000000,-5.0,0,0.66,eth-updown-5m-1780922400
poly_sniper_v5_eth_5m_up_a2_hlcascade25k_v9,1780922700000000,9.058214285714287,1,0.35,eth-updown-5m-1780922400
poly_sniper_v5_eth_5m_ema50_hurst_parent15mrang_v7,1780922700000000,-5.0,0,0.69,eth-updown-5m-1780922400
poly_sniper_v5_eth_5m_cloud_vwap_hurstmp_v7,1780922700000000,-5.0,0,0.69,eth-updown-5m-1780922400
poly_sniper_v5_eth_5m_cloud_vwap_hurstmp_v7_vL,1780922700000000,-5.0,0,0.69,eth-updown-5m-1780922400
poly_sniper_v5_eth_5m_a2_hlcascade50k_v9,1780922700000000,9.058214285714287,1,0.35,eth-updown-5m-1780922400
poly_sniper_v5_eth_5m_ema50_hurst_parent15mrang_v7_vL,1780922700000000,-5.0,0,0.69,eth-updown-5m-1780922400
poly_sniper_v5_eth_5m_bb_mp_hurst_band_v6,1780923000000000,1.6657567567567568,1,0.74,eth-updown-5m-1780922700
poly_sniper_v5_eth_5m_cloud_ribbon_mp_hurst_v6,1780923000000000,1.6657567567567568,1,0.74,eth-updown-5m-1780922700
poly_sniper_v5_eth_5m_cloud_ribbon_mp_hurst_v6_vL,1780923000000000,1.6657567567567568,1,0.74,eth-updown-5m-1780922700
poly_sniper_v5_eth_5m_bb_mp_hurst_band_v6_vL,1780923000000000,1.6657567567567568,1,0.74,eth-updown-5m-1780922700
poly_sniper_v5_eth_5m_cloud_vwap_hurstmp_v7_vL,1780923000000000,1.6657567567567568,1,0.74,eth-updown-5m-1780922700
poly_sniper_v5_eth_5m_cloud_vwap_hurstmp_v7,1780923000000000,1.6657567567567568,1,0.74,eth-updown-5m-1780922700
poly_sniper_v5_eth_5m_v6c3_parent15mrang_v7_vL,1780923000000000,1.6657567567567568,1,0.74,eth-updown-5m-1780922700
poly_sniper_v5_eth_5m_ema50_hurst_parent15mrang_v7,1780923000000000,1.6657567567567568,1,0.74,eth-updown-5m-1780922700
poly_sniper_v5_eth_5m_ema50_hurst_parent15mrang_v7_vL,1780923000000000,1.6657567567567568,1,0.74,eth-updown-5m-1780922700
poly_fast_taker_lagv2_eth_5m,1780923000000000,13.929736467895568,1,0.6317244102260389,eth-updown-5m-1780922700
poly_sniper_v5_eth_5m_up_a2_hlcascade25k_v9,1780923000000000,-5.0,0,0.31,eth-updown-5m-1780922700
poly_sniper_v5_eth_5m_v6c3_parent15mrang_v7,1780923000000000,1.6657567567567568,1,0.74,eth-updown-5m-1780922700
poly_fast_taker_b2_nomerge_eth_5m,1780923600000000,1.4193103448275863,1,0.58,eth-updown-5m-1780923300
poly_fast_taker_lagv2_eth_5m,1780923600000000,15.301106557377052,1,0.61,eth-updown-5m-1780923300
poly_sniper_v5_eth_5m_v5repl_off120_v6,1780923900000000,0.8963809523809526,1,0.84,eth-updown-5m-1780923600
poly_sniper_v5_eth_5m_tr200_mp_sms_active_off120,1780923900000000,0.8963809523809526,1,0.84,eth-updown-5m-1780923600
poly_fast_taker_lagv2_eth_5m,1780923900000000,22.988047514340924,1,0.511851326876132,eth-updown-5m-1780923600
poly_fast_taker_lagv2_eth_5m,1780924500000000,-11.231884057971012,0,0.69,eth-updown-5m-1780924200
poly_fast_taker_b2_nomerge_eth_5m,1780924500000000,-2.0,0,0.52,eth-updown-5m-1780924200
poly_sniper_v5_eth_5m_tr200_mp_sms_active_off120,1780925400000000,1.4949473684210524,1,0.76,eth-updown-5m-1780925100
poly_sniper_v5_eth_5m_v5repl_off120_v6,1780925400000000,1.4949473684210524,1,0.76,eth-updown-5m-1780925100
poly_fast_taker_b2_nomerge_eth_5m,1780925700000000,1.4785964912280705,1,0.57,eth-updown-5m-1780925400
poly_fast_taker_lagv2_eth_5m,1780926000000000,-21.069969491525423,0,0.59,eth-updown-5m-1780925700
poly_fast_taker_b2_nomerge_eth_5m,1780926000000000,1.4193103448275863,1,0.58,eth-updown-5m-1780925700
poly_sniper_v5_eth_5m_up_a2_hlcascade25k_v9,1780926300000000,2.629540598290598,1,0.6448412698412699,eth-updown-5m-1780926000
poly_fast_taker_b2_nomerge_eth_5m,1780926600000000,1.5399999999999998,1,0.56,eth-updown-5m-1780926300
shadow_oracle_settle_eth_5m,1780926600000000,-5.0,0,0.91,eth-updown-5m-1780926300
poly_fast_taker_lagv2_eth_5m,1780926900000000,-6.183636363636365,0,0.55,eth-updown-5m-1780926600
poly_fast_taker_lagv2_eth_5m,1780927500000000,-9.43522280701754,0,0.57,eth-updown-5m-1780927200
poly_fast_taker_lagv2_eth_5m,1780927800000000,-9.961481481481485,0,0.5319672938626737,eth-updown-5m-1780927500
poly_fast_taker_b2_nomerge_eth_5m,1780927500000000,-2.0,0,0.59,eth-updown-5m-1780927200
poly_fast_taker_b2_nomerge_eth_5m,1780928400000000,1.4193103448275863,1,0.58,eth-updown-5m-1780928100
poly_fast_taker_lagv2_eth_5m,1780928400000000,15.301106557377052,1,0.61,eth-updown-5m-1780928100
shadow_oracle_settle_eth_5m,1780928400000000,0.4630054945054944,1,0.91,eth-updown-5m-1780928100
poly_fast_taker_lagv2_eth_5m,1780928700000000,-8.815984126984127,0,0.63,eth-updown-5m-1780928400
poly_fast_taker_lagv2_eth_5m,1780929300000000,14.035039682539683,1,0.63,eth-updown-5m-1780929000
poly_fast_taker_lagv2_eth_5m,1780929600000000,-9.328358208955224,0,0.67,eth-updown-5m-1780929300
poly_sniper_v5_eth_5m_ema200_vwap_regimerang_xa3_v7,1780929600000000,-5.0,0,0.4799999999999999,eth-updown-5m-1780929300
poly_fast_taker_b2_nomerge_eth_5m,1780929600000000,1.0096969696969698,1,0.66,eth-updown-5m-1780929300
poly_sniper_v5_eth_5m_ema200_vwap_regimerang_xa3_v7,1780930200000000,3.3310762711864412,1,0.59,eth-updown-5m-1780929900
poly_fast_taker_lagv2_eth_5m,1780930500000000,-7.126466197183099,0,0.71,eth-updown-5m-1780930200
poly_fast_taker_b2_nomerge_eth_5m,1780930500000000,1.6036363636363635,1,0.55,eth-updown-5m-1780930200
poly_sniper_v5_eth_5m_ema200_vwap_regimerang_xa3_v7,1780930500000000,1.940753521126761,1,0.71,eth-updown-5m-1780930200
poly_fast_taker_lagv2_eth_5m,1780930800000000,12.849038461538461,1,0.65,eth-updown-5m-1780930500
poly_fast_taker_lagv2_eth_5m,1780931400000000,-9.836065573770492,0,0.61,eth-updown-5m-1780931100
poly_sniper_v5_eth_5m_up_a2_hlcascade25k_v9,1780931100000000,3.7745714285714276,1,0.56,eth-updown-5m-1780930800
poly_fast_taker_lagv2_eth_5m,1780931100000000,15.966666666666667,1,0.6,eth-updown-5m-1780930800
poly_sniper_v5_eth_5m_cloud_mp_sms_active_off120,1780931400000000,-5.0,0,0.16822429906542055,eth-updown-5m-1780931100
poly_sniper_v5_eth_5m_a2_hlcascade50k_v9,1780931400000000,5.234666666666668,1,0.4799999999999999,eth-updown-5m-1780931100
poly_sniper_v5_eth_5m_a2_hlcascade50k_v9,1780931400000000,-5.0,0,0.53,eth-updown-5m-1780931100
poly_sniper_v5_eth_5m_up_a2_hlcascade25k_v9,1780931400000000,5.234666666666668,1,0.4799999999999999,eth-updown-5m-1780931100
poly_sniper_v5_eth_5m_a2_hlcascade50k_v9,1780931700000000,8.664888888888889,1,0.36,eth-updown-5m-1780931400
poly_sniper_v5_eth_5m_up_a2_hlcascade25k_v9,1780931700000000,8.664888888888889,1,0.36,eth-updown-5m-1780931400
poly_sniper_v5_eth_5m_a2_hlcascade50k_v9,1780931700000000,-5.0,0,0.65,eth-updown-5m-1780931400
poly_sniper_v5_eth_5m_up_a2_hlcascade25k_v9,1780932000000000,-5.0,0,0.3,eth-updown-5m-1780931700
poly_sniper_v5_eth_5m_a2_hlcascade50k_v9,1780932000000000,1.940753521126761,1,0.71,eth-updown-5m-1780931700
poly_sniper_v5_eth_5m_a2_hlcascade50k_v9,1780932000000000,-5.0,0,0.3,eth-updown-5m-1780931700
poly_fast_taker_lagv2_eth_5m,1780932300000000,-19.11764705882353,0,0.68,eth-updown-5m-1780932000
poly_fast_taker_lagv2_eth_5m,1780933200000000,-11.29032258064516,0,0.62,eth-updown-5m-1780932900
poly_fast_taker_b2_nomerge_eth_5m,1780934100000000,1.2531147540983607,1,0.61,eth-updown-5m-1780933800
poly_fast_taker_lagv2_eth_5m,1780934100000000,13.12828544029123,1,0.6451740977488388,eth-updown-5m-1780933800
poly_fast_taker_lagv2_eth_5m,1780934400000000,15.966666666666667,1,0.6,eth-updown-5m-1780934100
poly_sniper_v5_eth_5m_v5repl_off120_v6,1780934700000000,10.887532258064516,1,0.31,eth-updown-5m-1780934400
poly_sniper_v5_eth_5m_cloud_mp_sms_active_off120,1780934700000000,10.887532258064516,1,0.31,eth-updown-5m-1780934400
poly_sniper_v5_eth_5m_tr200_mp_sms_active_off120,1780934700000000,10.887532258064516,1,0.31,eth-updown-5m-1780934400
poly_sniper_v5_eth_5m_ema200_vwap_regimerang_xa3_v7,1780935300000000,-5.0,0,0.74,eth-updown-5m-1780935000
shadow_oracle_settle_eth_5m,1780935900000000,0.4067826086956525,1,0.9199999999999999,eth-updown-5m-1780935600
poly_sniper_v5_eth_5m_ema50_hurst_parent15mrang_v7_vL,1780936200000000,2.931516129032258,1,0.62,eth-updown-5m-1780935900
poly_fast_taker_b2_nomerge_eth_5m,1780936200000000,1.151111111111111,1,0.63,eth-updown-5m-1780935900
poly_sniper_v5_eth_5m_ema50_hurst_parent15mrang_v7,1780936200000000,2.931516129032258,1,0.62,eth-updown-5m-1780935900
poly_sniper_v5_eth_5m_l_ema50_hurst_grandparent_V10,1780937400000000,-5.0,0,0.5,eth-updown-5m-1780937100
poly_sniper_v5_eth_5m_ema200_vwap_regimerang_xa3_v7,1780937400000000,3.7745714285714276,1,0.56,eth-updown-5m-1780937100
poly_sniper_v5_eth_5m_l_ema50_hurst_grandparent_v8,1780937400000000,-5.0,0,0.5,eth-updown-5m-1780937100
poly_sniper_v5_eth_5m_ema50_hurst_parent15mrang_v7,1780937700000000,4.098259259259258,1,0.54,eth-updown-5m-1780937400
poly_sniper_v5_eth_5m_ema50_hurst_parent15mrang_v7_vL,1780937700000000,4.098259259259258,1,0.54,eth-updown-5m-1780937400
poly_sniper_v5_eth_5m_ema50_hurst_parent15mrang_v7,1780938000000000,-5.0,0,0.44,eth-updown-5m-1780937700
poly_sniper_v5_eth_5m_l_ema50_hurst_grandparent_v8,1780938000000000,-5.0,0,0.44,eth-updown-5m-1780937700
poly_sniper_v5_eth_5m_l_ema50_hurst_grandparent_V10,1780938000000000,-5.0,0,0.44,eth-updown-5m-1780937700
poly_sniper_v5_eth_5m_ema50_hurst_parent15mrang_v7_vL,1780938000000000,-5.0,0,0.44,eth-updown-5m-1780937700
poly_fast_taker_lagv2_eth_5m,1780938000000000,8.328783783783784,1,0.74,eth-updown-5m-1780937700
poly_fast_taker_b2_nomerge_eth_5m,1780938000000000,1.4193103448275863,1,0.58,eth-updown-5m-1780937700
poly_sniper_v5_eth_5m_ema50_hurst_parent15mrang_v7,1780938300000000,1.7548150684931507,1,0.73,eth-updown-5m-1780938000
poly_sniper_v5_eth_5m_cloud_ribbon_mp_hurst_v6_vL,1780938300000000,1.7548150684931507,1,0.73,eth-updown-5m-1780938000
poly_sniper_v5_eth_5m_bb_mp_hurst_band_v6_vL,1780938300000000,1.7548150684931507,1,0.73,eth-updown-5m-1780938000
poly_sniper_v5_eth_5m_v6c3_parent15mrang_v7_vL,1780938300000000,1.7548150684931507,1,0.73,eth-updown-5m-1780938000
poly_sniper_v5_eth_5m_ema50_hurst_parent15mrang_v7_vL,1780938300000000,1.7548150684931507,1,0.73,eth-updown-5m-1780938000
poly_sniper_v5_eth_5m_cloud_ribbon_mp_hurst_v6,1780938300000000,1.7548150684931507,1,0.73,eth-updown-5m-1780938000
poly_sniper_v5_eth_5m_v6c3_parent15mrang_v7,1780938300000000,1.7548150684931507,1,0.73,eth-updown-5m-1780938000
poly_fast_taker_b2_nomerge_eth_5m,1780938300000000,-2.0,0,0.63,eth-updown-5m-1780938000
poly_sniper_v5_eth_5m_cloud_vwap_hurstmp_v7_vL,1780938300000000,1.7548150684931507,1,0.73,eth-updown-5m-1780938000
poly_sniper_v5_eth_5m_bb_mp_hurst_band_v6,1780938300000000,1.7548150684931507,1,0.73,eth-updown-5m-1780938000
poly_sniper_v5_eth_5m_cloud_vwap_hurstmp_v7,1780938300000000,1.7548150684931507,1,0.73,eth-updown-5m-1780938000
poly_sniper_v5_eth_5m_ema50_hurst_parent15mrang_v7_vL,1780938600000000,1.5791666666666668,1,0.75,eth-updown-5m-1780938300
poly_sniper_v5_eth_5m_v5repl_off120_v6,1780938600000000,1.1063395061728392,1,0.81,eth-updown-5m-1780938300
poly_sniper_v5_eth_5m_cloud_mp_sms_active_off120,1780938600000000,1.1063395061728392,1,0.81,eth-updown-5m-1780938300
poly_sniper_v5_eth_5m_tr200_mp_sms_active_off120,1780938600000000,1.1063395061728392,1,0.81,eth-updown-5m-1780938300
poly_fast_taker_b2_nomerge_eth_5m,1780938900000000,1.362033898305085,1,0.59,eth-updown-5m-1780938600
poly_fast_taker_lagv2_eth_5m,1780938900000000,10.689384057971017,1,0.69,eth-updown-5m-1780938600
poly_sniper_v5_eth_5m_l_ema50_hurst_grandparent_V10,1780939200000000,3.0602213114754098,1,0.61,eth-updown-5m-1780938900
poly_sniper_v5_eth_5m_ema50_hurst_parent15mrang_v7,1780939200000000,3.0602213114754098,1,0.61,eth-updown-5m-1780938900
poly_sniper_v5_eth_5m_ema50_hurst_parent15mrang_v7_vL,1780939200000000,3.0602213114754098,1,0.61,eth-updown-5m-1780938900
poly_fast_taker_lagv2_eth_5m,1780939200000000,17.36844827586207,1,0.58,eth-updown-5m-1780938900
poly_sniper_v5_eth_5m_l_ema50_hurst_grandparent_v8,1780939200000000,3.0602213114754098,1,0.61,eth-updown-5m-1780938900
poly_sniper_v5_eth_5m_ema200_vwap_regimerang_xa3_v7,1780939200000000,2.0378571428571433,1,0.7,eth-updown-5m-1780938900
poly_sniper_v5_eth_5m_ema50_hurst_parent15mrang_v7,1780939500000000,2.569807692307692,1,0.65,eth-updown-5m-1780939200
shadow_sniper_eth_5m_cloud_AND_hurst_v1,1780939500000000,2.569807692307692,1,0.65,eth-updown-5m-1780939200
poly_sniper_v5_eth_5m_cloud_ribbon_mp_hurst_v6_vL,1780939500000000,2.569807692307692,1,0.65,eth-updown-5m-1780939200
poly_sniper_v5_eth_5m_l_ema50_hurst_grandparent_v8,1780939500000000,2.569807692307692,1,0.65,eth-updown-5m-1780939200
poly_sniper_v5_eth_5m_ema50_hurst_parent15mrang_v7_vL,1780939500000000,2.569807692307692,1,0.65,eth-updown-5m-1780939200
poly_sniper_v5_eth_5m_cloud_ribbon_mp_hurst_v6,1780939500000000,2.569807692307692,1,0.65,eth-updown-5m-1780939200
poly_sniper_v5_eth_5m_bb_mp_hurst_band_v6,1780939500000000,2.569807692307692,1,0.65,eth-updown-5m-1780939200
poly_sniper_v5_eth_5m_v6c3_parent15mrang_v7_vL,1780939500000000,2.569807692307692,1,0.65,eth-updown-5m-1780939200
poly_sniper_v5_eth_5m_l_ema50_hurst_grandparent_V10,1780939500000000,2.569807692307692,1,0.65,eth-updown-5m-1780939200
poly_sniper_v5_eth_5m_v6c3_parent15mrang_v7,1780939500000000,2.569807692307692,1,0.65,eth-updown-5m-1780939200
poly_sniper_v5_eth_5m_cloud_vwap_hurstmp_v7_vL,1780939500000000,2.569807692307692,1,0.65,eth-updown-5m-1780939200
poly_sniper_v5_eth_5m_cloud_vwap_hurstmp_v7,1780939500000000,2.569807692307692,1,0.65,eth-updown-5m-1780939200
poly_sniper_v5_eth_5m_bb_mp_hurst_band_v6_vL,1780939500000000,2.569807692307692,1,0.65,eth-updown-5m-1780939200
poly_fast_taker_lagv2_eth_5m,1780939500000000,15.966666666666667,1,0.6,eth-updown-5m-1780939200
poly_sniper_v5_eth_5m_ema200_vwap_regimerang_xa3_v7,1780939800000000,1.5791666666666668,1,0.75,eth-updown-5m-1780939500
poly_sniper_v5_eth_5m_bb_mp_hurst_band_V10,1780940100000000,-5.0,0,0.49,eth-updown-5m-1780939800
poly_sniper_v5_eth_5m_cloud_vwap_hurstmp_v7,1780940100000000,-5.0,0,0.49,eth-updown-5m-1780939800
poly_fast_taker_lagv2_eth_5m,1780940100000000,15.966666666666667,1,0.6,eth-updown-5m-1780939800
poly_sniper_v5_eth_5m_bb_mp_hurst_band_v6,1780940100000000,-5.0,0,0.49,eth-updown-5m-1780939800
poly_sniper_v5_eth_5m_l_ema50_hurst_grandparent_V10,1780940100000000,-5.0,0,0.49,eth-updown-5m-1780939800
poly_sniper_v5_eth_5m_bb_mp_hurst_band_v6_vL,1780940100000000,-5.0,0,0.49,eth-updown-5m-1780939800
poly_sniper_v5_eth_5m_l_ema50_hurst_grandparent_v8,1780940100000000,-5.0,0,0.49,eth-updown-5m-1780939800
poly_sniper_v5_eth_5m_cloud_vwap_hurstmp_v7_vL,1780940100000000,-5.0,0,0.49,eth-updown-5m-1780939800
poly_sniper_v5_eth_5m_ema200_vwap_regimerang_xa3_v7,1780940100000000,1.7548150684931507,1,0.73,eth-updown-5m-1780939800
poly_sniper_v5_eth_5m_ema50_hurst_parent15mrang_v7,1780940100000000,-5.0,0,0.49,eth-updown-5m-1780939800
shadow_sniper_eth_5m_cloud_AND_hurst_v1,1780940100000000,-5.0,0,0.49,eth-updown-5m-1780939800
poly_sniper_v5_eth_5m_ema50_hurst_parent15mrang_v7_vL,1780940100000000,-5.0,0,0.49,eth-updown-5m-1780939800
poly_sniper_v5_eth_5m_bb_mp_hurst_band_v6,1780940700000000,2.1378768115942033,1,0.69,eth-updown-5m-1780940400
poly_sniper_v5_eth_5m_cloud_vwap_hurstmp_v7,1780940700000000,2.1378768115942033,1,0.69,eth-updown-5m-1780940400
poly_sniper_v5_eth_5m_ema50_hurst_parent15mrang_v7,1780940700000000,2.1378768115942033,1,0.69,eth-updown-5m-1780940400
poly_sniper_v5_eth_5m_bb_mp_hurst_band_v6_vL,1780940700000000,2.1378768115942033,1,0.69,eth-updown-5m-1780940400
poly_sniper_v5_eth_5m_cloud_vwap_hurstmp_v7_vL,1780940700000000,2.1378768115942033,1,0.69,eth-updown-5m-1780940400
poly_fast_taker_lagv2_eth_5m,1780940700000000,11.20470588235294,1,0.68,eth-updown-5m-1780940400
poly_sniper_v5_eth_5m_ema50_hurst_parent15mrang_v7_vL,1780940700000000,2.1378768115942033,1,0.69,eth-updown-5m-1780940400
poly_sniper_v5_eth_5m_ema50_hurst_parent15mrang_v7_vL,1780941300000000,2.2409411764705878,1,0.68,eth-updown-5m-1780941000
poly_fast_taker_lagv2_eth_5m,1780941300000000,10.689384057971017,1,0.69,eth-updown-5m-1780941000
poly_sniper_v5_eth_5m_l_ema50_hurst_grandparent_v8,1780941300000000,2.2409411764705878,1,0.68,eth-updown-5m-1780941000
poly_sniper_v5_eth_5m_ema50_hurst_parent15mrang_v7,1780941300000000,2.2409411764705878,1,0.68,eth-updown-5m-1780941000
poly_fast_taker_b2_nomerge_eth_5m,1780941300000000,0.8805797101449279,1,0.69,eth-updown-5m-1780941000
poly_sniper_v5_eth_5m_lq_ema50_hurst_grandparent_prev15m_v8_vL,1780941300000000,2.2409411764705878,1,0.68,eth-updown-5m-1780941000
poly_sniper_v5_eth_5m_lq_ema50_hurst_grandparent_prev15m_v8,1780941300000000,2.2409411764705878,1,0.68,eth-updown-5m-1780941000
poly_sniper_v5_eth_5m_l_ema50_hurst_grandparent_V10,1780941300000000,2.2409411764705878,1,0.68,eth-updown-5m-1780941000
poly_fast_taker_lagv2_eth_5m,1780941600000000,-22.761194029850742,0,0.67,eth-updown-5m-1780941300
poly_sniper_v5_eth_5m_bb_mp_hurst_band_v6,1780941600000000,-5.0,0,0.68,eth-updown-5m-1780941300
poly_sniper_v5_eth_5m_ema50_hurst_parent15mrang_v7_vL,1780941600000000,-5.0,0,0.68,eth-updown-5m-1780941300
poly_sniper_v5_eth_5m_bb_mp_hurst_band_v6_vL,1780941600000000,-5.0,0,0.68,eth-updown-5m-1780941300
poly_sniper_v5_eth_5m_ema50_hurst_parent15mrang_v7,1780941600000000,-5.0,0,0.68,eth-updown-5m-1780941300
poly_sniper_v5_eth_5m_v6c3_parent15mrang_v7_vL,1780941900000000,1.1063395061728392,1,0.81,eth-updown-5m-1780941600
poly_sniper_v5_eth_5m_ema50_hurst_parent15mrang_v7_vL,1780941900000000,1.1063395061728392,1,0.81,eth-updown-5m-1780941600
poly_sniper_v5_eth_5m_ema50_hurst_parent15mrang_v7,1780941900000000,1.1063395061728392,1,0.81,eth-updown-5m-1780941600
poly_sniper_v5_eth_5m_l_ema50_hurst_grandparent_V10,1780941900000000,1.1063395061728392,1,0.81,eth-updown-5m-1780941600
poly_sniper_v5_eth_5m_l_ema50_hurst_grandparent_v8,1780941900000000,1.1063395061728392,1,0.81,eth-updown-5m-1780941600
poly_sniper_v5_eth_5m_v6c3_parent15mrang_v7,1780941900000000,1.1063395061728392,1,0.81,eth-updown-5m-1780941600
poly_sniper_v5_eth_5m_cloud_ribbon_mp_hurst_v6,1780941900000000,1.1063395061728392,1,0.81,eth-updown-5m-1780941600
poly_sniper_v5_eth_5m_cloud_ribbon_mp_hurst_v6_vL,1780941900000000,1.1063395061728392,1,0.81,eth-updown-5m-1780941600
poly_sniper_v5_eth_5m_cloud_vwap_hurstmp_v7,1780942200000000,6.167636363636364,1,0.44,eth-updown-5m-1780941900
poly_sniper_v5_eth_5m_ema200_vwap_regimerang_xa3_v7,1780942200000000,-5.0,0,0.71,eth-updown-5m-1780941900
poly_sniper_v5_eth_5m_ema50_hurst_parent15mrang_v7,1780942200000000,-5.0,0,0.57,eth-updown-5m-1780941900
poly_sniper_v5_eth_5m_cloud_vwap_hurstmp_v7_vL,1780942200000000,6.167636363636364,1,0.44,eth-updown-5m-1780941900
poly_sniper_v5_eth_5m_l_ema50_hurst_grandparent_v8,1780942200000000,-5.0,0,0.57,eth-updown-5m-1780941900
poly_sniper_v5_eth_5m_ema50_hurst_parent15mrang_v7_vL,1780942200000000,-5.0,0,0.57,eth-updown-5m-1780941900
poly_sniper_v5_eth_5m_l_ema50_hurst_grandparent_V10,1780942200000000,-5.0,0,0.57,eth-updown-5m-1780941900
poly_sniper_v5_eth_5m_cloud_vwap_hurstmp_v7_vL,1780942500000000,3.3310762711864412,1,0.59,eth-updown-5m-1780942200
poly_fast_taker_b2_nomerge_eth_5m,1780942500000000,-2.0,0,0.68,eth-updown-5m-1780942200
poly_sniper_v5_eth_5m_ema200_vwap_regimerang_xa3_v7,1780942500000000,1.5791666666666668,1,0.75,eth-updown-5m-1780942200
poly_sniper_v5_eth_5m_cloud_vwap_hurstmp_v7,1780942500000000,3.3310762711864412,1,0.59,eth-updown-5m-1780942200
poly_sniper_v5_eth_5m_bb_mp_hurst_band_v6,1780942500000000,3.3310762711864412,1,0.59,eth-updown-5m-1780942200
poly_sniper_v5_eth_5m_v6c3_parent15mrang_v7,1780942500000000,3.3310762711864412,1,0.59,eth-updown-5m-1780942200
poly_sniper_v5_eth_5m_cloud_ribbon_mp_hurst_v6_vL,1780942500000000,3.3310762711864412,1,0.59,eth-updown-5m-1780942200
poly_sniper_v5_eth_5m_bb_mp_hurst_band_v6_vL,1780942500000000,3.3310762711864412,1,0.59,eth-updown-5m-1780942200
poly_sniper_v5_eth_5m_ema50_hurst_parent15mrang_v7,1780942500000000,3.3310762711864412,1,0.59,eth-updown-5m-1780942200
poly_sniper_v5_eth_5m_ema50_hurst_parent15mrang_v7_vL,1780942500000000,3.3310762711864412,1,0.59,eth-updown-5m-1780942200
poly_sniper_v5_eth_5m_cloud_ribbon_mp_hurst_v6,1780942500000000,3.3310762711864412,1,0.59,eth-updown-5m-1780942200
poly_sniper_v5_eth_5m_v6c3_parent15mrang_v7_vL,1780942500000000,3.3310762711864412,1,0.59,eth-updown-5m-1780942200
poly_sniper_v5_eth_5m_v6c3_parent15mrang_v7,1780942800000000,4.825,1,0.5,eth-updown-5m-1780942500
poly_sniper_v5_eth_5m_ema50_hurst_parent15mrang_v7_vL,1780942800000000,4.825,1,0.5,eth-updown-5m-1780942500
poly_sniper_v5_eth_5m_bb_mp_hurst_band_V10,1780942800000000,4.825,1,0.5,eth-updown-5m-1780942500
poly_sniper_v5_eth_5m_bb_mp_hurst_band_v6,1780942800000000,4.825,1,0.5,eth-updown-5m-1780942500
poly_sniper_v5_eth_5m_cloud_ribbon_mp_hurst_v6,1780942800000000,4.825,1,0.5,eth-updown-5m-1780942500
poly_sniper_v5_eth_5m_cloud_vwap_hurstmp_v7,1780942800000000,4.825,1,0.5,eth-updown-5m-1780942500
poly_sniper_v5_eth_5m_cloud_vwap_hurstmp_v7_vL,1780942800000000,4.825,1,0.5,eth-updown-5m-1780942500
poly_sniper_v5_eth_5m_v6c3_parent15mrang_v7_vL,1780942800000000,4.825,1,0.5,eth-updown-5m-1780942500
poly_sniper_v5_eth_5m_bb_mp_hurst_band_v6_vL,1780942800000000,4.825,1,0.5,eth-updown-5m-1780942500
poly_sniper_v5_eth_5m_cloud_ribbon_mp_hurst_v6_vL,1780942800000000,4.825,1,0.5,eth-updown-5m-1780942500
poly_sniper_v5_eth_5m_ema50_hurst_parent15mrang_v7,1780942800000000,4.825,1,0.5,eth-updown-5m-1780942500
poly_fast_taker_b2_nomerge_eth_5m,1780943100000000,1.1366468749999998,1,0.6329426890174554,eth-updown-5m-1780942800
poly_sniper_v5_eth_5m_ema50_hurst_parent15mrang_v7_vL,1780943400000000,2.0378571428571433,1,0.7,eth-updown-5m-1780943100
poly_sniper_v5_eth_5m_ema50_hurst_parent15mrang_v7,1780943400000000,2.0378571428571433,1,0.7,eth-updown-5m-1780943100
poly_sniper_v5_eth_5m_l_ema50_hurst_grandparent_v8,1780943400000000,2.0378571428571433,1,0.7,eth-updown-5m-1780943100
poly_sniper_v5_eth_5m_l_ema50_hurst_grandparent_V10,1780943400000000,2.0378571428571433,1,0.7,eth-updown-5m-1780943100
poly_fast_taker_b2_nomerge_eth_5m,1780943400000000,1.151111111111111,1,0.63,eth-updown-5m-1780943100
poly_sniper_v5_eth_5m_ema50_hurst_parent15mrang_v7_vL,1780943700000000,9.474882352941174,1,0.34,eth-updown-5m-1780943400
poly_fast_taker_b2_nomerge_eth_5m,1780943700000000,-2.0,0,0.63,eth-updown-5m-1780943400
poly_sniper_v5_eth_5m_ema50_hurst_parent15mrang_v7,1780943700000000,9.474882352941174,1,0.34,eth-updown-5m-1780943400
poly_sniper_v5_eth_5m_ema200_vwap_regimerang_xa3_v7,1780943700000000,2.931516129032258,1,0.62,eth-updown-5m-1780943400
poly_sniper_v5_eth_5m_cloud_vwap_hurstmp_v7,1780943700000000,9.474882352941174,1,0.34,eth-updown-5m-1780943400
poly_sniper_v5_eth_5m_cloud_vwap_hurstmp_v7_vL,1780943700000000,9.474882352941174,1,0.34,eth-updown-5m-1780943400
poly_sniper_v5_eth_5m_cloud_vwap_hurstmp_v7_vL,1780944000000000,-5.0,0,0.59,eth-updown-5m-1780943700
poly_sniper_v5_eth_5m_l_ema50_hurst_grandparent_V10,1780944000000000,-5.0,0,0.59,eth-updown-5m-1780943700
poly_sniper_v5_eth_5m_ema50_hurst_parent15mrang_v7,1780944000000000,-5.0,0,0.59,eth-updown-5m-1780943700
shadow_sniper_eth_5m_cloud_AND_hurst_v1,1780944000000000,-5.0,0,0.59,eth-updown-5m-1780943700
poly_sniper_v5_eth_5m_bb_mp_hurst_band_v6,1780944000000000,-5.0,0,0.59,eth-updown-5m-1780943700
poly_sniper_v5_eth_5m_cloud_vwap_hurstmp_v7,1780944000000000,-5.0,0,0.59,eth-updown-5m-1780943700
poly_sniper_v5_eth_5m_ema50_hurst_parent15mrang_v7_vL,1780944000000000,-5.0,0,0.59,eth-updown-5m-1780943700
poly_sniper_v5_eth_5m_l_ema50_hurst_grandparent_v8,1780944000000000,-5.0,0,0.59,eth-updown-5m-1780943700
poly_sniper_v5_eth_5m_bb_mp_hurst_band_v6_vL,1780944000000000,-5.0,0,0.59,eth-updown-5m-1780943700
poly_sniper_v5_eth_5m_bb_mp_hurst_band_v6_vL,1780944300000000,-5.0,0,0.67,eth-updown-5m-1780944000
poly_sniper_v5_eth_5m_ema50_hurst_parent15mrang_v7_vL,1780944300000000,-5.0,0,0.67,eth-updown-5m-1780944000
poly_sniper_v5_eth_5m_bb_mp_hurst_band_v6,1780944300000000,-5.0,0,0.67,eth-updown-5m-1780944000
poly_sniper_v5_eth_5m_cloud_ribbon_mp_hurst_v6,1780944300000000,-5.0,0,0.67,eth-updown-5m-1780944000
poly_sniper_v5_eth_5m_cloud_vwap_hurstmp_v7_vL,1780944300000000,-5.0,0,0.67,eth-updown-5m-1780944000
poly_sniper_v5_eth_5m_ema50_hurst_parent15mrang_v7,1780944300000000,-5.0,0,0.67,eth-updown-5m-1780944000
poly_sniper_v5_eth_5m_cloud_ribbon_mp_hurst_v6_vL,1780944300000000,-5.0,0,0.67,eth-updown-5m-1780944000
poly_sniper_v5_eth_5m_cloud_vwap_hurstmp_v7,1780944300000000,-5.0,0,0.67,eth-updown-5m-1780944000
poly_sniper_v5_eth_5m_v6c3_parent15mrang_v7_vL,1780944300000000,-5.0,0,0.67,eth-updown-5m-1780944000
poly_sniper_v5_eth_5m_v6c3_parent15mrang_v7,1780944300000000,-5.0,0,0.67,eth-updown-5m-1780944000
poly_fast_taker_b2_nomerge_eth_5m,1780944300000000,-2.0,0,0.6,eth-updown-5m-1780944000
poly_sniper_v5_eth_5m_ema200_vwap_regimerang_xa3_v7,1780944600000000,-5.0,0,0.53,eth-updown-5m-1780944300
poly_sniper_v5_eth_5m_ema50_hurst_parent15mrang_v7_vL,1780944600000000,6.428406976744185,1,0.43000000000000005,eth-updown-5m-1780944300
poly_sniper_v5_eth_5m_v6c3_parent15mrang_v7_vL,1780944600000000,6.428406976744185,1,0.43000000000000005,eth-updown-5m-1780944300
poly_sniper_v5_eth_5m_cloud_vwap_hurstmp_v7_vL,1780944600000000,6.428406976744185,1,0.43000000000000005,eth-updown-5m-1780944300
poly_sniper_v5_eth_5m_cloud_vwap_hurstmp_v7,1780944600000000,6.428406976744185,1,0.43000000000000005,eth-updown-5m-1780944300
poly_sniper_v5_eth_5m_ema50_hurst_parent15mrang_v7,1780944600000000,6.428406976744185,1,0.43000000000000005,eth-updown-5m-1780944300
poly_sniper_v5_eth_5m_bb_mp_hurst_band_v6,1780944600000000,6.428406976744185,1,0.43000000000000005,eth-updown-5m-1780944300
poly_sniper_v5_eth_5m_bb_mp_hurst_band_V10,1780944600000000,6.428406976744185,1,0.43000000000000005,eth-updown-5m-1780944300
poly_sniper_v5_eth_5m_cloud_ribbon_mp_hurst_v6,1780944600000000,6.428406976744185,1,0.43000000000000005,eth-updown-5m-1780944300
poly_sniper_v5_eth_5m_cloud_ribbon_mp_hurst_v6_vL,1780944600000000,6.428406976744185,1,0.43000000000000005,eth-updown-5m-1780944300
poly_sniper_v5_eth_5m_v6c3_parent15mrang_v7,1780944600000000,6.428406976744185,1,0.43000000000000005,eth-updown-5m-1780944300
poly_sniper_v5_eth_5m_bb_mp_hurst_band_v6_vL,1780944600000000,6.428406976744185,1,0.43000000000000005,eth-updown-5m-1780944300
poly_sniper_v5_eth_5m_ema50_hurst_parent15mrang_v7,1780944900000000,-5.0,0,0.6,eth-updown-5m-1780944600
poly_sniper_v5_eth_5m_ema50_hurst_parent15mrang_v7_vL,1780944900000000,-5.0,0,0.6,eth-updown-5m-1780944600
poly_sniper_v5_eth_5m_ema200_vwap_regimerang_xa3_v7,1780944900000000,2.0378571428571433,1,0.7,eth-updown-5m-1780944600
poly_sniper_v5_eth_5m_cloud_vwap_hurstmp_v7_vL,1780944900000000,6.988621951219514,1,0.41,eth-updown-5m-1780944600
poly_sniper_v5_eth_5m_cloud_vwap_hurstmp_v7,1780944900000000,6.988621951219514,1,0.41,eth-updown-5m-1780944600
poly_sniper_v5_eth_5m_ema50_hurst_parent15mrang_v7,1780945200000000,3.621429824561404,1,0.57,eth-updown-5m-1780944900
poly_sniper_v5_eth_5m_l_ema50_hurst_grandparent_v8,1780945200000000,3.621429824561404,1,0.57,eth-updown-5m-1780944900
poly_sniper_v5_eth_5m_ema50_hurst_parent15mrang_v7_vL,1780945200000000,3.621429824561404,1,0.57,eth-updown-5m-1780944900
poly_sniper_v5_eth_5m_l_ema50_hurst_grandparent_V10,1780945200000000,3.621429824561404,1,0.57,eth-updown-5m-1780944900
poly_sniper_v5_eth_5m_v6c3_parent15mrang_v7,1780945500000000,4.269462264150942,1,0.53,eth-updown-5m-1780945200
poly_sniper_v5_eth_5m_ema50_hurst_parent15mrang_v7,1780945500000000,4.269462264150942,1,0.53,eth-updown-5m-1780945200
poly_sniper_v5_eth_5m_cloud_ribbon_mp_hurst_v6,1780945500000000,4.269462264150942,1,0.53,eth-updown-5m-1780945200
poly_sniper_v5_eth_5m_cloud_vwap_hurstmp_v7_vL,1780945500000000,4.269462264150942,1,0.53,eth-updown-5m-1780945200
shadow_sniper_eth_5m_cloud_AND_hurst_v1,1780945500000000,4.269462264150942,1,0.53,eth-updown-5m-1780945200
poly_sniper_v5_eth_5m_ema50_hurst_parent15mrang_v7_vL,1780945500000000,4.269462264150942,1,0.53,eth-updown-5m-1780945200
poly_sniper_v5_eth_5m_l_ema50_hurst_grandparent_V10,1780945500000000,4.269462264150942,1,0.53,eth-updown-5m-1780945200
poly_sniper_v5_eth_5m_ema200_vwap_regimerang_xa3_v7,1780945500000000,3.0602213114754098,1,0.61,eth-updown-5m-1780945200
poly_sniper_v5_eth_5m_v6c3_parent15mrang_v7_vL,1780945500000000,4.269462264150942,1,0.53,eth-updown-5m-1780945200
poly_sniper_v5_eth_5m_bb_mp_hurst_band_v6_vL,1780945500000000,4.269462264150942,1,0.53,eth-updown-5m-1780945200
poly_sniper_v5_eth_5m_bb_mp_hurst_band_v6,1780945500000000,4.269462264150942,1,0.53,eth-updown-5m-1780945200
poly_sniper_v5_eth_5m_bb_mp_hurst_band_V10,1780945500000000,4.269462264150942,1,0.53,eth-updown-5m-1780945200
poly_sniper_v5_eth_5m_cloud_ribbon_mp_hurst_v6_vL,1780945500000000,4.269462264150942,1,0.53,eth-updown-5m-1780945200
poly_sniper_v5_eth_5m_l_ema50_hurst_grandparent_v8,1780945500000000,4.269462264150942,1,0.53,eth-updown-5m-1780945200
poly_sniper_v5_eth_5m_cloud_vwap_hurstmp_v7,1780945500000000,4.269462264150942,1,0.53,eth-updown-5m-1780945200
shadow_sniper_eth_5m_cloud_AND_hurst_v1,1780945800000000,1.4130064935064934,1,0.77,eth-updown-5m-1780945500
poly_sniper_v5_eth_5m_cloud_vwap_hurstmp_v7,1780945800000000,1.4130064935064934,1,0.77,eth-updown-5m-1780945500
poly_sniper_v5_eth_5m_ema50_hurst_parent15mrang_v7,1780945800000000,1.4130064935064934,1,0.77,eth-updown-5m-1780945500
poly_sniper_v5_eth_5m_l_ema50_hurst_grandparent_v8,1780945800000000,1.4130064935064934,1,0.77,eth-updown-5m-1780945500
poly_sniper_v5_eth_5m_cloud_vwap_hurstmp_v7_vL,1780945800000000,1.4130064935064934,1,0.77,eth-updown-5m-1780945500
poly_sniper_v5_eth_5m_v6c3_parent15mrang_v7_vL,1780945800000000,1.4130064935064934,1,0.77,eth-updown-5m-1780945500
poly_sniper_v5_eth_5m_cloud_ribbon_mp_hurst_v6,1780945800000000,1.4130064935064934,1,0.77,eth-updown-5m-1780945500
poly_sniper_v5_eth_5m_bb_mp_hurst_band_v6,1780945800000000,1.4130064935064934,1,0.77,eth-updown-5m-1780945500
poly_sniper_v5_eth_5m_ema50_hurst_parent15mrang_v7_vL,1780945800000000,1.4130064935064934,1,0.77,eth-updown-5m-1780945500
poly_sniper_v5_eth_5m_v6c3_parent15mrang_v7,1780945800000000,1.4130064935064934,1,0.77,eth-updown-5m-1780945500
poly_sniper_v5_eth_5m_cloud_ribbon_mp_hurst_v6_vL,1780945800000000,1.4130064935064934,1,0.77,eth-updown-5m-1780945500
poly_sniper_v5_eth_5m_bb_mp_hurst_band_v6_vL,1780945800000000,1.4130064935064934,1,0.77,eth-updown-5m-1780945500
poly_sniper_v5_eth_5m_l_ema50_hurst_grandparent_V10,1780945800000000,1.4130064935064934,1,0.77,eth-updown-5m-1780945500
poly_sniper_v5_eth_5m_bb_mp_hurst_band_v6_vL,1780946100000000,7.109152378652499,1,0.40594059405940597,eth-updown-5m-1780945800
poly_sniper_v5_eth_5m_cloud_vwap_hurstmp_v7,1780946100000000,7.109152378652499,1,0.40594059405940597,eth-updown-5m-1780945800
poly_sniper_v5_eth_5m_ema50_hurst_parent15mrang_v7_vL,1780946100000000,7.109152378652499,1,0.40594059405940597,eth-updown-5m-1780945800
poly_sniper_v5_eth_5m_ema50_hurst_parent15mrang_v7,1780946100000000,7.109152378652499,1,0.40594059405940597,eth-updown-5m-1780945800
poly_sniper_v5_eth_5m_bb_mp_hurst_band_v6,1780946100000000,7.109152378652499,1,0.40594059405940597,eth-updown-5m-1780945800
poly_sniper_v5_eth_5m_cloud_vwap_hurstmp_v7_vL,1780946100000000,7.109152378652499,1,0.40594059405940597,eth-updown-5m-1780945800
poly_fast_taker_b2_nomerge_eth_5m,1780946100000000,-2.0,0,0.65,eth-updown-5m-1780945800
poly_sniper_v5_eth_5m_bb_mp_hurst_band_V10,1780946100000000,7.109152378652499,1,0.40594059405940597,eth-updown-5m-1780945800
poly_sniper_v5_eth_5m_ema200_vwap_regimerang_xa3_v7,1780946400000000,-5.0,0,0.63,eth-updown-5m-1780946100
poly_sniper_v5_eth_5m_ema50_hurst_parent15mrang_v7_vL,1780946400000000,10.386999999999999,1,0.32,eth-updown-5m-1780946100
poly_fast_taker_b2_nomerge_eth_5m,1780946400000000,-2.0,0,0.65,eth-updown-5m-1780946100
poly_sniper_v5_eth_5m_l_ema50_hurst_grandparent_v8,1780946700000000,8.293013513513515,1,0.37,eth-updown-5m-1780946400
poly_sniper_v5_eth_5m_ema50_hurst_parent15mrang_v7_vL,1780946700000000,8.293013513513515,1,0.37,eth-updown-5m-1780946400
poly_sniper_v5_eth_5m_ema50_hurst_parent15mrang_v7,1780946700000000,8.293013513513515,1,0.37,eth-updown-5m-1780946400
poly_sniper_v5_eth_5m_l_ema50_hurst_grandparent_V10,1780946700000000,8.293013513513515,1,0.37,eth-updown-5m-1780946400
poly_sniper_v5_eth_5m_ema50_hurst_parent15mrang_v7,1780947000000000,-5.000000000000001,0,0.54,eth-updown-5m-1780946700
poly_sniper_v5_eth_5m_ema50_hurst_parent15mrang_v7_vL,1780947000000000,-5.000000000000001,0,0.54,eth-updown-5m-1780946700
poly_sniper_v5_eth_5m_l_ema50_hurst_grandparent_V10,1780947000000000,-5.000000000000001,0,0.54,eth-updown-5m-1780946700
poly_sniper_v5_eth_5m_l_ema50_hurst_grandparent_v8,1780947000000000,-5.000000000000001,0,0.54,eth-updown-5m-1780946700
poly_sniper_v5_eth_5m_ema50_hurst_parent15mrang_v7_vL,1780947300000000,-5.0,0,0.58,eth-updown-5m-1780947000
poly_sniper_v5_eth_5m_ema50_hurst_parent15mrang_v7,1780947300000000,-5.0,0,0.58,eth-updown-5m-1780947000
poly_sniper_v5_eth_5m_l_ema50_hurst_grandparent_V10,1780947300000000,-5.0,0,0.58,eth-updown-5m-1780947000
shadow_sniper_eth_5m_cloud_AND_hurst_v1,1780947300000000,-5.0,0,0.58,eth-updown-5m-1780947000
poly_sniper_v5_eth_5m_v6c3_parent15mrang_v7_vL,1780947300000000,-5.0,0,0.58,eth-updown-5m-1780947000
poly_sniper_v5_eth_5m_l_ema50_hurst_grandparent_v8,1780947300000000,-5.0,0,0.58,eth-updown-5m-1780947000
poly_sniper_v5_eth_5m_cloud_ribbon_mp_hurst_v6,1780947300000000,-5.0,0,0.58,eth-updown-5m-1780947000
poly_sniper_v5_eth_5m_bb_mp_hurst_band_v6,1780947300000000,-5.0,0,0.58,eth-updown-5m-1780947000
poly_sniper_v5_eth_5m_cloud_vwap_hurstmp_v7_vL,1780947300000000,-5.0,0,0.58,eth-updown-5m-1780947000
poly_sniper_v5_eth_5m_cloud_vwap_hurstmp_v7,1780947300000000,-5.0,0,0.58,eth-updown-5m-1780947000
poly_sniper_v5_eth_5m_v6c3_parent15mrang_v7,1780947300000000,-5.0,0,0.58,eth-updown-5m-1780947000
poly_sniper_v5_eth_5m_ema200_vwap_regimerang_xa3_v7,1780947300000000,3.3071005917159755,1,0.591715976331361,eth-updown-5m-1780947000
poly_sniper_v5_eth_5m_cloud_ribbon_mp_hurst_v6_vL,1780947300000000,-5.0,0,0.58,eth-updown-5m-1780947000
poly_sniper_v5_eth_5m_bb_mp_hurst_band_v6_vL,1780947300000000,-5.0,0,0.58,eth-updown-5m-1780947000
poly_sniper_v5_eth_5m_ema200_vwap_regimerang_xa3_v7,1780947600000000,1.2556139240506328,1,0.79,eth-updown-5m-1780947300
poly_sniper_v5_eth_5m_ema50_hurst_parent15mrang_v7_vL,1780947600000000,-5.0,0,0.41,eth-updown-5m-1780947300
poly_sniper_v5_eth_5m_ema50_hurst_parent15mrang_v7,1780947600000000,-5.0,0,0.41,eth-updown-5m-1780947300
poly_sniper_v5_eth_5m_ema50_hurst_parent15mrang_v7_vL,1780947900000000,7.60701282051282,1,0.39,eth-updown-5m-1780947600
poly_sniper_v5_eth_5m_ema50_hurst_parent15mrang_v7,1780947900000000,7.60701282051282,1,0.39,eth-updown-5m-1780947600
poly_sniper_v5_eth_5m_bb_mp_hurst_band_V10,1780948200000000,4.098259259259258,1,0.54,eth-updown-5m-1780947900
poly_sniper_v5_eth_5m_l_ema50_hurst_grandparent_V10,1780948200000000,4.098259259259258,1,0.54,eth-updown-5m-1780947900
shadow_sniper_eth_5m_cloud_AND_hurst_v1,1780948200000000,4.098259259259258,1,0.54,eth-updown-5m-1780947900
poly_sniper_v5_eth_5m_bb_mp_hurst_band_v6,1780948200000000,4.098259259259258,1,0.54,eth-updown-5m-1780947900
poly_sniper_v5_eth_5m_cloud_vwap_hurstmp_v7,1780948200000000,4.098259259259258,1,0.54,eth-updown-5m-1780947900
poly_sniper_v5_eth_5m_cloud_vwap_hurstmp_v7_vL,1780948200000000,4.098259259259258,1,0.54,eth-updown-5m-1780947900
poly_sniper_v5_eth_5m_ema50_hurst_parent15mrang_v7_vL,1780948200000000,4.098259259259258,1,0.54,eth-updown-5m-1780947900
poly_sniper_v5_eth_5m_l_ema50_hurst_grandparent_v8,1780948200000000,4.098259259259258,1,0.54,eth-updown-5m-1780947900
poly_sniper_v5_eth_5m_ema200_vwap_regimerang_xa3_v7,1780948200000000,-5.0,0,0.49,eth-updown-5m-1780947900
poly_sniper_v5_eth_5m_bb_mp_hurst_band_v6_vL,1780948200000000,4.098259259259258,1,0.54,eth-updown-5m-1780947900
poly_sniper_v5_eth_5m_ema50_hurst_parent15mrang_v7,1780948200000000,4.098259259259258,1,0.54,eth-updown-5m-1780947900
poly_sniper_v5_eth_5m_ema50_hurst_parent15mrang_v7,1780948500000000,-5.0,0,0.42,eth-updown-5m-1780948200
poly_sniper_v5_eth_5m_ema200_vwap_regimerang_xa3_v7,1780948500000000,2.8070079365079366,1,0.63,eth-updown-5m-1780948200
poly_fast_taker_b2_nomerge_eth_5m,1780948500000000,-2.0,0,0.56,eth-updown-5m-1780948200
poly_sniper_v5_eth_5m_ema50_hurst_parent15mrang_v7_vL,1780948500000000,-5.0,0,0.42,eth-updown-5m-1780948200
poly_sniper_v5_eth_5m_ema50_hurst_parent15mrang_v7_vL,1780948800000000,-4.999999999999999,0,0.61,eth-updown-5m-1780948500
poly_sniper_v5_eth_5m_ema50_hurst_parent15mrang_v7,1780948800000000,-4.999999999999999,0,0.61,eth-updown-5m-1780948500
poly_fast_taker_b2_nomerge_eth_5m,1780948800000000,1.3066666666666669,1,0.6,eth-updown-5m-1780948500
poly_sniper_v5_eth_5m_ema50_hurst_parent15mrang_v7_vL,1780949100000000,3.0602213114754098,1,0.61,eth-updown-5m-1780948800
poly_sniper_v5_eth_5m_v6c3_parent15mrang_v7,1780949100000000,3.0602213114754098,1,0.61,eth-updown-5m-1780948800
poly_sniper_v5_eth_5m_cloud_vwap_hurstmp_v7,1780949100000000,3.0602213114754098,1,0.61,eth-updown-5m-1780948800
poly_sniper_v5_eth_5m_bb_mp_hurst_band_v6_vL,1780949100000000,3.0602213114754098,1,0.61,eth-updown-5m-1780948800
poly_sniper_v5_eth_5m_v6c3_parent15mrang_v7_vL,1780949100000000,3.0602213114754098,1,0.61,eth-updown-5m-1780948800
poly_sniper_v5_eth_5m_bb_mp_hurst_band_v6,1780949100000000,3.0602213114754098,1,0.61,eth-updown-5m-1780948800
poly_sniper_v5_eth_5m_cloud_ribbon_mp_hurst_v6_vL,1780949100000000,3.0602213114754098,1,0.61,eth-updown-5m-1780948800
poly_sniper_v5_eth_5m_cloud_ribbon_mp_hurst_v6,1780949100000000,3.0602213114754098,1,0.61,eth-updown-5m-1780948800
poly_sniper_v5_eth_5m_cloud_vwap_hurstmp_v7_vL,1780949100000000,3.0602213114754098,1,0.61,eth-updown-5m-1780948800
poly_sniper_v5_eth_5m_ema200_vwap_regimerang_xa3_v7,1780949100000000,-5.0,0,0.51,eth-updown-5m-1780948800
poly_sniper_v5_eth_5m_ema50_hurst_parent15mrang_v7,1780949100000000,3.0602213114754098,1,0.61,eth-updown-5m-1780948800
poly_sniper_v5_eth_5m_ema50_hurst_parent15mrang_v7,1780949400000000,-5.0,0,0.76,eth-updown-5m-1780949100
poly_sniper_v5_eth_5m_ema50_hurst_parent15mrang_v7_vL,1780949400000000,-5.0,0,0.76,eth-updown-5m-1780949100
poly_sniper_v5_eth_5m_l_ema50_hurst_grandparent_v8,1780949400000000,-5.0,0,0.76,eth-updown-5m-1780949100
poly_sniper_v5_eth_5m_l_ema50_hurst_grandparent_V10,1780949400000000,-5.0,0,0.76,eth-updown-5m-1780949100
poly_sniper_v5_eth_5m_ema50_hurst_parent15mrang_v7,1780949700000000,3.193333333333334,1,0.6,eth-updown-5m-1780949400
poly_sniper_v5_eth_5m_ema50_hurst_parent15mrang_v7_vL,1780949700000000,3.193333333333334,1,0.6,eth-updown-5m-1780949400
poly_fast_taker_b2_nomerge_eth_5m,1780949700000000,1.1025,1,0.64,eth-updown-5m-1780949400
poly_sniper_v5_eth_5m_ema50_hurst_parent15mrang_v7_vL,1780950000000000,5.234666666666668,1,0.4799999999999999,eth-updown-5m-1780949700
poly_sniper_v5_eth_5m_ema50_hurst_parent15mrang_v7,1780950000000000,5.234666666666668,1,0.4799999999999999,eth-updown-5m-1780949700
poly_sniper_v5_eth_5m_cloud_vwap_hurstmp_v7_vL,1780950300000000,-5.0,0,0.44,eth-updown-5m-1780950000
poly_sniper_v5_eth_5m_ema200_vwap_regimerang_xa3_v7,1780950300000000,4.447384615384615,1,0.52,eth-updown-5m-1780950000
poly_sniper_v5_eth_5m_ema50_hurst_parent15mrang_v7_vL,1780950300000000,-5.0,0,0.44,eth-updown-5m-1780950000
poly_sniper_v5_eth_5m_bb_mp_hurst_band_v6_vL,1780950900000000,3.274587458745876,1,0.5940594059405939,eth-updown-5m-1780950600
poly_sniper_v5_eth_5m_ema50_hurst_parent15mrang_v7_vL,1780950900000000,3.274587458745876,1,0.5940594059405939,eth-updown-5m-1780950600
poly_sniper_v5_eth_5m_cloud_vwap_hurstmp_v7_vL,1780950900000000,3.274587458745876,1,0.5940594059405939,eth-updown-5m-1780950600
poly_fast_taker_b2_nomerge_eth_5m,1780950900000000,1.3680135593220337,1,0.5889399081653025,eth-updown-5m-1780950600
poly_sniper_v5_eth_5m_l_ema50_hurst_grandparent_v8,1780951500000000,1.33325641025641,1,0.78,eth-updown-5m-1780951200
poly_sniper_v5_eth_5m_l_ema50_hurst_grandparent_V10,1780951500000000,1.33325641025641,1,0.78,eth-updown-5m-1780951200
poly_sniper_v5_eth_5m_cloud_vwap_hurstmp_v7,1780951500000000,1.33325641025641,1,0.78,eth-updown-5m-1780951200
poly_sniper_v5_eth_5m_v6c3_parent15mrang_v7_vL,1780951500000000,1.33325641025641,1,0.78,eth-updown-5m-1780951200
poly_sniper_v5_eth_5m_v6c3_parent15mrang_v7,1780951500000000,1.33325641025641,1,0.78,eth-updown-5m-1780951200
poly_sniper_v5_eth_5m_bb_mp_hurst_band_v6,1780951500000000,1.33325641025641,1,0.78,eth-updown-5m-1780951200
poly_sniper_v5_eth_5m_ema200_vwap_regimerang_xa3_v7,1780951500000000,1.33325641025641,1,0.78,eth-updown-5m-1780951200
poly_sniper_v5_eth_5m_cloud_vwap_hurstmp_v7_vL,1780951500000000,1.33325641025641,1,0.78,eth-updown-5m-1780951200
poly_sniper_v5_eth_5m_ema50_hurst_parent15mrang_v7,1780951500000000,1.33325641025641,1,0.78,eth-updown-5m-1780951200
shadow_sniper_eth_5m_cloud_AND_hurst_v1,1780951500000000,1.33325641025641,1,0.78,eth-updown-5m-1780951200
poly_sniper_v5_eth_5m_cloud_ribbon_mp_hurst_v6_vL,1780951500000000,1.33325641025641,1,0.78,eth-updown-5m-1780951200
poly_sniper_v5_eth_5m_ema50_hurst_parent15mrang_v7_vL,1780951500000000,1.33325641025641,1,0.78,eth-updown-5m-1780951200
poly_sniper_v5_eth_5m_cloud_ribbon_mp_hurst_v6,1780951500000000,1.33325641025641,1,0.78,eth-updown-5m-1780951200
poly_sniper_v5_eth_5m_bb_mp_hurst_band_v6_vL,1780951500000000,1.33325641025641,1,0.78,eth-updown-5m-1780951200
poly_sniper_v5_eth_5m_cloud_ribbon_mp_hurst_v6,1780952100000000,-5.0,0,0.74,eth-updown-5m-1780951800
poly_sniper_v5_eth_5m_v6c3_parent15mrang_v7_vL,1780952100000000,-5.0,0,0.74,eth-updown-5m-1780951800
poly_sniper_v5_eth_5m_bb_mp_hurst_band_v6_vL,1780952100000000,-5.0,0,0.74,eth-updown-5m-1780951800
poly_sniper_v5_eth_5m_cloud_vwap_hurstmp_v7_vL,1780952100000000,-5.0,0,0.74,eth-updown-5m-1780951800
poly_sniper_v5_eth_5m_bb_mp_hurst_band_v6,1780952100000000,-5.0,0,0.74,eth-updown-5m-1780951800
poly_sniper_v5_eth_5m_ema50_hurst_parent15mrang_v7_vL,1780952100000000,-5.0,0,0.74,eth-updown-5m-1780951800
poly_sniper_v5_eth_5m_cloud_ribbon_mp_hurst_v6_vL,1780952100000000,-5.0,0,0.74,eth-updown-5m-1780951800
poly_sniper_v5_eth_5m_ema50_hurst_parent15mrang_v7,1780952100000000,-5.0,0,0.74,eth-updown-5m-1780951800
poly_sniper_v5_eth_5m_cloud_vwap_hurstmp_v7,1780952100000000,-5.0,0,0.74,eth-updown-5m-1780951800
poly_sniper_v5_eth_5m_v6c3_parent15mrang_v7,1780952100000000,-5.0,0,0.74,eth-updown-5m-1780951800
poly_sniper_v5_eth_5m_ema50_hurst_parent15mrang_v7_vL,1780952400000000,2.1378768115942033,1,0.69,eth-updown-5m-1780952100
poly_sniper_v5_eth_5m_l_ema50_hurst_grandparent_v8,1780952400000000,2.1378768115942033,1,0.69,eth-updown-5m-1780952100
poly_sniper_v5_eth_5m_l_ema50_hurst_grandparent_V10,1780952400000000,2.1378768115942033,1,0.69,eth-updown-5m-1780952100
poly_sniper_v5_eth_5m_ema50_hurst_parent15mrang_v7,1780952400000000,2.1378768115942033,1,0.69,eth-updown-5m-1780952100
poly_sniper_v5_eth_5m_ema200_vwap_regimerang_xa3_v7,1780952400000000,1.8464444444444446,1,0.72,eth-updown-5m-1780952100
poly_sniper_v5_eth_5m_ema50_hurst_parent15mrang_v7,1780952700000000,2.0378571428571433,1,0.7,eth-updown-5m-1780952400
poly_sniper_v5_eth_5m_bb_mp_hurst_band_v6_vL,1780952700000000,2.0378571428571433,1,0.7,eth-updown-5m-1780952400
poly_sniper_v5_eth_5m_bb_mp_hurst_band_v6,1780952700000000,2.0378571428571433,1,0.7,eth-updown-5m-1780952400
poly_sniper_v5_eth_5m_l_ema50_hurst_grandparent_V10,1780952700000000,2.0378571428571433,1,0.7,eth-updown-5m-1780952400
poly_sniper_v5_eth_5m_l_ema50_hurst_grandparent_v8,1780952700000000,2.0378571428571433,1,0.7,eth-updown-5m-1780952400
poly_sniper_v5_eth_5m_ema50_hurst_parent15mrang_v7_vL,1780952700000000,2.0378571428571433,1,0.7,eth-updown-5m-1780952400
poly_sniper_v5_eth_5m_a2_hlcascade50k_v9,1780953000000000,-5.0,0,0.5,eth-updown-5m-1780952700
poly_sniper_v5_eth_5m_a2_hlcascade50k_v9,1780953000000000,4.632421568627452,1,0.51,eth-updown-5m-1780952700
poly_sniper_v5_eth_5m_bb_mp_hurst_band_v6_vL,1780953000000000,-5.0,0,0.62,eth-updown-5m-1780952700
poly_sniper_v5_eth_5m_cloud_vwap_hurstmp_v7_vL,1780953000000000,-5.0,0,0.62,eth-updown-5m-1780952700
poly_sniper_v5_eth_5m_up_a2_hlcascade25k_v9,1780953000000000,4.632421568627452,1,0.51,eth-updown-5m-1780952700
poly_sniper_v5_eth_5m_ema50_hurst_parent15mrang_v7_vL,1780953000000000,-5.0,0,0.62,eth-updown-5m-1780952700
poly_sniper_v5_eth_5m_cloud_ribbon_mp_hurst_v6,1780953300000000,1.0032539335481263,1,0.8244432524782963,eth-updown-5m-1780953000
poly_sniper_v5_eth_5m_a2_hlcascade50k_v9,1780953300000000,2.8070079365079366,1,0.63,eth-updown-5m-1780953000
poly_sniper_v5_eth_5m_ema50_hurst_parent15mrang_v7,1780953300000000,1.0032539335481263,1,0.8244432524782963,eth-updown-5m-1780953000
poly_sniper_v5_eth_5m_a2_hlcascade50k_v9,1780953300000000,-5.0,0,0.38,eth-updown-5m-1780953000
poly_sniper_v5_eth_5m_v6c3_parent15mrang_v7_vL,1780953300000000,1.0032539335481263,1,0.8244432524782963,eth-updown-5m-1780953000
poly_sniper_v5_eth_5m_l_ema50_hurst_grandparent_V10,1780953300000000,1.0032539335481263,1,0.8244432524782963,eth-updown-5m-1780953000
poly_fast_taker_b2_nomerge_eth_5m,1780953300000000,1.3066666666666669,1,0.6,eth-updown-5m-1780953000
poly_sniper_v5_eth_5m_cloud_ribbon_mp_hurst_v6_vL,1780953300000000,1.0032539335481263,1,0.8244432524782963,eth-updown-5m-1780953000
poly_sniper_v5_eth_5m_l_ema50_hurst_grandparent_v8,1780953300000000,1.0032539335481263,1,0.8244432524782963,eth-updown-5m-1780953000
poly_sniper_v5_eth_5m_ema50_hurst_parent15mrang_v7_vL,1780953300000000,1.0032539335481263,1,0.8244432524782963,eth-updown-5m-1780953000
poly_sniper_v5_eth_5m_up_a2_hlcascade25k_v9,1780953300000000,-5.0,0,0.38,eth-updown-5m-1780953000
poly_sniper_v5_eth_5m_v6c3_parent15mrang_v7,1780953300000000,1.0032539335481263,1,0.8244432524782963,eth-updown-5m-1780953000
poly_sniper_v5_eth_5m_ema50_hurst_parent15mrang_v7_vL,1780953600000000,-5.0,0,0.7,eth-updown-5m-1780953300
poly_fast_taker_b2_nomerge_eth_5m,1780953600000000,-2.0,0,0.6,eth-updown-5m-1780953300
poly_sniper_v5_eth_5m_ema50_hurst_parent15mrang_v7,1780953600000000,-5.0,0,0.7,eth-updown-5m-1780953300
poly_sniper_v5_eth_5m_ema50_hurst_parent15mrang_v7,1780953900000000,1.1799999999999997,1,0.8,eth-updown-5m-1780953600
poly_sniper_v5_eth_5m_ema50_hurst_parent15mrang_v7_vL,1780953900000000,1.1799999999999997,1,0.8,eth-updown-5m-1780953600
poly_fast_taker_b2_nomerge_eth_5m,1780953900000000,1.3066666666666669,1,0.6,eth-updown-5m-1780953600
poly_sniper_v5_eth_5m_l_ema50_hurst_grandparent_V10,1780954200000000,-5.0,0,0.6,eth-updown-5m-1780953900
poly_sniper_v5_eth_5m_ema50_hurst_parent15mrang_v7,1780954200000000,-5.0,0,0.6,eth-updown-5m-1780953900
poly_sniper_v5_eth_5m_l_ema50_hurst_grandparent_v8,1780954200000000,-5.0,0,0.6,eth-updown-5m-1780953900
poly_sniper_v5_eth_5m_ema50_hurst_parent15mrang_v7_vL,1780954200000000,-5.0,0,0.6,eth-updown-5m-1780953900
poly_sniper_v5_eth_5m_ema200_vwap_regimerang_xa3_v7,1780954500000000,-5.0,0,0.78,eth-updown-5m-1780954200
poly_sniper_v5_eth_5m_ema50_hurst_parent15mrang_v7_vL,1780954500000000,-5.0,0,0.68,eth-updown-5m-1780954200
poly_fast_taker_b2_nomerge_eth_5m,1780954500000000,1.2531147540983607,1,0.61,eth-updown-5m-1780954200
poly_sniper_v5_eth_5m_cloud_ribbon_mp_hurst_v6,1780954800000000,1.33325641025641,1,0.78,eth-updown-5m-1780954500
poly_sniper_v5_eth_5m_ema50_hurst_parent15mrang_v7,1780954800000000,1.33325641025641,1,0.78,eth-updown-5m-1780954500
poly_sniper_v5_eth_5m_bb_mp_hurst_band_v6_vL,1780954800000000,1.33325641025641,1,0.78,eth-updown-5m-1780954500
poly_sniper_v5_eth_5m_cloud_ribbon_mp_hurst_v6_vL,1780954800000000,1.33325641025641,1,0.78,eth-updown-5m-1780954500
poly_sniper_v5_eth_5m_ema50_hurst_parent15mrang_v7_vL,1780954800000000,1.33325641025641,1,0.78,eth-updown-5m-1780954500
poly_sniper_v5_eth_5m_bb_mp_hurst_band_v6,1780954800000000,1.33325641025641,1,0.78,eth-updown-5m-1780954500
poly_sniper_v5_eth_5m_cloud_vwap_hurstmp_v7,1780954800000000,1.33325641025641,1,0.78,eth-updown-5m-1780954500
poly_sniper_v5_eth_5m_v6c3_parent15mrang_v7,1780954800000000,1.33325641025641,1,0.78,eth-updown-5m-1780954500
poly_sniper_v5_eth_5m_cloud_vwap_hurstmp_v7_vL,1780954800000000,1.33325641025641,1,0.78,eth-updown-5m-1780954500
poly_fast_taker_b2_nomerge_eth_5m,1780954800000000,0.7622222222222222,1,0.72,eth-updown-5m-1780954500
poly_sniper_v5_eth_5m_v6c3_parent15mrang_v7_vL,1780954800000000,1.33325641025641,1,0.78,eth-updown-5m-1780954500
poly_sniper_v5_eth_5m_v6c3_parent15mrang_v7,1780955100000000,1.1063395061728392,1,0.81,eth-updown-5m-1780954800
poly_sniper_v5_eth_5m_ema50_hurst_parent15mrang_v7,1780955100000000,1.1063395061728392,1,0.81,eth-updown-5m-1780954800
poly_sniper_v5_eth_5m_ema50_hurst_parent15mrang_v7_vL,1780955100000000,1.1063395061728392,1,0.81,eth-updown-5m-1780954800
poly_sniper_v5_eth_5m_cloud_ribbon_mp_hurst_v6_vL,1780955100000000,1.1063395061728392,1,0.81,eth-updown-5m-1780954800
poly_sniper_v5_eth_5m_cloud_ribbon_mp_hurst_v6,1780955100000000,1.1063395061728392,1,0.81,eth-updown-5m-1780954800
poly_sniper_v5_eth_5m_v6c3_parent15mrang_v7_vL,1780955100000000,1.1063395061728392,1,0.81,eth-updown-5m-1780954800
poly_sniper_v5_eth_5m_v6c3_parent15mrang_v7_vL,1780955400000000,1.1799999999999997,1,0.8,eth-updown-5m-1780955100
poly_sniper_v5_eth_5m_cloud_ribbon_mp_hurst_v6,1780955400000000,1.1799999999999997,1,0.8,eth-updown-5m-1780955100
poly_sniper_v5_eth_5m_cloud_ribbon_mp_hurst_v6_vL,1780955400000000,1.1799999999999997,1,0.8,eth-updown-5m-1780955100
poly_sniper_v5_eth_5m_ema50_hurst_parent15mrang_v7_vL,1780955400000000,1.1799999999999997,1,0.8,eth-updown-5m-1780955100
poly_sniper_v5_eth_5m_l_ema50_hurst_grandparent_v8,1780955400000000,1.1799999999999997,1,0.8,eth-updown-5m-1780955100
poly_sniper_v5_eth_5m_cloud_vwap_hurstmp_v7_vL,1780955400000000,1.1799999999999997,1,0.8,eth-updown-5m-1780955100
poly_sniper_v5_eth_5m_l_ema50_hurst_grandparent_V10,1780955400000000,1.1799999999999997,1,0.8,eth-updown-5m-1780955100
shadow_sniper_eth_5m_cloud_AND_hurst_v1,1780955400000000,1.1799999999999997,1,0.8,eth-updown-5m-1780955100
poly_sniper_v5_eth_5m_v6c3_parent15mrang_v7,1780955400000000,1.1799999999999997,1,0.8,eth-updown-5m-1780955100
poly_sniper_v5_eth_5m_bb_mp_hurst_band_v6_vL,1780955400000000,1.1799999999999997,1,0.8,eth-updown-5m-1780955100
poly_sniper_v5_eth_5m_ema50_hurst_parent15mrang_v7,1780955400000000,1.1799999999999997,1,0.8,eth-updown-5m-1780955100
poly_sniper_v5_eth_5m_bb_mp_hurst_band_v6,1780955400000000,1.1799999999999997,1,0.8,eth-updown-5m-1780955100
poly_sniper_v5_eth_5m_cloud_vwap_hurstmp_v7,1780955400000000,1.1799999999999997,1,0.8,eth-updown-5m-1780955100
poly_sniper_v5_eth_5m_ema50_hurst_parent15mrang_v7_vL,1780955700000000,1.4949473684210524,1,0.76,eth-updown-5m-1780955400
poly_sniper_v5_eth_5m_cloud_vwap_hurstmp_v7_vL,1780956000000000,-5.0,0,0.36,eth-updown-5m-1780955700
poly_sniper_v5_eth_5m_bb_mp_hurst_band_v6_vL,1780956000000000,-5.0,0,0.36,eth-updown-5m-1780955700
poly_sniper_v5_eth_5m_bb_mp_hurst_band_v6,1780956000000000,-5.0,0,0.36,eth-updown-5m-1780955700
poly_sniper_v5_eth_5m_bb_mp_hurst_band_V10,1780956000000000,-5.0,0,0.36,eth-updown-5m-1780955700
poly_sniper_v5_eth_5m_ema50_hurst_parent15mrang_v7_vL,1780956000000000,2.456757575757575,1,0.66,eth-updown-5m-1780955700
poly_sniper_v5_eth_5m_cloud_vwap_hurstmp_v7,1780956000000000,-5.0,0,0.36,eth-updown-5m-1780955700
poly_sniper_v5_eth_5m_cloud_ribbon_mp_hurst_v6_vL,1780956300000000,0.24565789473684235,1,0.95,eth-updown-5m-1780956000
poly_sniper_v5_eth_5m_cloud_ribbon_mp_hurst_v6,1780956300000000,0.24565789473684235,1,0.95,eth-updown-5m-1780956000
poly_sniper_v5_eth_5m_v6c3_parent15mrang_v7_vL,1780956300000000,0.24565789473684235,1,0.95,eth-updown-5m-1780956000
poly_sniper_v5_eth_5m_ema50_hurst_parent15mrang_v7_vL,1780956300000000,0.24565789473684235,1,0.95,eth-updown-5m-1780956000
poly_sniper_v5_eth_5m_l_ema50_hurst_grandparent_V10,1780956300000000,0.24565789473684235,1,0.95,eth-updown-5m-1780956000
poly_sniper_v5_eth_5m_ema50_hurst_parent15mrang_v7,1780956300000000,0.24565789473684235,1,0.95,eth-updown-5m-1780956000
poly_sniper_v5_eth_5m_v6c3_parent15mrang_v7,1780956300000000,0.24565789473684235,1,0.95,eth-updown-5m-1780956000
poly_sniper_v5_eth_5m_l_ema50_hurst_grandparent_v8,1780956300000000,0.24565789473684235,1,0.95,eth-updown-5m-1780956000
poly_fast_taker_b2_nomerge_eth_5m,1780956600000000,-2.0,0,0.56,eth-updown-5m-1780956300
poly_sniper_v5_eth_5m_v6c3_parent15mrang_v7_vL,1780956900000000,7.60701282051282,1,0.39,eth-updown-5m-1780956600
poly_sniper_v5_eth_5m_cloud_ribbon_mp_hurst_v6_vL,1780956900000000,7.60701282051282,1,0.39,eth-updown-5m-1780956600
poly_sniper_v5_eth_5m_cloud_vwap_hurstmp_v7_vL,1780956900000000,7.60701282051282,1,0.39,eth-updown-5m-1780956600
poly_sniper_v5_eth_5m_bb_mp_hurst_band_v6_vL,1780956900000000,7.60701282051282,1,0.39,eth-updown-5m-1780956600
poly_sniper_v5_eth_5m_ema50_hurst_parent15mrang_v7_vL,1780956900000000,7.60701282051282,1,0.39,eth-updown-5m-1780956600
poly_sniper_v5_eth_5m_cloud_vwap_hurstmp_v7,1780957200000000,3.93340909090909,1,0.55,eth-updown-5m-1780956900
poly_sniper_v5_eth_5m_cloud_vwap_hurstmp_v7_vL,1780957200000000,3.93340909090909,1,0.55,eth-updown-5m-1780956900
poly_sniper_v5_eth_5m_ema50_hurst_parent15mrang_v7_vL,1780957200000000,3.93340909090909,1,0.55,eth-updown-5m-1780956900
poly_sniper_v5_eth_5m_v6c3_parent15mrang_v7,1780957200000000,3.93340909090909,1,0.55,eth-updown-5m-1780956900
poly_sniper_v5_eth_5m_ema50_hurst_parent15mrang_v7,1780957200000000,3.93340909090909,1,0.55,eth-updown-5m-1780956900
poly_sniper_v5_eth_5m_bb_mp_hurst_band_v6,1780957200000000,3.93340909090909,1,0.55,eth-updown-5m-1780956900
poly_sniper_v5_eth_5m_v6c3_parent15mrang_v7_vL,1780957200000000,3.93340909090909,1,0.55,eth-updown-5m-1780956900
poly_sniper_v5_eth_5m_cloud_ribbon_mp_hurst_v6_vL,1780957200000000,3.93340909090909,1,0.55,eth-updown-5m-1780956900
poly_sniper_v5_eth_5m_cloud_ribbon_mp_hurst_v6,1780957200000000,3.93340909090909,1,0.55,eth-updown-5m-1780956900
poly_sniper_v5_eth_5m_bb_mp_hurst_band_v6_vL,1780957200000000,3.93340909090909,1,0.55,eth-updown-5m-1780956900
poly_sniper_v5_eth_5m_l_ema50_hurst_grandparent_v8,1780957500000000,1.940753521126761,1,0.71,eth-updown-5m-1780957200
poly_sniper_v5_eth_5m_ema50_hurst_parent15mrang_v7_vL,1780957500000000,1.940753521126761,1,0.71,eth-updown-5m-1780957200
poly_sniper_v5_eth_5m_ema50_hurst_parent15mrang_v7,1780957500000000,1.940753521126761,1,0.71,eth-updown-5m-1780957200
poly_sniper_v5_eth_5m_l_ema50_hurst_grandparent_V10,1780957500000000,1.940753521126761,1,0.71,eth-updown-5m-1780957200
poly_sniper_v5_eth_5m_ema200_vwap_regimerang_xa3_v7,1780957800000000,-5.0,0,0.45,eth-updown-5m-1780957500
poly_sniper_v5_eth_5m_cloud_vwap_hurstmp_v7_vL,1780958100000000,5.234666666666668,1,0.4799999999999999,eth-updown-5m-1780957800
poly_sniper_v5_eth_5m_bb_mp_hurst_band_v6_vL,1780958100000000,5.234666666666668,1,0.4799999999999999,eth-updown-5m-1780957800
poly_sniper_v5_eth_5m_cloud_vwap_hurstmp_v7,1780958100000000,5.234666666666668,1,0.4799999999999999,eth-updown-5m-1780957800
poly_sniper_v5_eth_5m_bb_mp_hurst_band_v6,1780958100000000,5.234666666666668,1,0.4799999999999999,eth-updown-5m-1780957800
poly_sniper_v5_eth_5m_ema50_hurst_parent15mrang_v7_vL,1780958100000000,5.234666666666668,1,0.4799999999999999,eth-updown-5m-1780957800
poly_sniper_v5_eth_5m_ema50_hurst_parent15mrang_v7,1780958100000000,5.234666666666668,1,0.4799999999999999,eth-updown-5m-1780957800
poly_sniper_v5_eth_5m_bb_mp_hurst_band_V10,1780958100000000,5.234666666666668,1,0.4799999999999999,eth-updown-5m-1780957800
poly_sniper_v5_eth_5m_ema200_vwap_regimerang_xa3_v7,1780958100000000,1.6657567567567568,1,0.74,eth-updown-5m-1780957800
poly_sniper_v5_eth_5m_ema50_hurst_parent15mrang_v7_vL,1780958700000000,-5.000000000000001,0,0.54,eth-updown-5m-1780958400
poly_sniper_v5_eth_5m_cloud_vwap_hurstmp_v7,1780958700000000,-5.000000000000001,0,0.54,eth-updown-5m-1780958400
poly_sniper_v5_eth_5m_cloud_ribbon_mp_hurst_v6,1780958700000000,-5.000000000000001,0,0.54,eth-updown-5m-1780958400
poly_sniper_v5_eth_5m_cloud_vwap_hurstmp_v7_vL,1780958700000000,-5.000000000000001,0,0.54,eth-updown-5m-1780958400
poly_sniper_v5_eth_5m_v6c3_parent15mrang_v7_vL,1780958700000000,-5.000000000000001,0,0.54,eth-updown-5m-1780958400
poly_sniper_v5_eth_5m_v6c3_parent15mrang_v7,1780958700000000,-5.000000000000001,0,0.54,eth-updown-5m-1780958400
poly_sniper_v5_eth_5m_ema50_hurst_parent15mrang_v7,1780958700000000,-5.000000000000001,0,0.54,eth-updown-5m-1780958400
poly_sniper_v5_eth_5m_bb_mp_hurst_band_V10,1780958700000000,-5.000000000000001,0,0.54,eth-updown-5m-1780958400
poly_sniper_v5_eth_5m_ema200_vwap_regimerang_xa3_v7,1780958700000000,2.1378768115942033,1,0.69,eth-updown-5m-1780958400
poly_sniper_v5_eth_5m_bb_mp_hurst_band_v6_vL,1780958700000000,-5.000000000000001,0,0.54,eth-updown-5m-1780958400
poly_sniper_v5_eth_5m_bb_mp_hurst_band_v6,1780958700000000,-5.000000000000001,0,0.54,eth-updown-5m-1780958400
poly_sniper_v5_eth_5m_cloud_ribbon_mp_hurst_v6_vL,1780958700000000,-5.000000000000001,0,0.54,eth-updown-5m-1780958400
poly_sniper_v5_eth_5m_ema50_hurst_parent15mrang_v7_vL,1780959300000000,2.0378571428571433,1,0.7,eth-updown-5m-1780959000
poly_sniper_v5_eth_5m_l_ema50_hurst_grandparent_v8,1780959300000000,2.0378571428571433,1,0.7,eth-updown-5m-1780959000
poly_sniper_v5_eth_5m_ema50_hurst_parent15mrang_v7,1780959300000000,2.0378571428571433,1,0.7,eth-updown-5m-1780959000
poly_sniper_v5_eth_5m_l_ema50_hurst_grandparent_V10,1780959300000000,2.0378571428571433,1,0.7,eth-updown-5m-1780959000
poly_sniper_v5_eth_5m_ema50_hurst_parent15mrang_v7,1780959600000000,2.569807692307692,1,0.65,eth-updown-5m-1780959300
poly_sniper_v5_eth_5m_l_ema50_hurst_grandparent_V10,1780959600000000,2.569807692307692,1,0.65,eth-updown-5m-1780959300
poly_sniper_v5_eth_5m_l_ema50_hurst_grandparent_v8,1780959600000000,2.569807692307692,1,0.65,eth-updown-5m-1780959300
poly_sniper_v5_eth_5m_ema50_hurst_parent15mrang_v7_vL,1780959600000000,2.569807692307692,1,0.65,eth-updown-5m-1780959300
poly_sniper_v5_eth_5m_l_ema50_hurst_grandparent_v8,1780959900000000,4.269462264150942,1,0.53,eth-updown-5m-1780959600
poly_sniper_v5_eth_5m_ema50_hurst_parent15mrang_v7,1780959900000000,4.269462264150942,1,0.53,eth-updown-5m-1780959600
poly_sniper_v5_eth_5m_ema50_hurst_parent15mrang_v7_vL,1780959900000000,4.269462264150942,1,0.53,eth-updown-5m-1780959600
poly_sniper_v5_eth_5m_l_ema50_hurst_grandparent_V10,1780959900000000,4.269462264150942,1,0.53,eth-updown-5m-1780959600
poly_sniper_v5_eth_5m_ema200_vwap_regimerang_xa3_v7,1780960200000000,1.6625928438398712,1,0.7403605062091568,eth-updown-5m-1780959900
poly_sniper_v5_eth_5m_ema50_hurst_parent15mrang_v7_vL,1780960200000000,-5.0,0,0.45,eth-updown-5m-1780959900
poly_sniper_v5_eth_5m_ema50_hurst_parent15mrang_v7,1780960200000000,-5.0,0,0.45,eth-updown-5m-1780959900
poly_sniper_v5_eth_5m_up_a2_hlcascade25k_v9,1780960200000000,1.6657567567567568,1,0.74,eth-updown-5m-1780959900
poly_sniper_v5_eth_5m_ema50_hurst_parent15mrang_v7,1780960500000000,0.8298529411764708,1,0.85,eth-updown-5m-1780960200
poly_sniper_v5_eth_5m_up_a2_hlcascade25k_v9,1780960500000000,-5.0,0,0.19,eth-updown-5m-1780960200
poly_sniper_v5_eth_5m_a2_hlcascade50k_v9,1780960500000000,1.0345609756097565,1,0.82,eth-updown-5m-1780960200
poly_sniper_v5_eth_5m_ema50_hurst_parent15mrang_v7_vL,1780960500000000,0.8298529411764708,1,0.85,eth-updown-5m-1780960200
poly_fast_taker_b2_nomerge_eth_5m,1780960500000000,1.201290322580645,1,0.62,eth-updown-5m-1780960200
poly_sniper_v5_eth_5m_a2_hlcascade50k_v9,1780960500000000,-5.0,0,0.19,eth-updown-5m-1780960200
poly_sniper_v5_eth_5m_ema50_hurst_parent15mrang_v7,1780960800000000,0.6398181818181817,1,0.88,eth-updown-5m-1780960500
poly_sniper_v5_eth_5m_cloud_ribbon_mp_hurst_v6_vL,1780960800000000,0.6398181818181817,1,0.88,eth-updown-5m-1780960500
poly_sniper_v5_eth_5m_v6c3_parent15mrang_v7_vL,1780960800000000,0.6398181818181817,1,0.88,eth-updown-5m-1780960500
poly_sniper_v5_eth_5m_v6c3_parent15mrang_v7,1780960800000000,0.6398181818181817,1,0.88,eth-updown-5m-1780960500
poly_sniper_v5_eth_5m_cloud_ribbon_mp_hurst_v6,1780960800000000,0.6398181818181817,1,0.88,eth-updown-5m-1780960500
poly_sniper_v5_eth_5m_ema50_hurst_parent15mrang_v7_vL,1780960800000000,0.6398181818181817,1,0.88,eth-updown-5m-1780960500
poly_sniper_v5_eth_5m_ema200_vwap_regimerang_xa3_v7,1780961100000000,-5.0,0,0.66,eth-updown-5m-1780960800
poly_sniper_v5_eth_5m_ema50_hurst_parent15mrang_v7_vL,1780961100000000,3.621429824561404,1,0.57,eth-updown-5m-1780960800
poly_sniper_v5_eth_5m_ema50_hurst_parent15mrang_v7,1780961100000000,3.621429824561404,1,0.57,eth-updown-5m-1780960800
poly_sniper_v5_eth_5m_l_ema50_hurst_grandparent_v8,1780961100000000,3.621429824561404,1,0.57,eth-updown-5m-1780960800
poly_fast_taker_b2_nomerge_eth_5m,1780961100000000,-2.0,0,0.57,eth-updown-5m-1780960800
poly_sniper_v5_eth_5m_l_ema50_hurst_grandparent_V10,1780961100000000,3.621429824561404,1,0.57,eth-updown-5m-1780960800
poly_sniper_v5_eth_5m_ema50_hurst_parent15mrang_v7_vL,1780961400000000,1.239727722772277,1,0.7920792079207921,eth-updown-5m-1780961100
poly_sniper_v5_eth_5m_bb_mp_hurst_band_v6_vL,1780961400000000,1.239727722772277,1,0.7920792079207921,eth-updown-5m-1780961100
poly_sniper_v5_eth_5m_bb_mp_hurst_band_v6,1780961400000000,1.239727722772277,1,0.7920792079207921,eth-updown-5m-1780961100
poly_sniper_v5_eth_5m_ema50_hurst_parent15mrang_v7,1780961400000000,1.239727722772277,1,0.7920792079207921,eth-updown-5m-1780961100
poly_sniper_v5_eth_5m_ema50_hurst_parent15mrang_v7_vL,1780961700000000,2.456757575757575,1,0.66,eth-updown-5m-1780961400
poly_sniper_v5_eth_5m_bb_mp_hurst_band_v6_vL,1780962000000000,-5.0,0,0.43000000000000005,eth-updown-5m-1780961700
poly_sniper_v5_eth_5m_cloud_vwap_hurstmp_v7_vL,1780962000000000,-5.0,0,0.43000000000000005,eth-updown-5m-1780961700
poly_sniper_v5_eth_5m_cloud_vwap_hurstmp_v7,1780962000000000,-5.0,0,0.43000000000000005,eth-updown-5m-1780961700
poly_sniper_v5_eth_5m_bb_mp_hurst_band_V10,1780962000000000,-5.0,0,0.43000000000000005,eth-updown-5m-1780961700
poly_sniper_v5_eth_5m_bb_mp_hurst_band_v6,1780962000000000,-5.0,0,0.43000000000000005,eth-updown-5m-1780961700
poly_sniper_v5_eth_5m_ema50_hurst_parent15mrang_v7,1780962000000000,-5.0,0,0.43000000000000005,eth-updown-5m-1780961700
poly_sniper_v5_eth_5m_ema50_hurst_parent15mrang_v7_vL,1780962000000000,-5.0,0,0.43000000000000005,eth-updown-5m-1780961700
poly_sniper_v5_eth_5m_cloud_vwap_hurstmp_v7,1780962300000000,-5.000000000000001,0,0.54,eth-updown-5m-1780962000
poly_sniper_v5_eth_5m_cloud_vwap_hurstmp_v7_vL,1780962300000000,-5.000000000000001,0,0.54,eth-updown-5m-1780962000
poly_sniper_v5_eth_5m_ema50_hurst_parent15mrang_v7_vL,1780962300000000,5.452797872340425,1,0.47000000000000003,eth-updown-5m-1780962000
poly_sniper_v5_eth_5m_ema50_hurst_parent15mrang_v7,1780962300000000,5.452797872340425,1,0.47000000000000003,eth-updown-5m-1780962000
poly_sniper_v5_eth_5m_ema50_hurst_parent15mrang_v7_vL,1780962600000000,0.8298529411764708,1,0.85,eth-updown-5m-1780962300
poly_sniper_v5_eth_5m_v6c3_parent15mrang_v7,1780962600000000,0.8298529411764708,1,0.85,eth-updown-5m-1780962300
poly_sniper_v5_eth_5m_cloud_ribbon_mp_hurst_v6,1780962600000000,0.8298529411764708,1,0.85,eth-updown-5m-1780962300
poly_sniper_v5_eth_5m_v6c3_parent15mrang_v7_vL,1780962600000000,0.8298529411764708,1,0.85,eth-updown-5m-1780962300
poly_sniper_v5_eth_5m_cloud_ribbon_mp_hurst_v6_vL,1780962600000000,0.8298529411764708,1,0.85,eth-updown-5m-1780962300
poly_sniper_v5_eth_5m_ema50_hurst_parent15mrang_v7,1780962600000000,0.8298529411764708,1,0.85,eth-updown-5m-1780962300
poly_fast_taker_b2_nomerge_eth_5m,1780962600000000,0.5854545454545454,1,0.77,eth-updown-5m-1780962300
poly_sniper_v5_eth_5m_l_ema50_hurst_grandparent_V10,1780962900000000,-5.0,0,0.55,eth-updown-5m-1780962600
poly_sniper_v5_eth_5m_ema50_hurst_parent15mrang_v7_vL,1780962900000000,-5.0,0,0.55,eth-updown-5m-1780962600
poly_sniper_v5_eth_5m_ema50_hurst_parent15mrang_v7,1780962900000000,-5.0,0,0.55,eth-updown-5m-1780962600
poly_sniper_v5_eth_5m_l_ema50_hurst_grandparent_v8,1780962900000000,-5.0,0,0.55,eth-updown-5m-1780962600
poly_sniper_v5_eth_5m_l_ema50_hurst_grandparent_V10,1780963200000000,2.931516129032258,1,0.62,eth-updown-5m-1780962900
poly_sniper_v5_eth_5m_cloud_ribbon_mp_hurst_v6_vL,1780963200000000,2.931516129032258,1,0.62,eth-updown-5m-1780962900
poly_sniper_v5_eth_5m_ema50_hurst_parent15mrang_v7,1780963200000000,2.931516129032258,1,0.62,eth-updown-5m-1780962900
poly_sniper_v5_eth_5m_cloud_ribbon_mp_hurst_v6,1780963200000000,2.931516129032258,1,0.62,eth-updown-5m-1780962900
poly_sniper_v5_eth_5m_cloud_vwap_hurstmp_v7_vL,1780963200000000,2.931516129032258,1,0.62,eth-updown-5m-1780962900
shadow_sniper_eth_5m_cloud_AND_hurst_v1,1780963200000000,2.931516129032258,1,0.62,eth-updown-5m-1780962900
poly_sniper_v5_eth_5m_bb_mp_hurst_band_v6_vL,1780963200000000,2.931516129032258,1,0.62,eth-updown-5m-1780962900
poly_sniper_v5_eth_5m_bb_mp_hurst_band_v6,1780963200000000,2.931516129032258,1,0.62,eth-updown-5m-1780962900
poly_sniper_v5_eth_5m_cloud_vwap_hurstmp_v7,1780963200000000,2.931516129032258,1,0.62,eth-updown-5m-1780962900
poly_sniper_v5_eth_5m_l_ema50_hurst_grandparent_v8,1780963200000000,2.931516129032258,1,0.62,eth-updown-5m-1780962900
poly_sniper_v5_eth_5m_v6c3_parent15mrang_v7_vL,1780963200000000,2.931516129032258,1,0.62,eth-updown-5m-1780962900
poly_sniper_v5_eth_5m_v6c3_parent15mrang_v7,1780963200000000,2.931516129032258,1,0.62,eth-updown-5m-1780962900
poly_sniper_v5_eth_5m_ema50_hurst_parent15mrang_v7_vL,1780963200000000,2.931516129032258,1,0.62,eth-updown-5m-1780962900
poly_fast_taker_lagv2_eth_5m,1780963800000000,-10.262460317460318,0,0.63,eth-updown-5m-1780963500
poly_sniper_v5_eth_5m_ema50_hurst_parent15mrang_v7,1780963500000000,2.2409411764705878,1,0.68,eth-updown-5m-1780963200
poly_sniper_v5_eth_5m_ema50_hurst_parent15mrang_v7_vL,1780963500000000,2.2409411764705878,1,0.68,eth-updown-5m-1780963200
poly_sniper_v5_eth_5m_ema50_hurst_parent15mrang_v7,1780963800000000,3.3310762711864412,1,0.59,eth-updown-5m-1780963500
poly_sniper_v5_eth_5m_bb_mp_hurst_band_v6,1780963800000000,3.3310762711864412,1,0.59,eth-updown-5m-1780963500
poly_sniper_v5_eth_5m_ema50_hurst_parent15mrang_v7_vL,1780963800000000,3.3310762711864412,1,0.59,eth-updown-5m-1780963500
poly_sniper_v5_eth_5m_bb_mp_hurst_band_v6_vL,1780963800000000,3.3310762711864412,1,0.59,eth-updown-5m-1780963500
poly_fast_taker_b2_nomerge_eth_5m,1780963800000000,-2.0,0,0.64,eth-updown-5m-1780963500
poly_sniper_v5_eth_5m_l_ema50_hurst_grandparent_V10,1780964100000000,1.2556139240506328,1,0.79,eth-updown-5m-1780963800
poly_sniper_v5_eth_5m_ema50_hurst_parent15mrang_v7,1780964100000000,1.2556139240506328,1,0.79,eth-updown-5m-1780963800
poly_fast_taker_b2_nomerge_eth_5m,1780964100000000,1.4785964912280705,1,0.57,eth-updown-5m-1780963800
poly_fast_taker_lagv2_eth_5m,1780964100000000,14.657580645161291,1,0.62,eth-updown-5m-1780963800
poly_sniper_v5_eth_5m_ema50_hurst_parent15mrang_v7_vL,1780964100000000,1.2556139240506328,1,0.79,eth-updown-5m-1780963800
poly_sniper_v5_eth_5m_l_ema50_hurst_grandparent_v8,1780964100000000,1.2556139240506328,1,0.79,eth-updown-5m-1780963800
poly_sniper_v5_eth_5m_ema50_hurst_parent15mrang_v7_vL,1780964400000000,-5.0,0,0.68,eth-updown-5m-1780964100
poly_sniper_v5_eth_5m_ema50_hurst_parent15mrang_v7,1780964400000000,-5.0,0,0.68,eth-updown-5m-1780964100
poly_fast_taker_lagv2_eth_5m,1780964700000000,-8.513757377049183,0,0.61,eth-updown-5m-1780964400
poly_fast_taker_lagv2_eth_5m,1780965000000000,-7.835820895522388,0,0.67,eth-updown-5m-1780964700
poly_sniper_v5_eth_5m_v6c3_parent15mrang_v7_vL,1780964700000000,-5.0,0,0.63,eth-updown-5m-1780964400
poly_sniper_v5_eth_5m_cloud_mp_sms_active_off120,1780964700000000,0.4630054945054944,1,0.91,eth-updown-5m-1780964400
poly_sniper_v5_eth_5m_l_ema50_hurst_grandparent_v8,1780964700000000,-5.0,0,0.63,eth-updown-5m-1780964400
poly_sniper_v5_eth_5m_cloud_vwap_hurstmp_v7_vL,1780964700000000,-5.0,0,0.63,eth-updown-5m-1780964400
poly_sniper_v5_eth_5m_ema50_hurst_parent15mrang_v7,1780964700000000,-5.0,0,0.63,eth-updown-5m-1780964400
poly_sniper_v5_eth_5m_tr200_mp_sms_active_off120,1780964700000000,0.4630054945054944,1,0.91,eth-updown-5m-1780964400
poly_sniper_v5_eth_5m_l_ema50_hurst_grandparent_V10,1780964700000000,-5.0,0,0.63,eth-updown-5m-1780964400
poly_sniper_v5_eth_5m_bb_mp_hurst_band_v6,1780964700000000,-5.0,0,0.63,eth-updown-5m-1780964400
shadow_sniper_eth_5m_cloud_AND_hurst_v1,1780964700000000,-5.0,0,0.63,eth-updown-5m-1780964400
poly_sniper_v5_eth_5m_cloud_vwap_hurstmp_v7,1780964700000000,-5.0,0,0.63,eth-updown-5m-1780964400
poly_sniper_v5_eth_5m_bb_mp_hurst_band_v6_vL,1780964700000000,-5.0,0,0.63,eth-updown-5m-1780964400
poly_sniper_v5_eth_5m_cloud_ribbon_mp_hurst_v6_vL,1780964700000000,-5.0,0,0.63,eth-updown-5m-1780964400
poly_sniper_v5_eth_5m_v6c3_parent15mrang_v7,1780964700000000,-5.0,0,0.63,eth-updown-5m-1780964400
poly_sniper_v5_eth_5m_v5repl_off120_v6,1780964700000000,0.4630054945054944,1,0.91,eth-updown-5m-1780964400
poly_sniper_v5_eth_5m_cloud_ribbon_mp_hurst_v6,1780964700000000,-5.0,0,0.63,eth-updown-5m-1780964400
poly_sniper_v5_eth_5m_ema50_hurst_parent15mrang_v7_vL,1780964700000000,-5.0,0,0.63,eth-updown-5m-1780964400
poly_fast_taker_lagv2_eth_5m,1780965300000000,-5.619491525423728,0,0.5804801259346714,eth-updown-5m-1780965000
poly_sniper_v5_eth_5m_cloud_vwap_hurstmp_v7_vL,1780965000000000,4.006566914508197,1,0.5455158596338101,eth-updown-5m-1780964700
poly_sniper_v5_eth_5m_ema50_hurst_parent15mrang_v7_vL,1780965000000000,4.006566914508197,1,0.5455158596338101,eth-updown-5m-1780964700
poly_sniper_v5_eth_5m_cloud_vwap_hurstmp_v7,1780965000000000,4.006566914508197,1,0.5455158596338101,eth-updown-5m-1780964700
poly_sniper_v5_eth_5m_cloud_ribbon_mp_hurst_v6_vL,1780965000000000,4.006566914508197,1,0.5455158596338101,eth-updown-5m-1780964700
poly_sniper_v5_eth_5m_v6c3_parent15mrang_v7_vL,1780965000000000,4.006566914508197,1,0.5455158596338101,eth-updown-5m-1780964700
poly_sniper_v5_eth_5m_bb_mp_hurst_band_v6,1780965000000000,4.006566914508197,1,0.5455158596338101,eth-updown-5m-1780964700
poly_sniper_v5_eth_5m_v6c3_parent15mrang_v7,1780965000000000,4.006566914508197,1,0.5455158596338101,eth-updown-5m-1780964700
poly_sniper_v5_eth_5m_cloud_ribbon_mp_hurst_v6,1780965000000000,4.006566914508197,1,0.5455158596338101,eth-updown-5m-1780964700
poly_sniper_v5_eth_5m_ema50_hurst_parent15mrang_v7,1780965000000000,4.006566914508197,1,0.5455158596338101,eth-updown-5m-1780964700
poly_sniper_v5_eth_5m_bb_mp_hurst_band_v6_vL,1780965000000000,4.006566914508197,1,0.5455158596338101,eth-updown-5m-1780964700
poly_fast_taker_b2_nomerge_eth_5m,1780965000000000,-2.0,0,0.67,eth-updown-5m-1780964700
poly_sniper_v5_eth_5m_cloud_ribbon_mp_hurst_V10,1780965000000000,4.006566914508197,1,0.5455158596338101,eth-updown-5m-1780964700
poly_sniper_v5_eth_5m_l_ema50_hurst_grandparent_v8,1780965300000000,-5.000000000000001,0,0.54,eth-updown-5m-1780965000
poly_fast_taker_b2_nomerge_eth_5m,1780965300000000,-2.0,0,0.58,eth-updown-5m-1780965000
poly_sniper_v5_eth_5m_l_ema50_hurst_grandparent_V10,1780965300000000,-5.000000000000001,0,0.54,eth-updown-5m-1780965000
poly_sniper_v5_eth_5m_ema50_hurst_parent15mrang_v7_vL,1780965300000000,-5.000000000000001,0,0.54,eth-updown-5m-1780965000
poly_sniper_v5_eth_5m_ema50_hurst_parent15mrang_v7,1780965300000000,-5.000000000000001,0,0.54,eth-updown-5m-1780965000
poly_sniper_v5_eth_5m_cloud_vwap_hurstmp_v7,1780965600000000,2.3471865671641785,1,0.67,eth-updown-5m-1780965300
poly_sniper_v5_eth_5m_bb_mp_hurst_band_v6_vL,1780965600000000,2.3471865671641785,1,0.67,eth-updown-5m-1780965300
poly_sniper_v5_eth_5m_cloud_vwap_hurstmp_v7_vL,1780965600000000,2.3471865671641785,1,0.67,eth-updown-5m-1780965300
poly_sniper_v5_eth_5m_bb_mp_hurst_band_v6,1780965600000000,2.3471865671641785,1,0.67,eth-updown-5m-1780965300
poly_fast_taker_b2_nomerge_eth_5m,1780965900000000,1.4193103448275863,1,0.58,eth-updown-5m-1780965600
poly_sniper_v5_eth_5m_cloud_vwap_hurstmp_v7_vL,1780965900000000,3.193333333333334,1,0.6,eth-updown-5m-1780965600
poly_fast_taker_lagv2_eth_5m,1780965900000000,16.655381355932207,1,0.59,eth-updown-5m-1780965600
poly_sniper_v5_eth_5m_cloud_ribbon_mp_hurst_v6_vL,1780965900000000,3.193333333333334,1,0.6,eth-updown-5m-1780965600
poly_sniper_v5_eth_5m_bb_mp_hurst_band_v6_vL,1780965900000000,3.193333333333334,1,0.6,eth-updown-5m-1780965600
poly_sniper_v5_eth_5m_cloud_ribbon_mp_hurst_V10,1780966200000000,0.6398181818181817,1,0.88,eth-updown-5m-1780965900
poly_sniper_v5_eth_5m_cloud_ribbon_mp_hurst_v6,1780966200000000,0.6398181818181817,1,0.88,eth-updown-5m-1780965900
poly_sniper_v5_eth_5m_cloud_ribbon_mp_hurst_v6_vL,1780966200000000,0.6398181818181817,1,0.88,eth-updown-5m-1780965900
poly_fast_taker_b2_nomerge_eth_5m,1780966200000000,1.4785964912280705,1,0.57,eth-updown-5m-1780965900
poly_sniper_v5_eth_5m_l_ema50_hurst_grandparent_V10,1780966500000000,3.3310762711864412,1,0.59,eth-updown-5m-1780966200
poly_sniper_v5_eth_5m_l_ema50_hurst_grandparent_v8,1780966500000000,3.3310762711864412,1,0.59,eth-updown-5m-1780966200
shadow_oracle_settle_eth_5m,1780966500000000,0.579477528089887,1,0.8900000000000001,eth-updown-5m-1780966200
poly_fast_taker_lagv2_eth_5m,1780966800000000,-6.666666666666666,0,0.6,eth-updown-5m-1780966500
poly_sniper_v5_eth_5m_l_ema50_hurst_grandparent_V10,1780966800000000,-5.0,0,0.64,eth-updown-5m-1780966500
poly_sniper_v5_eth_5m_l_ema50_hurst_grandparent_v8,1780966800000000,-5.0,0,0.64,eth-updown-5m-1780966500
poly_sniper_v5_eth_5m_cloud_vwap_hurstmp_v7,1780967100000000,1.5791666666666668,1,0.75,eth-updown-5m-1780966800
poly_sniper_v5_eth_5m_l_ema50_hurst_grandparent_V10,1780967100000000,1.5791666666666668,1,0.75,eth-updown-5m-1780966800
poly_sniper_v5_eth_5m_l_ema50_hurst_grandparent_v8,1780967100000000,1.5791666666666668,1,0.75,eth-updown-5m-1780966800
poly_sniper_v5_eth_5m_cloud_ribbon_mp_hurst_v6,1780967100000000,1.5791666666666668,1,0.75,eth-updown-5m-1780966800
poly_fast_taker_lagv2_eth_5m,1780967100000000,15.301106557377052,1,0.61,eth-updown-5m-1780966800
poly_sniper_v5_eth_5m_bb_mp_hurst_band_v6_vL,1780967100000000,1.5791666666666668,1,0.75,eth-updown-5m-1780966800
poly_sniper_v5_eth_5m_cloud_ribbon_mp_hurst_v6_vL,1780967100000000,1.5791666666666668,1,0.75,eth-updown-5m-1780966800
shadow_sniper_eth_5m_cloud_AND_hurst_v1,1780967100000000,1.5791666666666668,1,0.75,eth-updown-5m-1780966800
poly_sniper_v5_eth_5m_bb_mp_hurst_band_v6,1780967100000000,1.5791666666666668,1,0.75,eth-updown-5m-1780966800
poly_sniper_v5_eth_5m_cloud_vwap_hurstmp_v7_vL,1780967100000000,1.5791666666666668,1,0.75,eth-updown-5m-1780966800
poly_sniper_v5_eth_5m_cloud_ribbon_mp_hurst_V10,1780967400000000,6.428406976744185,1,0.43000000000000005,eth-updown-5m-1780967100
poly_sniper_v5_eth_5m_lq_ema50_hurst_grandparent_prev15m_v8,1780967400000000,6.428406976744185,1,0.43000000000000005,eth-updown-5m-1780967100
poly_sniper_v5_eth_5m_cloud_ribbon_mp_hurst_v6_vL,1780967400000000,6.428406976744185,1,0.43000000000000005,eth-updown-5m-1780967100
poly_sniper_v5_eth_5m_l_ema50_hurst_grandparent_v8,1780967400000000,6.428406976744185,1,0.43000000000000005,eth-updown-5m-1780967100
poly_sniper_v5_eth_5m_cloud_vwap_hurstmp_v7,1780967400000000,6.428406976744185,1,0.43000000000000005,eth-updown-5m-1780967100
shadow_sniper_eth_5m_cloud_AND_hurst_v1,1780967400000000,6.428406976744185,1,0.43000000000000005,eth-updown-5m-1780967100
poly_sniper_v5_eth_5m_l_ema50_hurst_grandparent_V10,1780967400000000,6.428406976744185,1,0.43000000000000005,eth-updown-5m-1780967100
poly_sniper_v5_eth_5m_cloud_vwap_hurstmp_v7_vL,1780967400000000,6.428406976744185,1,0.43000000000000005,eth-updown-5m-1780967100
poly_sniper_v5_eth_5m_cloud_ribbon_mp_hurst_v6,1780967400000000,6.428406976744185,1,0.43000000000000005,eth-updown-5m-1780967100
poly_sniper_v5_eth_5m_lq_ema50_hurst_grandparent_prev15m_v8_vL,1780967400000000,6.428406976744185,1,0.43000000000000005,eth-updown-5m-1780967100
poly_fast_taker_b2_nomerge_eth_5m,1780968000000000,1.362033898305085,1,0.59,eth-updown-5m-1780967700
shadow_oracle_settle_eth_5m,1780968000000000,0.3518440860215051,1,0.93,eth-updown-5m-1780967700
poly_sniper_v5_eth_5m_cloud_vwap_hurstmp_v7,1780968300000000,1.4949473684210524,1,0.76,eth-updown-5m-1780968000
poly_sniper_v5_eth_5m_cloud_ribbon_mp_hurst_v6_vL,1780968300000000,1.4949473684210524,1,0.76,eth-updown-5m-1780968000
poly_sniper_v5_eth_5m_cloud_vwap_hurstmp_v7_vL,1780968300000000,1.4949473684210524,1,0.76,eth-updown-5m-1780968000
poly_sniper_v5_eth_5m_bb_mp_hurst_band_v6_vL,1780968300000000,1.4949473684210524,1,0.76,eth-updown-5m-1780968000
poly_sniper_v5_eth_5m_cloud_ribbon_mp_hurst_v6,1780968300000000,1.4949473684210524,1,0.76,eth-updown-5m-1780968000
poly_sniper_v5_eth_5m_bb_mp_hurst_band_v6,1780968300000000,1.4949473684210524,1,0.76,eth-updown-5m-1780968000
poly_fast_taker_lagv2_eth_5m,1780968600000000,-8.82352941176471,0,0.68,eth-updown-5m-1780968300
poly_sniper_v5_eth_5m_l_ema50_hurst_grandparent_V10,1780968600000000,2.1378768115942033,1,0.69,eth-updown-5m-1780968300
poly_sniper_v5_eth_5m_l_ema50_hurst_grandparent_v8,1780968600000000,2.1378768115942033,1,0.69,eth-updown-5m-1780968300
poly_fast_taker_b2_nomerge_eth_5m,1780968900000000,-2.0,0,0.59,eth-updown-5m-1780968600
poly_sniper_v5_eth_5m_l_ema50_hurst_grandparent_V10,1780969200000000,0.579477528089887,1,0.8900000000000001,eth-updown-5m-1780968900
poly_sniper_v5_eth_5m_l_ema50_hurst_grandparent_v8,1780969200000000,0.579477528089887,1,0.8900000000000001,eth-updown-5m-1780968900
poly_fast_taker_lagv2_eth_5m,1780969200000000,9.703767605633805,1,0.71,eth-updown-5m-1780968900
poly_fast_taker_lagv2_eth_5m,1780969500000000,-10.241517647058824,0,0.68,eth-updown-5m-1780969200
poly_fast_taker_b2_nomerge_eth_5m,1780969500000000,-2.0,0,0.63,eth-updown-5m-1780969200
shadow_oracle_settle_eth_5m,1780969500000000,0.2981489361702125,1,0.9400000000000001,eth-updown-5m-1780969200
poly_sniper_v5_eth_5m_cloud_ribbon_mp_hurst_v6_vL,1780969800000000,5.234666666666668,1,0.4799999999999999,eth-updown-5m-1780969500
poly_sniper_v5_eth_5m_l_ema50_hurst_grandparent_v8,1780969800000000,5.234666666666668,1,0.4799999999999999,eth-updown-5m-1780969500
poly_sniper_v5_eth_5m_bb_mp_hurst_band_v6,1780969800000000,5.234666666666668,1,0.4799999999999999,eth-updown-5m-1780969500
poly_sniper_v5_eth_5m_l_ema50_hurst_grandparent_V10,1780969800000000,5.234666666666668,1,0.4799999999999999,eth-updown-5m-1780969500
shadow_sniper_eth_5m_cloud_AND_hurst_v1,1780969800000000,5.234666666666668,1,0.4799999999999999,eth-updown-5m-1780969500
poly_sniper_v5_eth_5m_cloud_ribbon_mp_hurst_v6,1780969800000000,5.234666666666668,1,0.4799999999999999,eth-updown-5m-1780969500
poly_sniper_v5_eth_5m_bb_mp_hurst_band_v6_vL,1780969800000000,5.234666666666668,1,0.4799999999999999,eth-updown-5m-1780969500
poly_sniper_v5_eth_5m_bb_mp_hurst_band_V10,1780969800000000,5.234666666666668,1,0.4799999999999999,eth-updown-5m-1780969500
poly_fast_taker_b2_nomerge_eth_5m,1780969800000000,-2.0,0,0.59,eth-updown-5m-1780969500
poly_sniper_v5_eth_5m_cloud_vwap_hurstmp_v7_vL,1780969800000000,5.234666666666668,1,0.4799999999999999,eth-updown-5m-1780969500
poly_sniper_v5_eth_5m_cloud_ribbon_mp_hurst_V10,1780969800000000,5.234666666666668,1,0.4799999999999999,eth-updown-5m-1780969500
poly_sniper_v5_eth_5m_cloud_vwap_hurstmp_v7,1780969800000000,5.234666666666668,1,0.4799999999999999,eth-updown-5m-1780969500
poly_fast_taker_lagv2_eth_5m,1780969800000000,-25.000000000000004,0,0.6,eth-updown-5m-1780969500
shadow_sniper_eth_5m_cloud_AND_hurst_v1,1780970100000000,-5.0,0,0.56,eth-updown-5m-1780969800
poly_sniper_v5_eth_5m_cloud_vwap_hurstmp_v7,1780970100000000,-5.0,0,0.56,eth-updown-5m-1780969800
poly_sniper_v5_eth_5m_cloud_ribbon_mp_hurst_v6,1780970100000000,-5.0,0,0.56,eth-updown-5m-1780969800
poly_sniper_v5_eth_5m_l_ema50_hurst_grandparent_v8,1780970100000000,-5.0,0,0.56,eth-updown-5m-1780969800
poly_sniper_v5_eth_5m_bb_mp_hurst_band_v6,1780970100000000,-5.0,0,0.56,eth-updown-5m-1780969800
poly_sniper_v5_eth_5m_cloud_vwap_hurstmp_v7_vL,1780970100000000,-5.0,0,0.56,eth-updown-5m-1780969800
poly_sniper_v5_eth_5m_bb_mp_hurst_band_v6_vL,1780970100000000,-5.0,0,0.56,eth-updown-5m-1780969800
poly_sniper_v5_eth_5m_cloud_ribbon_mp_hurst_v6_vL,1780970100000000,-5.0,0,0.56,eth-updown-5m-1780969800
poly_sniper_v5_eth_5m_cloud_ribbon_mp_hurst_V10,1780970100000000,-5.0,0,0.56,eth-updown-5m-1780969800
poly_sniper_v5_eth_5m_l_ema50_hurst_grandparent_V10,1780970100000000,-5.0,0,0.56,eth-updown-5m-1780969800
poly_sniper_v5_eth_5m_cloud_ribbon_mp_hurst_V10,1780970400000000,-5.0,0,0.6,eth-updown-5m-1780970100
poly_sniper_v5_eth_5m_l_ema50_hurst_grandparent_V10,1780970400000000,-5.0,0,0.6,eth-updown-5m-1780970100
shadow_sniper_eth_5m_cloud_AND_hurst_v1,1780970400000000,-5.0,0,0.6,eth-updown-5m-1780970100
poly_sniper_v5_eth_5m_cloud_ribbon_mp_hurst_v6_vL,1780970400000000,-5.0,0,0.6,eth-updown-5m-1780970100
poly_sniper_v5_eth_5m_cloud_vwap_hurstmp_v7,1780970400000000,-5.0,0,0.6,eth-updown-5m-1780970100
poly_sniper_v5_eth_5m_cloud_vwap_hurstmp_v7_vL,1780970400000000,-5.0,0,0.6,eth-updown-5m-1780970100
poly_sniper_v5_eth_5m_bb_mp_hurst_band_v6,1780970400000000,-5.0,0,0.6,eth-updown-5m-1780970100
poly_sniper_v5_eth_5m_bb_mp_hurst_band_v6_vL,1780970400000000,-5.0,0,0.6,eth-updown-5m-1780970100
poly_sniper_v5_eth_5m_cloud_ribbon_mp_hurst_v6,1780970400000000,-5.0,0,0.6,eth-updown-5m-1780970100
poly_sniper_v5_eth_5m_l_ema50_hurst_grandparent_v8,1780970400000000,-5.0,0,0.6,eth-updown-5m-1780970100
poly_sniper_v5_eth_5m_bb_mp_hurst_band_V10,1780970700000000,-5.0,0,0.5,eth-updown-5m-1780970400
poly_sniper_v5_eth_5m_cloud_ribbon_mp_hurst_V10,1780970700000000,-5.0,0,0.5,eth-updown-5m-1780970400
shadow_sniper_eth_5m_cloud_AND_hurst_v1,1780970700000000,-5.0,0,0.5,eth-updown-5m-1780970400
poly_sniper_v5_eth_5m_cloud_ribbon_mp_hurst_v6,1780970700000000,-5.0,0,0.5,eth-updown-5m-1780970400
poly_sniper_v5_eth_5m_l_ema50_hurst_grandparent_v8,1780970700000000,-5.0,0,0.5,eth-updown-5m-1780970400
poly_sniper_v5_eth_5m_bb_mp_hurst_band_v6_vL,1780970700000000,-5.0,0,0.5,eth-updown-5m-1780970400
poly_sniper_v5_eth_5m_l_ema50_hurst_grandparent_V10,1780970700000000,-5.0,0,0.5,eth-updown-5m-1780970400
poly_sniper_v5_eth_5m_ema200_vwap_regimerang_xa3_v7,1780970700000000,2.569807692307692,1,0.65,eth-updown-5m-1780970400
poly_sniper_v5_eth_5m_cloud_vwap_hurstmp_v7,1780970700000000,-5.0,0,0.5,eth-updown-5m-1780970400
poly_sniper_v5_eth_5m_cloud_ribbon_mp_hurst_v6_vL,1780970700000000,-5.0,0,0.5,eth-updown-5m-1780970400
poly_sniper_v5_eth_5m_bb_mp_hurst_band_v6,1780970700000000,-5.0,0,0.5,eth-updown-5m-1780970400
poly_sniper_v5_eth_5m_cloud_vwap_hurstmp_v7_vL,1780970700000000,-5.0,0,0.5,eth-updown-5m-1780970400
poly_sniper_v5_eth_5m_l_ema50_hurst_grandparent_v8,1780971000000000,-5.0,0,0.73,eth-updown-5m-1780970700
poly_sniper_v5_eth_5m_ema50_hurst_parent15mrang_v7_vL,1780971000000000,-5.0,0,0.73,eth-updown-5m-1780970700
poly_sniper_v5_eth_5m_bb_mp_hurst_band_v6_vL,1780971000000000,-5.0,0,0.73,eth-updown-5m-1780970700
poly_sniper_v5_eth_5m_ema50_hurst_parent15mrang_v7,1780971000000000,-5.0,0,0.73,eth-updown-5m-1780970700
poly_sniper_v5_eth_5m_lq_ema50_hurst_grandparent_prev15m_v8,1780971000000000,-5.0,0,0.73,eth-updown-5m-1780970700
poly_sniper_v5_eth_5m_bb_mp_hurst_band_v6,1780971000000000,-5.0,0,0.73,eth-updown-5m-1780970700
poly_sniper_v5_eth_5m_lq_ema50_hurst_grandparent_prev15m_v8_vL,1780971000000000,-5.0,0,0.73,eth-updown-5m-1780970700
poly_fast_taker_lagv2_eth_5m,1780971000000000,-25.0,0,0.64,eth-updown-5m-1780970700
poly_sniper_v5_eth_5m_l_ema50_hurst_grandparent_V10,1780971000000000,-5.0,0,0.73,eth-updown-5m-1780970700
poly_fast_taker_b2_nomerge_eth_5m,1780971000000000,-2.0,0,0.62,eth-updown-5m-1780970700
poly_sniper_v5_eth_5m_v6c3_parent15mrang_v7,1780971300000000,2.8070079365079366,1,0.63,eth-updown-5m-1780971000
poly_sniper_v5_eth_5m_cloud_ribbon_mp_hurst_V10,1780971300000000,2.8070079365079366,1,0.63,eth-updown-5m-1780971000
shadow_sniper_eth_5m_cloud_AND_hurst_v1,1780971300000000,2.8070079365079366,1,0.63,eth-updown-5m-1780971000
poly_sniper_v5_eth_5m_l_ema50_hurst_grandparent_V10,1780971300000000,2.8070079365079366,1,0.63,eth-updown-5m-1780971000
poly_sniper_v5_eth_5m_cloud_ribbon_mp_hurst_v6_vL,1780971300000000,2.8070079365079366,1,0.63,eth-updown-5m-1780971000
poly_sniper_v5_eth_5m_bb_mp_hurst_band_v6,1780971300000000,2.8070079365079366,1,0.63,eth-updown-5m-1780971000
poly_sniper_v5_eth_5m_ema50_hurst_parent15mrang_v7,1780971300000000,2.8070079365079366,1,0.63,eth-updown-5m-1780971000
poly_sniper_v5_eth_5m_lq_ema50_hurst_grandparent_prev15m_v8_vL,1780971300000000,2.8070079365079366,1,0.63,eth-updown-5m-1780971000
poly_sniper_v5_eth_5m_cloud_vwap_hurstmp_v7_vL,1780971300000000,2.8070079365079366,1,0.63,eth-updown-5m-1780971000
poly_sniper_v5_eth_5m_cloud_vwap_hurstmp_v7,1780971300000000,2.8070079365079366,1,0.63,eth-updown-5m-1780971000
poly_sniper_v5_eth_5m_ema50_hurst_parent15mrang_v7_vL,1780971300000000,2.8070079365079366,1,0.63,eth-updown-5m-1780971000
poly_sniper_v5_eth_5m_v6c3_parent15mrang_v7_vL,1780971300000000,2.8070079365079366,1,0.63,eth-updown-5m-1780971000
poly_sniper_v5_eth_5m_lq_ema50_hurst_grandparent_prev15m_v8,1780971300000000,2.8070079365079366,1,0.63,eth-updown-5m-1780971000
poly_sniper_v5_eth_5m_bb_mp_hurst_band_v6_vL,1780971300000000,2.8070079365079366,1,0.63,eth-updown-5m-1780971000
poly_fast_taker_lagv2_eth_5m,1780971300000000,15.301106557377052,1,0.61,eth-updown-5m-1780971000
poly_sniper_v5_eth_5m_l_ema50_hurst_grandparent_v8,1780971300000000,2.8070079365079366,1,0.63,eth-updown-5m-1780971000
poly_sniper_v5_eth_5m_cloud_ribbon_mp_hurst_v6,1780971300000000,2.8070079365079366,1,0.63,eth-updown-5m-1780971000
poly_sniper_v5_eth_5m_ema50_hurst_parent15mrang_v7_vL,1780971600000000,0.7016264367816085,1,0.8700000000000001,eth-updown-5m-1780971300
poly_sniper_v5_eth_5m_l_ema50_hurst_grandparent_V10,1780971600000000,0.7016264367816085,1,0.8700000000000001,eth-updown-5m-1780971300
poly_sniper_v5_eth_5m_ema50_hurst_parent15mrang_v7,1780971600000000,0.7016264367816085,1,0.8700000000000001,eth-updown-5m-1780971300
poly_fast_taker_lagv2_eth_5m,1780971600000000,8.774075342465753,1,0.73,eth-updown-5m-1780971300
poly_sniper_v5_eth_5m_l_ema50_hurst_grandparent_v8,1780971600000000,0.7016264367816085,1,0.8700000000000001,eth-updown-5m-1780971300
poly_sniper_v5_eth_5m_ema50_hurst_parent15mrang_v7_vL,1780971900000000,-5.0,0,0.56,eth-updown-5m-1780971600
poly_sniper_v5_eth_5m_ema50_hurst_parent15mrang_v7,1780971900000000,-5.0,0,0.56,eth-updown-5m-1780971600
poly_sniper_v5_eth_5m_l_ema50_hurst_grandparent_v8,1780971900000000,-5.0,0,0.56,eth-updown-5m-1780971600
poly_sniper_v5_eth_5m_l_ema50_hurst_grandparent_V10,1780971900000000,-5.0,0,0.56,eth-updown-5m-1780971600
poly_sniper_v5_eth_5m_lq_ema50_hurst_grandparent_prev15m_v8,1780971900000000,-5.0,0,0.56,eth-updown-5m-1780971600
poly_sniper_v5_eth_5m_lq_ema50_hurst_grandparent_prev15m_v8_vL,1780971900000000,-5.0,0,0.56,eth-updown-5m-1780971600
poly_sniper_v5_eth_5m_ema200_vwap_regimerang_xa3_v7,1780971900000000,2.608182783569375,1,0.6466760849234934,eth-updown-5m-1780971600
poly_fast_taker_lagv2_eth_5m,1780972500000000,-9.506065573770492,0,0.61,eth-updown-5m-1780972200
poly_sniper_v5_eth_5m_ema50_hurst_parent15mrang_v7_vL,1780972200000000,2.569807692307692,1,0.65,eth-updown-5m-1780971900
poly_fast_taker_b2_nomerge_eth_5m,1780972200000000,1.201290322580645,1,0.62,eth-updown-5m-1780971900
poly_sniper_v5_eth_5m_ema50_hurst_parent15mrang_v7,1780972200000000,2.569807692307692,1,0.65,eth-updown-5m-1780971900
poly_fast_taker_b2_nomerge_eth_5m,1780972500000000,-2.0,0,0.63,eth-updown-5m-1780972200
poly_sniper_v5_eth_5m_cloud_ribbon_mp_hurst_v6_vL,1780972800000000,0.8963809523809526,1,0.84,eth-updown-5m-1780972500
poly_fast_taker_b2_nomerge_eth_5m,1780972800000000,0.8805797101449279,1,0.69,eth-updown-5m-1780972500
poly_sniper_v5_eth_5m_v6c3_parent15mrang_v7_vL,1780972800000000,0.8963809523809526,1,0.84,eth-updown-5m-1780972500
poly_fast_taker_lagv2_eth_5m,1780972800000000,11.142378532648756,1,0.6811935300435964,eth-updown-5m-1780972500
poly_sniper_v5_eth_5m_ema50_hurst_parent15mrang_v7_vL,1780972800000000,0.8963809523809526,1,0.84,eth-updown-5m-1780972500
poly_sniper_v5_eth_5m_ema50_hurst_parent15mrang_v7,1780973100000000,1.940753521126761,1,0.71,eth-updown-5m-1780972800
poly_fast_taker_lagv2_eth_5m,1780973100000000,8.328783783783784,1,0.74,eth-updown-5m-1780972800
poly_fast_taker_b2_nomerge_eth_5m,1780973100000000,1.4785964912280705,1,0.57,eth-updown-5m-1780972800
poly_sniper_v5_eth_5m_ema50_hurst_parent15mrang_v7_vL,1780973100000000,1.940753521126761,1,0.71,eth-updown-5m-1780972800
poly_fast_taker_lagv2_eth_5m,1780973400000000,10.689384057971017,1,0.69,eth-updown-5m-1780973100
poly_fast_taker_lagv2_eth_5m,1780973700000000,-17.97692307692308,0,0.65,eth-updown-5m-1780973400
poly_sniper_v5_eth_5m_l_ema50_hurst_grandparent_v8,1780973700000000,-5.0,0,0.8416341564845435,eth-updown-5m-1780973400
poly_sniper_v5_eth_5m_l_ema50_hurst_grandparent_V10,1780973700000000,-5.0,0,0.8416341564845435,eth-updown-5m-1780973400
poly_sniper_v5_eth_5m_v6c3_parent15mrang_v7,1780973700000000,-5.0,0,0.8416341564845435,eth-updown-5m-1780973400
poly_sniper_v5_eth_5m_cloud_ribbon_mp_hurst_v6_vL,1780973700000000,-5.0,0,0.8416341564845435,eth-updown-5m-1780973400
poly_sniper_v5_eth_5m_cloud_ribbon_mp_hurst_v6,1780973700000000,-5.0,0,0.8416341564845435,eth-updown-5m-1780973400
poly_sniper_v5_eth_5m_ema50_hurst_parent15mrang_v7,1780973700000000,-5.0,0,0.8416341564845435,eth-updown-5m-1780973400
poly_sniper_v5_eth_5m_ema50_hurst_parent15mrang_v7_vL,1780973700000000,-5.0,0,0.8416341564845435,eth-updown-5m-1780973400
poly_sniper_v5_eth_5m_v6c3_parent15mrang_v7_vL,1780973700000000,-5.0,0,0.8416341564845435,eth-updown-5m-1780973400
poly_fast_taker_b2_nomerge_eth_5m,1780973700000000,-2.0,0,0.61,eth-updown-5m-1780973400
poly_sniper_v5_eth_5m_cloud_ribbon_mp_hurst_V10,1780973700000000,-5.0,0,0.8416341564845435,eth-updown-5m-1780973400
poly_sniper_v5_eth_5m_ema50_hurst_parent15mrang_v7,1780974000000000,2.6865,1,0.64,eth-updown-5m-1780973700
poly_sniper_v5_eth_5m_ema50_hurst_parent15mrang_v7_vL,1780974000000000,2.6865,1,0.64,eth-updown-5m-1780973700
poly_fast_taker_lagv2_eth_5m,1780974600000000,-13.815789473684209,0,0.76,eth-updown-5m-1780974300
poly_sniper_v5_eth_5m_cloud_vwap_hurstmp_v7_vL,1780974600000000,-5.0,0,0.56,eth-updown-5m-1780974300
poly_sniper_v5_eth_5m_bb_mp_hurst_band_v6_vL,1780974600000000,-5.0,0,0.56,eth-updown-5m-1780974300
poly_sniper_v5_eth_5m_v6c3_parent15mrang_v7_vL,1780974600000000,-5.0,0,0.56,eth-updown-5m-1780974300
poly_sniper_v5_eth_5m_ema50_hurst_parent15mrang_v7_vL,1780974600000000,-5.0,0,0.56,eth-updown-5m-1780974300
poly_sniper_v5_eth_5m_cloud_ribbon_mp_hurst_v6_vL,1780974600000000,-5.0,0,0.56,eth-updown-5m-1780974300
poly_sniper_v5_eth_5m_ema50_hurst_parent15mrang_v7,1780974900000000,2.931516129032258,1,0.62,eth-updown-5m-1780974600
poly_sniper_v5_eth_5m_ema50_hurst_parent15mrang_v7_vL,1780974900000000,2.931516129032258,1,0.62,eth-updown-5m-1780974600
poly_sniper_v5_eth_5m_ema50_hurst_parent15mrang_v7,1780975200000000,2.0378571428571433,1,0.7,eth-updown-5m-1780974900
poly_sniper_v5_eth_5m_ema200_vwap_regimerang_xa3_v7,1780975200000000,1.5791666666666668,1,0.75,eth-updown-5m-1780974900
poly_fast_taker_b2_nomerge_eth_5m,1780975200000000,1.0553846153846151,1,0.65,eth-updown-5m-1780974900
poly_sniper_v5_eth_5m_ema50_hurst_parent15mrang_v7_vL,1780975200000000,2.0378571428571433,1,0.7,eth-updown-5m-1780974900
poly_fast_taker_lagv2_eth_5m,1780975200000000,18.773807261539687,1,0.5612733223835801,eth-updown-5m-1780974900
poly_sniper_v5_eth_5m_ema200_vwap_regimerang_xa3_v7,1780975500000000,4.269462264150942,1,0.53,eth-updown-5m-1780975200
poly_sniper_v5_eth_5m_ema50_hurst_parent15mrang_v7_vL,1780975500000000,-5.0,0,0.55,eth-updown-5m-1780975200
poly_fast_taker_b2_nomerge_eth_5m,1780975500000000,1.201290322580645,1,0.62,eth-updown-5m-1780975200
poly_sniper_v5_eth_5m_ema50_hurst_parent15mrang_v7,1780975500000000,-5.0,0,0.55,eth-updown-5m-1780975200
poly_fast_taker_lagv2_eth_5m,1780976100000000,-9.769444444444444,0,0.72,eth-updown-5m-1780975800
poly_sniper_v5_eth_5m_cloud_ribbon_mp_hurst_v6,1780975800000000,4.269462264150942,1,0.53,eth-updown-5m-1780975500
poly_sniper_v5_eth_5m_cloud_vwap_hurstmp_v7,1780975800000000,4.269462264150942,1,0.53,eth-updown-5m-1780975500
poly_sniper_v5_eth_5m_cloud_vwap_hurstmp_v7_vL,1780975800000000,4.269462264150942,1,0.53,eth-updown-5m-1780975500
poly_sniper_v5_eth_5m_bb_mp_hurst_band_v6,1780975800000000,4.269462264150942,1,0.53,eth-updown-5m-1780975500
poly_sniper_v5_eth_5m_ema50_hurst_parent15mrang_v7_vL,1780975800000000,4.269462264150942,1,0.53,eth-updown-5m-1780975500
poly_sniper_v5_eth_5m_bb_mp_hurst_band_V10,1780975800000000,4.269462264150942,1,0.53,eth-updown-5m-1780975500
poly_sniper_v5_eth_5m_v6c3_parent15mrang_v7,1780975800000000,4.269462264150942,1,0.53,eth-updown-5m-1780975500
poly_sniper_v5_eth_5m_bb_mp_hurst_band_v6_vL,1780975800000000,4.269462264150942,1,0.53,eth-updown-5m-1780975500
poly_fast_taker_b2_nomerge_eth_5m,1780975800000000,1.3066666666666669,1,0.6,eth-updown-5m-1780975500
poly_sniper_v5_eth_5m_v6c3_parent15mrang_v7_vL,1780975800000000,4.269462264150942,1,0.53,eth-updown-5m-1780975500
poly_sniper_v5_eth_5m_ema200_vwap_regimerang_xa3_v7,1780975800000000,1.940753521126761,1,0.71,eth-updown-5m-1780975500
poly_sniper_v5_eth_5m_cloud_ribbon_mp_hurst_v6_vL,1780975800000000,4.269462264150942,1,0.53,eth-updown-5m-1780975500
poly_sniper_v5_eth_5m_ema50_hurst_parent15mrang_v7,1780975800000000,4.269462264150942,1,0.53,eth-updown-5m-1780975500
poly_sniper_v5_eth_5m_l_ema50_hurst_grandparent_V10,1780976100000000,2.8070079365079366,1,0.63,eth-updown-5m-1780975800
poly_sniper_v5_eth_5m_cloud_vwap_hurstmp_v7,1780976100000000,2.8070079365079366,1,0.63,eth-updown-5m-1780975800
poly_sniper_v5_eth_5m_cloud_ribbon_mp_hurst_v6,1780976100000000,2.8070079365079366,1,0.63,eth-updown-5m-1780975800
poly_sniper_v5_eth_5m_v6c3_parent15mrang_v7_vL,1780976100000000,2.8070079365079366,1,0.63,eth-updown-5m-1780975800
poly_sniper_v5_eth_5m_cloud_ribbon_mp_hurst_V10,1780976100000000,2.8070079365079366,1,0.63,eth-updown-5m-1780975800
poly_sniper_v5_eth_5m_bb_mp_hurst_band_v6,1780976100000000,2.8070079365079366,1,0.63,eth-updown-5m-1780975800
poly_sniper_v5_eth_5m_l_ema50_hurst_grandparent_v8,1780976100000000,2.8070079365079366,1,0.63,eth-updown-5m-1780975800
poly_sniper_v5_eth_5m_bb_mp_hurst_band_v6_vL,1780976100000000,2.8070079365079366,1,0.63,eth-updown-5m-1780975800
poly_sniper_v5_eth_5m_cloud_ribbon_mp_hurst_v6_vL,1780976100000000,2.8070079365079366,1,0.63,eth-updown-5m-1780975800
poly_sniper_v5_eth_5m_v6c3_parent15mrang_v7,1780976100000000,2.8070079365079366,1,0.63,eth-updown-5m-1780975800
poly_sniper_v5_eth_5m_ema50_hurst_parent15mrang_v7,1780976100000000,2.8070079365079366,1,0.63,eth-updown-5m-1780975800
poly_sniper_v5_eth_5m_cloud_vwap_hurstmp_v7_vL,1780976100000000,2.8070079365079366,1,0.63,eth-updown-5m-1780975800
poly_sniper_v5_eth_5m_ema50_hurst_parent15mrang_v7_vL,1780976100000000,2.8070079365079366,1,0.63,eth-updown-5m-1780975800
shadow_sniper_eth_5m_cloud_AND_hurst_v1,1780976100000000,2.8070079365079366,1,0.63,eth-updown-5m-1780975800
poly_sniper_v5_eth_5m_v6c3_parent15mrang_v7_vL,1780976400000000,2.1378768115942033,1,0.69,eth-updown-5m-1780976100
poly_sniper_v5_eth_5m_v6c3_parent15mrang_v7,1780976400000000,2.1378768115942033,1,0.69,eth-updown-5m-1780976100
poly_sniper_v5_eth_5m_ema50_hurst_parent15mrang_v7,1780976400000000,2.1378768115942033,1,0.69,eth-updown-5m-1780976100
poly_sniper_v5_eth_5m_cloud_vwap_hurstmp_v7_vL,1780976400000000,2.1378768115942033,1,0.69,eth-updown-5m-1780976100
poly_sniper_v5_eth_5m_cloud_ribbon_mp_hurst_v6,1780976400000000,2.1378768115942033,1,0.69,eth-updown-5m-1780976100
poly_sniper_v5_eth_5m_cloud_vwap_hurstmp_v7,1780976400000000,2.1378768115942033,1,0.69,eth-updown-5m-1780976100
poly_sniper_v5_eth_5m_bb_mp_hurst_band_v6_vL,1780976400000000,2.1378768115942033,1,0.69,eth-updown-5m-1780976100
poly_sniper_v5_eth_5m_ema50_hurst_parent15mrang_v7_vL,1780976400000000,2.1378768115942033,1,0.69,eth-updown-5m-1780976100
poly_sniper_v5_eth_5m_cloud_ribbon_mp_hurst_v6_vL,1780976400000000,2.1378768115942033,1,0.69,eth-updown-5m-1780976100
poly_sniper_v5_eth_5m_bb_mp_hurst_band_v6,1780976400000000,2.1378768115942033,1,0.69,eth-updown-5m-1780976100
poly_sniper_v5_eth_5m_ema50_hurst_parent15mrang_v7,1780976700000000,1.4949473684210524,1,0.76,eth-updown-5m-1780976400
poly_fast_taker_b2_nomerge_eth_5m,1780976700000000,1.151111111111111,1,0.63,eth-updown-5m-1780976400
poly_sniper_v5_eth_5m_ema50_hurst_parent15mrang_v7_vL,1780976700000000,1.4949473684210524,1,0.76,eth-updown-5m-1780976400
poly_fast_taker_lagv2_eth_5m,1780977000000000,6.647857142857141,0,0.77,eth-updown-5m-1780976700
poly_fast_taker_b2_nomerge_eth_5m,1780977000000000,-2.0,0,0.61,eth-updown-5m-1780976700
poly_fast_taker_lagv2_eth_5m,1780977300000000,12.283787878787876,1,0.66,eth-updown-5m-1780977000
poly_sniper_v5_eth_5m_ema50_hurst_parent15mrang_v7_vL,1780977600000000,6.428406976744185,1,0.43000000000000005,eth-updown-5m-1780977300
poly_sniper_v5_eth_5m_bb_mp_hurst_band_v6_vL,1780977600000000,-5.0,0,0.599029572093209,eth-updown-5m-1780977300
poly_sniper_v5_eth_5m_lq_ema50_hurst_grandparent_prev15m_v8_vL,1780977900000000,1.859160996883699,1,0.7186345942708853,eth-updown-5m-1780977600
poly_sniper_v5_eth_5m_v6c3_parent15mrang_v7_vL,1780977900000000,1.859160996883699,1,0.7186345942708853,eth-updown-5m-1780977600
poly_sniper_v5_eth_5m_cloud_ribbon_mp_hurst_v6_vL,1780977900000000,1.859160996883699,1,0.7186345942708853,eth-updown-5m-1780977600
poly_sniper_v5_eth_5m_ema50_hurst_parent15mrang_v7_vL,1780977900000000,1.859160996883699,1,0.7186345942708853,eth-updown-5m-1780977600
poly_sniper_v5_eth_5m_bb_mp_hurst_band_v6_vL,1780977900000000,1.859160996883699,1,0.7186345942708853,eth-updown-5m-1780977600
poly_sniper_v5_eth_5m_cloud_vwap_hurstmp_v7_vL,1780977900000000,1.859160996883699,1,0.7186345942708853,eth-updown-5m-1780977600
poly_sniper_v5_eth_5m_ema50_hurst_parent15mrang_v7_vL,1780978200000000,-5.0,0,0.41,eth-updown-5m-1780977900
poly_sniper_v5_eth_5m_ema50_hurst_parent15mrang_v7,1780978200000000,-5.0,0,0.41,eth-updown-5m-1780977900
poly_sniper_v5_eth_5m_l_ema50_hurst_grandparent_V10,1780978200000000,-5.0,0,0.41,eth-updown-5m-1780977900
poly_sniper_v5_eth_5m_l_ema50_hurst_grandparent_v8,1780978200000000,-5.0,0,0.41,eth-updown-5m-1780977900
poly_fast_taker_lagv2_eth_5m,1780978500000000,-10.956521739130434,0,0.69,eth-updown-5m-1780978200
poly_fast_taker_b2_nomerge_eth_5m,1780978500000000,-2.0,0,0.57,eth-updown-5m-1780978200
poly_sniper_v5_eth_5m_ema50_hurst_parent15mrang_v7,1780978800000000,2.569807692307692,1,0.65,eth-updown-5m-1780978500
poly_sniper_v5_eth_5m_bb_mp_hurst_band_V10,1780978800000000,-5.0,0,0.3673696334246793,eth-updown-5m-1780978500
poly_sniper_v5_eth_5m_bb_mp_hurst_band_v6,1780978800000000,-5.0,0,0.3673696334246793,eth-updown-5m-1780978500
poly_sniper_v5_eth_5m_l_ema50_hurst_grandparent_V10,1780978800000000,2.569807692307692,1,0.65,eth-updown-5m-1780978500
poly_sniper_v5_eth_5m_l_ema50_hurst_grandparent_v8,1780978800000000,2.569807692307692,1,0.65,eth-updown-5m-1780978500
poly_fast_taker_lagv2_eth_5m,1780978800000000,9.703767605633805,1,0.71,eth-updown-5m-1780978500
poly_sniper_v5_eth_5m_bb_mp_hurst_band_v6_vL,1780978800000000,-5.0,0,0.3673696334246793,eth-updown-5m-1780978500
poly_fast_taker_b2_nomerge_eth_5m,1780978800000000,0.8005633802816903,1,0.71,eth-updown-5m-1780978500
poly_sniper_v5_eth_5m_ema50_hurst_parent15mrang_v7_vL,1780978800000000,2.569807692307692,1,0.65,eth-updown-5m-1780978500
poly_sniper_v5_eth_5m_bb_mp_hurst_band_v6_vL,1780979100000000,-5.0,0,0.77,eth-updown-5m-1780978800
poly_sniper_v5_eth_5m_ema50_hurst_parent15mrang_v7_vL,1780979100000000,-5.0,0,0.77,eth-updown-5m-1780978800
poly_sniper_v5_eth_5m_cloud_ribbon_mp_hurst_v6_vL,1780979100000000,-5.0,0,0.77,eth-updown-5m-1780978800
poly_sniper_v5_eth_5m_v6c3_parent15mrang_v7_vL,1780979100000000,-5.0,0,0.77,eth-updown-5m-1780978800
poly_sniper_v5_eth_5m_cloud_vwap_hurstmp_v7_vL,1780979100000000,-5.0,0,0.77,eth-updown-5m-1780978800
poly_sniper_v5_eth_5m_ema50_hurst_parent15mrang_v7,1780979400000000,5.452797872340425,1,0.47000000000000003,eth-updown-5m-1780979100
poly_sniper_v5_eth_5m_bb_mp_hurst_band_v6_vL,1780979400000000,5.452797872340425,1,0.47000000000000003,eth-updown-5m-1780979100
poly_sniper_v5_eth_5m_cloud_vwap_hurstmp_v7_vL,1780979400000000,5.452797872340425,1,0.47000000000000003,eth-updown-5m-1780979100
poly_sniper_v5_eth_5m_ema50_hurst_parent15mrang_v7_vL,1780979400000000,5.452797872340425,1,0.47000000000000003,eth-updown-5m-1780979100
poly_sniper_v5_eth_5m_l_ema50_hurst_grandparent_V10,1780979400000000,5.452797872340425,1,0.47000000000000003,eth-updown-5m-1780979100
shadow_sniper_eth_5m_cloud_AND_hurst_v1,1780979400000000,5.452797872340425,1,0.47000000000000003,eth-updown-5m-1780979100
poly_sniper_v5_eth_5m_l_ema50_hurst_grandparent_v8,1780979400000000,5.452797872340425,1,0.47000000000000003,eth-updown-5m-1780979100
poly_sniper_v5_eth_5m_bb_mp_hurst_band_v6,1780979400000000,5.452797872340425,1,0.47000000000000003,eth-updown-5m-1780979100
poly_sniper_v5_eth_5m_cloud_vwap_hurstmp_v7,1780979400000000,5.452797872340425,1,0.47000000000000003,eth-updown-5m-1780979100
poly_sniper_v5_eth_5m_bb_mp_hurst_band_V10,1780979400000000,5.452797872340425,1,0.47000000000000003,eth-updown-5m-1780979100
poly_fast_taker_lagv2_eth_5m,1780979700000000,-13.214285714285712,0,0.7,eth-updown-5m-1780979400
poly_sniper_v5_eth_5m_l_ema50_hurst_grandparent_V10,1780979700000000,-5.0,0,0.49,eth-updown-5m-1780979400
poly_sniper_v5_eth_5m_l_ema50_hurst_grandparent_v8,1780979700000000,-5.0,0,0.49,eth-updown-5m-1780979400
poly_sniper_v5_eth_5m_ema50_hurst_parent15mrang_v7,1780979700000000,-5.0,0,0.49,eth-updown-5m-1780979400
poly_sniper_v5_eth_5m_ema50_hurst_parent15mrang_v7_vL,1780979700000000,-5.0,0,0.49,eth-updown-5m-1780979400
poly_sniper_v5_eth_5m_l_ema50_hurst_grandparent_V10,1780980000000000,-5.0,0,0.4170141784820684,eth-updown-5m-1780979700
poly_sniper_v5_eth_5m_bb_mp_hurst_band_v6_vL,1780980000000000,-5.0,0,0.4170141784820684,eth-updown-5m-1780979700
poly_sniper_v5_eth_5m_cloud_vwap_hurstmp_v7_vL,1780980000000000,-5.0,0,0.4170141784820684,eth-updown-5m-1780979700
poly_sniper_v5_eth_5m_bb_mp_hurst_band_V10,1780980000000000,-5.0,0,0.4170141784820684,eth-updown-5m-1780979700
poly_fast_taker_b2_nomerge_eth_5m,1780980000000000,1.4193103448275863,1,0.58,eth-updown-5m-1780979700
poly_sniper_v5_eth_5m_l_ema50_hurst_grandparent_v8,1780980000000000,-5.0,0,0.4170141784820684,eth-updown-5m-1780979700
shadow_sniper_eth_5m_cloud_AND_hurst_v1,1780980000000000,-5.0,0,0.4170141784820684,eth-updown-5m-1780979700
poly_sniper_v5_eth_5m_ema50_hurst_parent15mrang_v7_vL,1780980000000000,-5.0,0,0.4170141784820684,eth-updown-5m-1780979700
poly_sniper_v5_eth_5m_ema50_hurst_parent15mrang_v7,1780980000000000,-5.0,0,0.4170141784820684,eth-updown-5m-1780979700
poly_sniper_v5_eth_5m_bb_mp_hurst_band_v6,1780980000000000,-5.0,0,0.4170141784820684,eth-updown-5m-1780979700
poly_sniper_v5_eth_5m_cloud_vwap_hurstmp_v7,1780980000000000,-5.0,0,0.4170141784820684,eth-updown-5m-1780979700
poly_sniper_v5_eth_5m_ema50_hurst_parent15mrang_v7_vL,1780980300000000,-5.0,0,0.7,eth-updown-5m-1780980000
poly_sniper_v5_eth_5m_bb_mp_hurst_band_v6_vL,1780980300000000,-5.0,0,0.7,eth-updown-5m-1780980000
poly_sniper_v5_eth_5m_ema50_hurst_parent15mrang_v7,1780980300000000,-5.0,0,0.7,eth-updown-5m-1780980000
poly_sniper_v5_eth_5m_a2_hlcascade50k_v9,1780980300000000,-5.0,0,0.39,eth-updown-5m-1780980000
poly_sniper_v5_eth_5m_up_a2_hlcascade25k_v9,1780980300000000,-5.0,0,0.39,eth-updown-5m-1780980000
poly_fast_taker_b2_nomerge_eth_5m,1780980300000000,1.4785964912280705,1,0.57,eth-updown-5m-1780980000
poly_sniper_v5_eth_5m_bb_mp_hurst_band_v6,1780980300000000,-5.0,0,0.7,eth-updown-5m-1780980000
poly_sniper_v5_eth_5m_a2_hlcascade50k_v9,1780980300000000,2.931516129032258,1,0.62,eth-updown-5m-1780980000
poly_fast_taker_lagv2_eth_5m,1780980600000000,-1.9261130434782634,0,0.46,eth-updown-5m-1780980300
poly_fast_taker_lagv2_eth_5m,1780980900000000,-9.083659677419352,0,0.6125780048927197,eth-updown-5m-1780980600
poly_sniper_v5_eth_5m_l_ema50_hurst_grandparent_v8,1780980600000000,-5.0,0,0.53,eth-updown-5m-1780980300
poly_sniper_v5_eth_5m_ema50_hurst_parent15mrang_v7,1780980600000000,-5.0,0,0.53,eth-updown-5m-1780980300
poly_sniper_v5_eth_5m_ema50_hurst_parent15mrang_v7_vL,1780980600000000,-5.0,0,0.53,eth-updown-5m-1780980300
poly_sniper_v5_eth_5m_l_ema50_hurst_grandparent_V10,1780980600000000,-5.0,0,0.53,eth-updown-5m-1780980300
poly_fast_taker_b2_nomerge_eth_5m,1780980600000000,1.5399999999999998,1,0.56,eth-updown-5m-1780980300
poly_sniper_v5_eth_5m_a2_hlcascade50k_v9,1780980900000000,5.918611111111112,1,0.45,eth-updown-5m-1780980600
poly_sniper_v5_eth_5m_up_a2_hlcascade25k_v9,1780980900000000,-5.0,0,0.56,eth-updown-5m-1780980600
poly_sniper_v5_eth_5m_ema50_hurst_parent15mrang_v7_vL,1780980900000000,-5.000000000000001,0,0.54,eth-updown-5m-1780980600
poly_fast_taker_b2_nomerge_eth_5m,1780980900000000,1.2531147540983607,1,0.61,eth-updown-5m-1780980600
poly_sniper_v5_eth_5m_a2_hlcascade50k_v9,1780980900000000,-5.0,0,0.56,eth-updown-5m-1780980600
poly_sniper_v5_eth_5m_ema50_hurst_parent15mrang_v7_vL,1780981200000000,4.632421568627452,1,0.51,eth-updown-5m-1780980900
poly_sniper_v5_eth_5m_ema50_hurst_parent15mrang_v7,1780981200000000,4.632421568627452,1,0.51,eth-updown-5m-1780980900
poly_sniper_v5_eth_5m_bb_mp_hurst_band_V10,1780981200000000,4.632421568627452,1,0.51,eth-updown-5m-1780980900
poly_sniper_v5_eth_5m_l_ema50_hurst_grandparent_V10,1780981200000000,4.632421568627452,1,0.51,eth-updown-5m-1780980900
poly_sniper_v5_eth_5m_l_ema50_hurst_grandparent_v8,1780981200000000,4.632421568627452,1,0.51,eth-updown-5m-1780980900
poly_sniper_v5_eth_5m_cloud_ribbon_mp_hurst_v6_vL,1780981200000000,4.632421568627452,1,0.51,eth-updown-5m-1780980900
poly_sniper_v5_eth_5m_v6c3_parent15mrang_v7,1780981200000000,4.632421568627452,1,0.51,eth-updown-5m-1780980900
poly_sniper_v5_eth_5m_cloud_ribbon_mp_hurst_v6,1780981200000000,4.632421568627452,1,0.51,eth-updown-5m-1780980900
shadow_sniper_eth_5m_cloud_AND_hurst_v1,1780981200000000,4.632421568627452,1,0.51,eth-updown-5m-1780980900
poly_sniper_v5_eth_5m_cloud_vwap_hurstmp_v7_vL,1780981200000000,4.632421568627452,1,0.51,eth-updown-5m-1780980900
poly_sniper_v5_eth_5m_bb_mp_hurst_band_v6_vL,1780981200000000,4.632421568627452,1,0.51,eth-updown-5m-1780980900
poly_sniper_v5_eth_5m_cloud_vwap_hurstmp_v7,1780981200000000,4.632421568627452,1,0.51,eth-updown-5m-1780980900
poly_sniper_v5_eth_5m_bb_mp_hurst_band_v6,1780981200000000,4.632421568627452,1,0.51,eth-updown-5m-1780980900
poly_sniper_v5_eth_5m_cloud_ribbon_mp_hurst_V10,1780981200000000,4.632421568627452,1,0.51,eth-updown-5m-1780980900
poly_sniper_v5_eth_5m_v6c3_parent15mrang_v7_vL,1780981200000000,4.632421568627452,1,0.51,eth-updown-5m-1780980900
poly_sniper_v5_eth_5m_ema50_hurst_parent15mrang_v7_vL,1780981500000000,-5.0,0,0.53,eth-updown-5m-1780981200
poly_sniper_v5_eth_5m_l_ema50_hurst_grandparent_V10,1780981500000000,-5.0,0,0.53,eth-updown-5m-1780981200
poly_sniper_v5_eth_5m_cloud_ribbon_mp_hurst_V10,1780981500000000,-5.0,0,0.53,eth-updown-5m-1780981200
shadow_sniper_eth_5m_cloud_AND_hurst_v1,1780981500000000,-5.0,0,0.53,eth-updown-5m-1780981200
poly_sniper_v5_eth_5m_ema50_hurst_parent15mrang_v7,1780981500000000,-5.0,0,0.53,eth-updown-5m-1780981200
poly_sniper_v5_eth_5m_cloud_vwap_hurstmp_v7_vL,1780981500000000,-5.0,0,0.53,eth-updown-5m-1780981200
poly_sniper_v5_eth_5m_bb_mp_hurst_band_V10,1780981500000000,-5.0,0,0.53,eth-updown-5m-1780981200
poly_sniper_v5_eth_5m_v6c3_parent15mrang_v7_vL,1780981500000000,-5.0,0,0.53,eth-updown-5m-1780981200
poly_sniper_v5_eth_5m_cloud_ribbon_mp_hurst_v6,1780981500000000,-5.0,0,0.53,eth-updown-5m-1780981200
poly_sniper_v5_eth_5m_cloud_vwap_hurstmp_v7,1780981500000000,-5.0,0,0.53,eth-updown-5m-1780981200
poly_sniper_v5_eth_5m_bb_mp_hurst_band_v6,1780981500000000,-5.0,0,0.53,eth-updown-5m-1780981200
poly_sniper_v5_eth_5m_v6c3_parent15mrang_v7,1780981500000000,-5.0,0,0.53,eth-updown-5m-1780981200
poly_sniper_v5_eth_5m_l_ema50_hurst_grandparent_v8,1780981500000000,-5.0,0,0.53,eth-updown-5m-1780981200
poly_sniper_v5_eth_5m_bb_mp_hurst_band_v6_vL,1780981500000000,-5.0,0,0.53,eth-updown-5m-1780981200
poly_sniper_v5_eth_5m_cloud_ribbon_mp_hurst_v6_vL,1780981500000000,-5.0,0,0.53,eth-updown-5m-1780981200
poly_sniper_v5_eth_5m_cloud_ribbon_mp_hurst_v6_vL,1780981800000000,3.193333333333334,1,0.6,eth-updown-5m-1780981500
poly_sniper_v5_eth_5m_cloud_ribbon_mp_hurst_v6,1780981800000000,3.193333333333334,1,0.6,eth-updown-5m-1780981500
poly_sniper_v5_eth_5m_ema50_hurst_parent15mrang_v7,1780981800000000,3.193333333333334,1,0.6,eth-updown-5m-1780981500
poly_sniper_v5_eth_5m_l_ema50_hurst_grandparent_V10,1780981800000000,3.193333333333334,1,0.6,eth-updown-5m-1780981500
shadow_sniper_eth_5m_cloud_AND_hurst_v1,1780981800000000,3.193333333333334,1,0.6,eth-updown-5m-1780981500
poly_sniper_v5_eth_5m_cloud_vwap_hurstmp_v7,1780981800000000,3.193333333333334,1,0.6,eth-updown-5m-1780981500
poly_sniper_v5_eth_5m_l_ema50_hurst_grandparent_v8,1780981800000000,3.193333333333334,1,0.6,eth-updown-5m-1780981500
poly_sniper_v5_eth_5m_ema50_hurst_parent15mrang_v7_vL,1780981800000000,3.193333333333334,1,0.6,eth-updown-5m-1780981500
poly_sniper_v5_eth_5m_v6c3_parent15mrang_v7_vL,1780981800000000,3.193333333333334,1,0.6,eth-updown-5m-1780981500
poly_sniper_v5_eth_5m_bb_mp_hurst_band_v6,1780981800000000,3.193333333333334,1,0.6,eth-updown-5m-1780981500
poly_sniper_v5_eth_5m_bb_mp_hurst_band_v6_vL,1780981800000000,3.193333333333334,1,0.6,eth-updown-5m-1780981500
poly_fast_taker_b2_nomerge_eth_5m,1780981800000000,-2.0,0,0.6,eth-updown-5m-1780981500
poly_sniper_v5_eth_5m_v6c3_parent15mrang_v7,1780981800000000,3.193333333333334,1,0.6,eth-updown-5m-1780981500
poly_sniper_v5_eth_5m_cloud_vwap_hurstmp_v7_vL,1780981800000000,3.193333333333334,1,0.6,eth-updown-5m-1780981500
poly_sniper_v5_eth_5m_cloud_ribbon_mp_hurst_V10,1780981800000000,3.193333333333334,1,0.6,eth-updown-5m-1780981500
poly_fast_taker_lagv2_eth_5m,1780982400000000,17.36844827586207,1,0.58,eth-updown-5m-1780982100
poly_sniper_v5_eth_5m_ema50_hurst_parent15mrang_v7,1780982400000000,1.5791666666666668,1,0.75,eth-updown-5m-1780982100
poly_sniper_v5_eth_5m_ema50_hurst_parent15mrang_v7_vL,1780982400000000,1.5791666666666668,1,0.75,eth-updown-5m-1780982100
poly_sniper_v5_eth_5m_ema50_hurst_parent15mrang_v7,1780982700000000,2.8070079365079366,1,0.63,eth-updown-5m-1780982400
poly_sniper_v5_eth_5m_l_ema50_hurst_grandparent_V10,1780982700000000,2.8070079365079366,1,0.63,eth-updown-5m-1780982400
poly_sniper_v5_eth_5m_ema50_hurst_parent15mrang_v7_vL,1780982700000000,2.8070079365079366,1,0.63,eth-updown-5m-1780982400
poly_sniper_v5_eth_5m_l_ema50_hurst_grandparent_v8,1780982700000000,2.8070079365079366,1,0.63,eth-updown-5m-1780982400
poly_sniper_v5_eth_5m_v6c3_parent15mrang_v7,1780983000000000,2.3471865671641785,1,0.67,eth-updown-5m-1780982700
poly_sniper_v5_eth_5m_ema50_hurst_parent15mrang_v7_vL,1780983000000000,2.3471865671641785,1,0.67,eth-updown-5m-1780982700
poly_sniper_v5_eth_5m_cloud_vwap_hurstmp_v7,1780983000000000,2.3471865671641785,1,0.67,eth-updown-5m-1780982700
poly_sniper_v5_eth_5m_v6c3_parent15mrang_v7_vL,1780983000000000,2.3471865671641785,1,0.67,eth-updown-5m-1780982700
poly_sniper_v5_eth_5m_l_ema50_hurst_grandparent_v8,1780983000000000,2.3471865671641785,1,0.67,eth-updown-5m-1780982700
poly_sniper_v5_eth_5m_cloud_ribbon_mp_hurst_v6_vL,1780983000000000,2.3471865671641785,1,0.67,eth-updown-5m-1780982700
poly_sniper_v5_eth_5m_bb_mp_hurst_band_v6_vL,1780983000000000,2.3471865671641785,1,0.67,eth-updown-5m-1780982700
poly_sniper_v5_eth_5m_l_ema50_hurst_grandparent_V10,1780983000000000,2.3471865671641785,1,0.67,eth-updown-5m-1780982700
shadow_sniper_eth_5m_cloud_AND_hurst_v1,1780983000000000,2.3471865671641785,1,0.67,eth-updown-5m-1780982700
poly_sniper_v5_eth_5m_cloud_vwap_hurstmp_v7_vL,1780983000000000,2.3471865671641785,1,0.67,eth-updown-5m-1780982700
poly_sniper_v5_eth_5m_ema50_hurst_parent15mrang_v7,1780983000000000,2.3471865671641785,1,0.67,eth-updown-5m-1780982700
poly_sniper_v5_eth_5m_bb_mp_hurst_band_v6,1780983000000000,2.3471865671641785,1,0.67,eth-updown-5m-1780982700
poly_sniper_v5_eth_5m_cloud_ribbon_mp_hurst_V10,1780983000000000,2.3471865671641785,1,0.67,eth-updown-5m-1780982700
poly_sniper_v5_eth_5m_cloud_ribbon_mp_hurst_v6,1780983000000000,2.3471865671641785,1,0.67,eth-updown-5m-1780982700
poly_sniper_v5_eth_5m_ema50_hurst_parent15mrang_v7_vL,1780983600000000,-5.0,0,0.52,eth-updown-5m-1780983300
poly_fast_taker_b2_nomerge_eth_5m,1780983600000000,-2.0,0,0.52,eth-updown-5m-1780983300
poly_sniper_v5_eth_5m_ema200_vwap_regimerang_xa3_v7,1780983600000000,-5.0,0,0.5643564356435644,eth-updown-5m-1780983300
poly_fast_taker_lagv2_eth_5m,1780984500000000,-14.155743902439026,0,0.8113895342624075,eth-updown-5m-1780984200
poly_sniper_v5_eth_5m_ema200_vwap_regimerang_xa3_v7,1780984500000000,1.33325641025641,1,0.78,eth-updown-5m-1780984200
poly_fast_taker_lagv2_eth_5m,1780985100000000,-12.5,0,0.58,eth-updown-5m-1780984800
poly_fast_taker_b2_nomerge_eth_5m,1780984800000000,1.1025,1,0.64,eth-updown-5m-1780984500
poly_sniper_v5_eth_5m_ema200_vwap_regimerang_xa3_v7,1780984800000000,1.2154716210708387,1,0.7952760602023978,eth-updown-5m-1780984500
poly_fast_taker_lagv2_eth_5m,1780985700000000,-10.937500000000002,0,0.64,eth-updown-5m-1780985400
poly_fast_taker_lagv2_eth_5m,1780985400000000,8.774075342465753,1,0.73,eth-updown-5m-1780985100
poly_fast_taker_b2_nomerge_eth_5m,1780985400000000,1.6036363636363635,1,0.55,eth-updown-5m-1780985100
poly_fast_taker_b2_nomerge_eth_5m,1780985700000000,-2.0,0,0.6,eth-updown-5m-1780985400
poly_sniper_v5_eth_5m_ema200_vwap_regimerang_xa3_v7,1780986000000000,-5.0,0,0.5874738623917156,eth-updown-5m-1780985700
poly_fast_taker_lagv2_eth_5m,1780986900000000,-14.23076923076923,0,0.65,eth-updown-5m-1780986600
poly_sniper_v5_eth_5m_l_ema50_hurst_grandparent_V10,1780987200000000,-5.0,0,0.4019292604501608,eth-updown-5m-1780986900
poly_sniper_v5_eth_5m_ema50_hurst_parent15mrang_v7,1780987200000000,-5.0,0,0.4019292604501608,eth-updown-5m-1780986900
poly_sniper_v5_eth_5m_l_ema50_hurst_grandparent_v8,1780987200000000,-5.0,0,0.4019292604501608,eth-updown-5m-1780986900
poly_sniper_v5_eth_5m_ema50_hurst_parent15mrang_v7_vL,1780987200000000,-5.0,0,0.4019292604501608,eth-updown-5m-1780986900
poly_sniper_v5_eth_5m_ema50_hurst_parent15mrang_v7_vL,1780987500000000,2.0087156602984235,1,0.702970297029703,eth-updown-5m-1780987200
poly_sniper_v5_eth_5m_cloud_vwap_hurstmp_v7_vL,1780987500000000,2.0087156602984235,1,0.702970297029703,eth-updown-5m-1780987200
poly_sniper_v5_eth_5m_bb_mp_hurst_band_v6,1780987500000000,2.0087156602984235,1,0.702970297029703,eth-updown-5m-1780987200
poly_sniper_v5_eth_5m_l_ema50_hurst_grandparent_V10,1780987500000000,2.0087156602984235,1,0.702970297029703,eth-updown-5m-1780987200
poly_sniper_v5_eth_5m_bb_mp_hurst_band_v6_vL,1780987500000000,2.0087156602984235,1,0.702970297029703,eth-updown-5m-1780987200
poly_sniper_v5_eth_5m_ema50_hurst_parent15mrang_v7,1780987500000000,2.0087156602984235,1,0.702970297029703,eth-updown-5m-1780987200
poly_sniper_v5_eth_5m_cloud_vwap_hurstmp_v7,1780987500000000,2.0087156602984235,1,0.702970297029703,eth-updown-5m-1780987200
poly_sniper_v5_eth_5m_l_ema50_hurst_grandparent_v8,1780987500000000,2.0087156602984235,1,0.702970297029703,eth-updown-5m-1780987200
poly_fast_taker_lagv2_eth_5m,1780987500000000,7.895833333333334,1,0.75,eth-updown-5m-1780987200
shadow_sniper_eth_5m_cloud_AND_hurst_v1,1780987500000000,2.0087156602984235,1,0.702970297029703,eth-updown-5m-1780987200
poly_sniper_v5_eth_5m_cloud_vwap_hurstmp_v7_vL,1780987800000000,-5.0,0,0.75,eth-updown-5m-1780987500
poly_sniper_v5_eth_5m_cloud_ribbon_mp_hurst_v6,1780987800000000,-5.0,0,0.75,eth-updown-5m-1780987500
poly_sniper_v5_eth_5m_v6c3_parent15mrang_v7_vL,1780987800000000,-5.0,0,0.75,eth-updown-5m-1780987500
poly_sniper_v5_eth_5m_cloud_vwap_hurstmp_v7,1780987800000000,-5.0,0,0.75,eth-updown-5m-1780987500
poly_sniper_v5_eth_5m_bb_mp_hurst_band_v6_vL,1780987800000000,-5.0,0,0.75,eth-updown-5m-1780987500
poly_sniper_v5_eth_5m_bb_mp_hurst_band_v6,1780987800000000,-5.0,0,0.75,eth-updown-5m-1780987500
poly_sniper_v5_eth_5m_ema50_hurst_parent15mrang_v7_vL,1780987800000000,-5.0,0,0.75,eth-updown-5m-1780987500
poly_sniper_v5_eth_5m_v6c3_parent15mrang_v7,1780987800000000,-5.0,0,0.75,eth-updown-5m-1780987500
poly_sniper_v5_eth_5m_cloud_ribbon_mp_hurst_v6_vL,1780987800000000,-5.0,0,0.75,eth-updown-5m-1780987500
poly_sniper_v5_eth_5m_ema50_hurst_parent15mrang_v7,1780987800000000,-5.0,0,0.75,eth-updown-5m-1780987500
poly_fast_taker_lagv2_eth_5m,1780987800000000,-24.999999999999996,0,0.67,eth-updown-5m-1780987500
shadow_sniper_eth_5m_cloud_AND_hurst_v1,1780988100000000,2.473504821129038,1,0.6584986231392426,eth-updown-5m-1780987800
poly_sniper_v5_eth_5m_bb_mp_hurst_band_v6,1780988100000000,2.473504821129038,1,0.6584986231392426,eth-updown-5m-1780987800
poly_sniper_v5_eth_5m_l_ema50_hurst_grandparent_v8,1780988100000000,2.473504821129038,1,0.6584986231392426,eth-updown-5m-1780987800
poly_sniper_v5_eth_5m_bb_mp_hurst_band_v6_vL,1780988100000000,2.473504821129038,1,0.6584986231392426,eth-updown-5m-1780987800
poly_sniper_v5_eth_5m_ema50_hurst_parent15mrang_v7_vL,1780988100000000,2.473504821129038,1,0.6584986231392426,eth-updown-5m-1780987800
poly_sniper_v5_eth_5m_l_ema50_hurst_grandparent_V10,1780988100000000,2.473504821129038,1,0.6584986231392426,eth-updown-5m-1780987800
poly_sniper_v5_eth_5m_v6c3_parent15mrang_v7_vL,1780988100000000,2.473504821129038,1,0.6584986231392426,eth-updown-5m-1780987800
poly_sniper_v5_eth_5m_v6c3_parent15mrang_v7,1780988100000000,2.473504821129038,1,0.6584986231392426,eth-updown-5m-1780987800
poly_sniper_v5_eth_5m_cloud_vwap_hurstmp_v7_vL,1780988100000000,2.473504821129038,1,0.6584986231392426,eth-updown-5m-1780987800
poly_sniper_v5_eth_5m_ema50_hurst_parent15mrang_v7,1780988100000000,2.473504821129038,1,0.6584986231392426,eth-updown-5m-1780987800
poly_sniper_v5_eth_5m_cloud_ribbon_mp_hurst_v6_vL,1780988100000000,2.473504821129038,1,0.6584986231392426,eth-updown-5m-1780987800
poly_sniper_v5_eth_5m_cloud_ribbon_mp_hurst_V10,1780988100000000,2.473504821129038,1,0.6584986231392426,eth-updown-5m-1780987800
poly_sniper_v5_eth_5m_cloud_ribbon_mp_hurst_v6,1780988100000000,2.473504821129038,1,0.6584986231392426,eth-updown-5m-1780987800
poly_sniper_v5_eth_5m_cloud_vwap_hurstmp_v7,1780988100000000,2.473504821129038,1,0.6584986231392426,eth-updown-5m-1780987800
poly_sniper_v5_eth_5m_v6c3_parent15mrang_v7_vL,1780988400000000,1.2556139240506328,1,0.79,eth-updown-5m-1780988100
poly_sniper_v5_eth_5m_cloud_ribbon_mp_hurst_v6_vL,1780988400000000,1.2556139240506328,1,0.79,eth-updown-5m-1780988100
poly_sniper_v5_eth_5m_cloud_vwap_hurstmp_v7_vL,1780988400000000,1.2556139240506328,1,0.79,eth-updown-5m-1780988100
poly_sniper_v5_eth_5m_bb_mp_hurst_band_v6_vL,1780988400000000,1.2556139240506328,1,0.79,eth-updown-5m-1780988100
poly_sniper_v5_eth_5m_bb_mp_hurst_band_v6,1780988400000000,1.2556139240506328,1,0.79,eth-updown-5m-1780988100
poly_sniper_v5_eth_5m_cloud_vwap_hurstmp_v7,1780988400000000,1.2556139240506328,1,0.79,eth-updown-5m-1780988100
poly_sniper_v5_eth_5m_cloud_ribbon_mp_hurst_v6,1780988400000000,1.2556139240506328,1,0.79,eth-updown-5m-1780988100
poly_fast_taker_b2_nomerge_eth_5m,1780988400000000,0.9223529411764704,1,0.68,eth-updown-5m-1780988100
poly_fast_taker_lagv2_eth_5m,1780988400000000,11.20470588235294,1,0.68,eth-updown-5m-1780988100
poly_sniper_v5_eth_5m_ema50_hurst_parent15mrang_v7_vL,1780988400000000,1.2556139240506328,1,0.79,eth-updown-5m-1780988100
poly_sniper_v5_eth_5m_ema50_hurst_parent15mrang_v7,1780988400000000,1.2556139240506328,1,0.79,eth-updown-5m-1780988100
poly_sniper_v5_eth_5m_v6c3_parent15mrang_v7,1780988400000000,1.2556139240506328,1,0.79,eth-updown-5m-1780988100
poly_sniper_v5_eth_5m_cloud_vwap_hurstmp_v7_vL,1780989000000000,-5.0,0,0.73,eth-updown-5m-1780988700
poly_sniper_v5_eth_5m_v6c3_parent15mrang_v7_vL,1780989000000000,-5.0,0,0.73,eth-updown-5m-1780988700
poly_sniper_v5_eth_5m_cloud_ribbon_mp_hurst_v6_vL,1780989000000000,-5.0,0,0.73,eth-updown-5m-1780988700
poly_sniper_v5_eth_5m_ema50_hurst_parent15mrang_v7,1780989000000000,-5.0,0,0.73,eth-updown-5m-1780988700
poly_sniper_v5_eth_5m_bb_mp_hurst_band_v6,1780989000000000,-5.0,0,0.73,eth-updown-5m-1780988700
poly_sniper_v5_eth_5m_v5repl_off120_v6,1780989000000000,-5.0,0,0.7242063492063492,eth-updown-5m-1780988700
poly_sniper_v5_eth_5m_bb_mp_hurst_band_v6_vL,1780989000000000,-5.0,0,0.73,eth-updown-5m-1780988700
poly_sniper_v5_eth_5m_v6c3_parent15mrang_v7,1780989000000000,-5.0,0,0.73,eth-updown-5m-1780988700
poly_sniper_v5_eth_5m_ema50_hurst_parent15mrang_v7_vL,1780989000000000,-5.0,0,0.73,eth-updown-5m-1780988700
poly_sniper_v5_eth_5m_tr200_mp_sms_active_off120,1780989000000000,-5.0,0,0.7242063492063492,eth-updown-5m-1780988700
poly_sniper_v5_eth_5m_cloud_mp_sms_active_off120,1780989000000000,-5.0,0,0.7242063492063492,eth-updown-5m-1780988700
poly_sniper_v5_eth_5m_cloud_vwap_hurstmp_v7,1780989000000000,-5.0,0,0.73,eth-updown-5m-1780988700
poly_sniper_v5_eth_5m_cloud_ribbon_mp_hurst_v6,1780989000000000,-5.0,0,0.73,eth-updown-5m-1780988700
poly_sniper_v5_eth_5m_cloud_ribbon_mp_hurst_V10,1780989000000000,-5.0,0,0.73,eth-updown-5m-1780988700
poly_sniper_v5_eth_5m_ema50_hurst_parent15mrang_v7,1780989300000000,-5.0,0,0.45999999999999996,eth-updown-5m-1780989000
poly_sniper_v5_eth_5m_ema200_vwap_regimerang_xa3_v7,1780989300000000,-5.0,0,0.5,eth-updown-5m-1780989000
poly_sniper_v5_eth_5m_l_ema50_hurst_grandparent_v8,1780989300000000,-5.0,0,0.45999999999999996,eth-updown-5m-1780989000
poly_sniper_v5_eth_5m_ema50_hurst_parent15mrang_v7_vL,1780989300000000,-5.0,0,0.45999999999999996,eth-updown-5m-1780989000
poly_sniper_v5_eth_5m_l_ema50_hurst_grandparent_V10,1780989300000000,-5.0,0,0.45999999999999996,eth-updown-5m-1780989000
poly_fast_taker_lagv2_eth_5m,1780989600000000,-17.41375081967213,0,0.61,eth-updown-5m-1780989300
poly_sniper_v5_eth_5m_ema50_hurst_parent15mrang_v7,1780989600000000,-5.0,0,0.59,eth-updown-5m-1780989300
poly_sniper_v5_eth_5m_ema50_hurst_parent15mrang_v7_vL,1780989600000000,-5.0,0,0.59,eth-updown-5m-1780989300
poly_sniper_v5_eth_5m_ema50_hurst_parent15mrang_v7,1780989900000000,2.569807692307692,1,0.65,eth-updown-5m-1780989600
poly_sniper_v5_eth_5m_ema50_hurst_parent15mrang_v7_vL,1780989900000000,2.569807692307692,1,0.65,eth-updown-5m-1780989600
poly_sniper_v5_eth_5m_l_ema50_hurst_grandparent_V10,1780990500000000,0.9645963855421689,1,0.83,eth-updown-5m-1780990200
poly_sniper_v5_eth_5m_ema50_hurst_parent15mrang_v7,1780990500000000,0.9645963855421689,1,0.83,eth-updown-5m-1780990200
poly_sniper_v5_eth_5m_ema50_hurst_parent15mrang_v7_vL,1780990500000000,0.9645963855421689,1,0.83,eth-updown-5m-1780990200
poly_fast_taker_lagv2_eth_5m,1780990500000000,15.966666666666667,1,0.6,eth-updown-5m-1780990200
poly_fast_taker_b2_nomerge_eth_5m,1780990500000000,1.3066666666666669,1,0.6,eth-updown-5m-1780990200
poly_sniper_v5_eth_5m_l_ema50_hurst_grandparent_v8,1780990500000000,0.9645963855421689,1,0.83,eth-updown-5m-1780990200
poly_fast_taker_lagv2_eth_5m,1780990800000000,-23.208033333333333,0,0.6,eth-updown-5m-1780990500
poly_sniper_v5_eth_5m_ema50_hurst_parent15mrang_v7_vL,1780991100000000,-5.0,0,0.52,eth-updown-5m-1780990800
poly_sniper_v5_eth_5m_ema50_hurst_parent15mrang_v7,1780991100000000,-5.0,0,0.52,eth-updown-5m-1780990800
poly_sniper_v5_eth_5m_ema50_hurst_parent15mrang_v7,1780991400000000,-5.0,0,0.58,eth-updown-5m-1780991100
poly_sniper_v5_eth_5m_l_ema50_hurst_grandparent_V10,1780991400000000,-5.0,0,0.58,eth-updown-5m-1780991100
poly_sniper_v5_eth_5m_l_ema50_hurst_grandparent_v8,1780991400000000,-5.0,0,0.58,eth-updown-5m-1780991100
poly_sniper_v5_eth_5m_cloud_vwap_hurstmp_v7,1780991400000000,-5.0,0,0.58,eth-updown-5m-1780991100
poly_sniper_v5_eth_5m_cloud_ribbon_mp_hurst_v6_vL,1780991400000000,-5.0,0,0.58,eth-updown-5m-1780991100
poly_sniper_v5_eth_5m_cloud_vwap_hurstmp_v7_vL,1780991400000000,-5.0,0,0.58,eth-updown-5m-1780991100
poly_sniper_v5_eth_5m_bb_mp_hurst_band_v6,1780991400000000,-5.0,0,0.58,eth-updown-5m-1780991100
poly_sniper_v5_eth_5m_cloud_ribbon_mp_hurst_v6,1780991400000000,-5.0,0,0.58,eth-updown-5m-1780991100
poly_sniper_v5_eth_5m_v6c3_parent15mrang_v7,1780991400000000,-5.0,0,0.58,eth-updown-5m-1780991100
poly_sniper_v5_eth_5m_v6c3_parent15mrang_v7_vL,1780991400000000,-5.0,0,0.58,eth-updown-5m-1780991100
poly_sniper_v5_eth_5m_ema50_hurst_parent15mrang_v7_vL,1780991400000000,-5.0,0,0.58,eth-updown-5m-1780991100
poly_sniper_v5_eth_5m_bb_mp_hurst_band_v6_vL,1780991400000000,-5.0,0,0.58,eth-updown-5m-1780991100
shadow_sniper_eth_5m_cloud_AND_hurst_v1,1780991400000000,-5.0,0,0.58,eth-updown-5m-1780991100
poly_sniper_v5_eth_5m_l_ema50_hurst_grandparent_V10,1780991700000000,1.7548150684931507,1,0.73,eth-updown-5m-1780991400
poly_sniper_v5_eth_5m_ema50_hurst_parent15mrang_v7_vL,1780991700000000,1.7548150684931507,1,0.73,eth-updown-5m-1780991400
poly_sniper_v5_eth_5m_ema50_hurst_parent15mrang_v7,1780991700000000,1.7548150684931507,1,0.73,eth-updown-5m-1780991400
poly_sniper_v5_eth_5m_l_ema50_hurst_grandparent_v8,1780991700000000,1.7548150684931507,1,0.73,eth-updown-5m-1780991400
poly_fast_taker_b2_nomerge_eth_5m,1780991700000000,0.965373134328358,1,0.67,eth-updown-5m-1780991400
poly_fast_taker_b2_nomerge_eth_5m,1780992600000000,0.8805797101449279,1,0.69,eth-updown-5m-1780992300
poly_fast_taker_lagv2_eth_5m,1780992900000000,-10.93531111111111,0,0.72,eth-updown-5m-1780992600
poly_fast_taker_b2_nomerge_eth_5m,1780993500000000,1.362033898305085,1,0.59,eth-updown-5m-1780993200
poly_sniper_v5_eth_5m_ema200_vwap_regimerang_xa3_v7,1780994100000000,-5.0,0,0.72,eth-updown-5m-1780993800
poly_sniper_v5_eth_5m_up_a2_hlcascade25k_v9,1780994400000000,4.269462264150942,1,0.53,eth-updown-5m-1780994100
poly_fast_taker_lagv2_eth_5m,1780994700000000,-15.57377049180328,0,0.61,eth-updown-5m-1780994400
poly_sniper_v5_eth_5m_ema50_hurst_parent15mrang_v7,1780994700000000,-5.0,0,0.44,eth-updown-5m-1780994400
poly_sniper_v5_eth_5m_l_ema50_hurst_grandparent_V10,1780994700000000,-5.0,0,0.44,eth-updown-5m-1780994400
poly_sniper_v5_eth_5m_ema50_hurst_parent15mrang_v7_vL,1780994700000000,-5.0,0,0.44,eth-updown-5m-1780994400
poly_sniper_v5_eth_5m_l_ema50_hurst_grandparent_v8,1780994700000000,-5.0,0,0.44,eth-updown-5m-1780994400
poly_sniper_v5_eth_5m_ema50_hurst_parent15mrang_v7,1780995000000000,4.825,1,0.5,eth-updown-5m-1780994700
poly_sniper_v5_eth_5m_ema200_vwap_regimerang_xa3_v7,1780995000000000,6.167636363636364,1,0.44,eth-updown-5m-1780994700
poly_sniper_v5_eth_5m_cloud_vwap_hurstmp_v7,1780995000000000,4.825,1,0.5,eth-updown-5m-1780994700
poly_sniper_v5_eth_5m_bb_mp_hurst_band_v6_vL,1780995000000000,4.825,1,0.5,eth-updown-5m-1780994700
poly_sniper_v5_eth_5m_bb_mp_hurst_band_v6,1780995000000000,4.825,1,0.5,eth-updown-5m-1780994700
poly_sniper_v5_eth_5m_ema50_hurst_parent15mrang_v7_vL,1780995000000000,4.825,1,0.5,eth-updown-5m-1780994700
poly_sniper_v5_eth_5m_bb_mp_hurst_band_V10,1780995000000000,4.825,1,0.5,eth-updown-5m-1780994700
poly_sniper_v5_eth_5m_cloud_vwap_hurstmp_v7_vL,1780995000000000,4.825,1,0.5,eth-updown-5m-1780994700
poly_fast_taker_lagv2_eth_5m,1780995600000000,7.474736842105262,1,0.76,eth-updown-5m-1780995300
poly_sniper_v5_eth_5m_tr200_mp_mpnx_sms_off120,1780995900000000,3.473689655172415,1,0.58,eth-updown-5m-1780995600
poly_sniper_v5_eth_5m_v5repl_off120_v6,1780995900000000,3.473689655172415,1,0.58,eth-updown-5m-1780995600
poly_sniper_v5_eth_5m_cloud_mp_sms_active_off120,1780995900000000,3.473689655172415,1,0.58,eth-updown-5m-1780995600
poly_sniper_v5_eth_5m_ema200_vwap_regimerang_xa3_v7,1780995900000000,4.632421568627452,1,0.51,eth-updown-5m-1780995600
poly_sniper_v5_eth_5m_tr200_mp_sms_active_off120,1780995900000000,3.473689655172415,1,0.58,eth-updown-5m-1780995600
poly_sniper_v5_eth_5m_tr200_mp_mpnx_sms_off120,1780996500000000,2.3471865671641785,1,0.67,eth-updown-5m-1780996200
poly_sniper_v5_eth_5m_tr200_mp_sms_active_off120,1780996500000000,2.3471865671641785,1,0.67,eth-updown-5m-1780996200
poly_sniper_v5_eth_5m_v5repl_off120_v6,1780996500000000,2.3471865671641785,1,0.67,eth-updown-5m-1780996200
poly_sniper_v5_eth_5m_ema200_vwap_regimerang_xa3_v7,1780996500000000,-5.0,0,0.55,eth-updown-5m-1780996200
poly_sniper_v5_eth_5m_cloud_mp_sms_active_off120,1780996500000000,2.3471865671641785,1,0.67,eth-updown-5m-1780996200
poly_sniper_v5_eth_5m_ema50_hurst_parent15mrang_v7_vL,1780996800000000,-5.0,0,0.4,eth-updown-5m-1780996500
poly_sniper_v5_eth_5m_ema50_hurst_parent15mrang_v7_vL,1780997400000000,4.632421568627452,1,0.51,eth-updown-5m-1780997100
poly_sniper_v5_eth_5m_ema50_hurst_parent15mrang_v7,1780997400000000,4.632421568627452,1,0.51,eth-updown-5m-1780997100
poly_sniper_v5_eth_5m_ema50_hurst_parent15mrang_v7,1780997700000000,1.6657567567567568,1,0.74,eth-updown-5m-1780997400
poly_sniper_v5_eth_5m_ema50_hurst_parent15mrang_v7_vL,1780997700000000,1.6657567567567568,1,0.74,eth-updown-5m-1780997400
poly_fast_taker_lagv2_eth_5m,1780998000000000,-15.014701639344263,0,0.6008833970992108,eth-updown-5m-1780997700
poly_sniper_v5_eth_5m_cloud_mp_sms_active_off120,1780998000000000,-5.0,0,0.83,eth-updown-5m-1780997700
poly_sniper_v5_eth_5m_tr200_mp_sms_active_off120,1780998000000000,-5.0,0,0.83,eth-updown-5m-1780997700
poly_fast_taker_b2_nomerge_eth_5m,1780998000000000,-2.0,0,0.6,eth-updown-5m-1780997700
poly_sniper_v5_eth_5m_v5repl_off120_v6,1780998000000000,-5.0,0,0.83,eth-updown-5m-1780997700
poly_fast_taker_b2_nomerge_eth_5m,1780998300000000,1.4785964912280705,1,0.57,eth-updown-5m-1780998000
poly_sniper_v5_eth_5m_ema200_vwap_regimerang_xa3_v7,1780998600000000,2.931516129032258,1,0.62,eth-updown-5m-1780998300
poly_sniper_v5_eth_5m_ema200_vwap_regimerang_xa3_v7,1780999200000000,-5.0,0,0.37,eth-updown-5m-1780998900
poly_fast_taker_b2_nomerge_eth_5m,1781000100000000,1.4193103448275863,1,0.58,eth-updown-5m-1780999800
poly_fast_taker_lagv2_eth_5m,1781000100000000,13.432500000000001,1,0.64,eth-updown-5m-1780999800
poly_sniper_v5_eth_5m_cloud_mp_sms_active_off120,1781001300000000,0.8298529411764708,1,0.85,eth-updown-5m-1781001000
poly_sniper_v5_eth_5m_v5repl_off120_v6,1781001300000000,0.8298529411764708,1,0.85,eth-updown-5m-1781001000
poly_sniper_v5_eth_5m_tr200_mp_sms_active_off120,1781001300000000,0.8298529411764708,1,0.85,eth-updown-5m-1781001000
poly_fast_taker_lagv2_eth_5m,1781001600000000,6.278069620253163,1,0.79,eth-updown-5m-1781001300
poly_sniper_v5_eth_5m_ema200_vwap_regimerang_xa3_v7,1781001900000000,2.0378571428571433,1,0.7,eth-updown-5m-1781001600
poly_fast_taker_lagv2_eth_5m,1781002800000000,10.689384057971017,1,0.69,eth-updown-5m-1781002500
poly_fast_taker_lagv2_eth_5m,1781003400000000,-10.819295522388058,0,0.67,eth-updown-5m-1781003100
poly_fast_taker_lagv2_eth_5m,1781003700000000,12.283787878787876,1,0.66,eth-updown-5m-1781003400
poly_fast_taker_b2_nomerge_eth_5m,1781004600000000,1.201290322580645,1,0.62,eth-updown-5m-1781004300
poly_sniper_v5_eth_5m_cloud_mp_sms_active_off120,1781006700000000,-5.0,0,0.27407987470634304,eth-updown-5m-1781006400
poly_fast_taker_b2_nomerge_eth_5m,1781007600000000,1.151111111111111,1,0.63,eth-updown-5m-1781007300
poly_sniper_v5_eth_5m_tr200_mp_sms_active_off120,1781008200000000,-5.0,0,0.57,eth-updown-5m-1781007900
poly_fast_taker_lagv2_eth_5m,1781008200000000,12.849038461538461,1,0.65,eth-updown-5m-1781007900
poly_sniper_v5_eth_5m_cloud_mp_sms_active_off120,1781008200000000,-5.0,0,0.57,eth-updown-5m-1781007900
poly_sniper_v5_eth_5m_tr200_mp_mpnx_sms_off120,1781008200000000,-5.0,0,0.57,eth-updown-5m-1781007900
poly_sniper_v5_eth_5m_v5repl_off120_v6,1781008200000000,-5.0,0,0.57,eth-updown-5m-1781007900
poly_sniper_v5_eth_5m_v5repl_off120_v6,1781008800000000,1.33325641025641,1,0.78,eth-updown-5m-1781008500
poly_sniper_v5_eth_5m_tr200_mp_sms_active_off120,1781008800000000,1.33325641025641,1,0.78,eth-updown-5m-1781008500
poly_sniper_v5_eth_5m_ema200_vwap_regimerang_xa3_v7,1781009100000000,1.4949473684210524,1,0.76,eth-updown-5m-1781008800
poly_fast_taker_lagv2_eth_5m,1781009400000000,-10.38961038961039,0,0.77,eth-updown-5m-1781009100
poly_sniper_v5_eth_5m_ema50_hurst_parent15mrang_v7,1781009700000000,-5.0,0,0.62,eth-updown-5m-1781009400
poly_sniper_v5_eth_5m_ema50_hurst_parent15mrang_v7_vL,1781009700000000,-5.0,0,0.62,eth-updown-5m-1781009400
poly_sniper_v5_eth_5m_ema200_vwap_regimerang_xa3_v7,1781009700000000,-5.0,0,0.68,eth-updown-5m-1781009400
poly_sniper_v5_eth_5m_ema200_vwap_regimerang_xa3_v7,1781010000000000,-5.0,0,0.57,eth-updown-5m-1781009700
poly_fast_taker_lagv2_eth_5m,1781010300000000,-9.920634920634921,0,0.63,eth-updown-5m-1781010000
poly_sniper_v5_eth_5m_ema200_vwap_regimerang_xa3_v7,1781010300000000,2.2409411764705878,1,0.68,eth-updown-5m-1781010000
poly_fast_taker_b2_nomerge_eth_5m,1781010300000000,-2.0,0,0.64,eth-updown-5m-1781010000
poly_fast_taker_lagv2_eth_5m,1781010600000000,14.035039682539683,1,0.63,eth-updown-5m-1781010300
poly_fast_taker_b2_nomerge_eth_5m,1781010600000000,1.151111111111111,1,0.63,eth-updown-5m-1781010300
poly_sniper_v5_eth_5m_cloud_mp_sms_active_off120,1781010600000000,-5.0,0,0.11,eth-updown-5m-1781010300
poly_fast_taker_lagv2_eth_5m,1781011500000000,-8.552631578947368,0,0.76,eth-updown-5m-1781011200
poly_fast_taker_b2_nomerge_eth_5m,1781011500000000,-2.0,0,0.65,eth-updown-5m-1781011200
poly_sniper_v5_eth_5m_ema200_vwap_regimerang_xa3_v7,1781011500000000,3.93340909090909,1,0.55,eth-updown-5m-1781011200
poly_fast_taker_lagv2_eth_5m,1781011800000000,-11.274509803921568,0,0.51,eth-updown-5m-1781011500
poly_fast_taker_b2_nomerge_eth_5m,1781011800000000,-2.0,0,0.57,eth-updown-5m-1781011500
poly_fast_taker_lagv2_eth_5m,1781012100000000,-9.920634920634921,0,0.63,eth-updown-5m-1781011800
poly_fast_taker_b2_nomerge_eth_5m,1781012100000000,1.201290322580645,1,0.62,eth-updown-5m-1781011800
poly_sniper_v5_eth_5m_tr200_mp_sms_active_off120,1781012700000000,2.3471865671641785,1,0.67,eth-updown-5m-1781012400
poly_sniper_v5_eth_5m_v5repl_off120_v6,1781012700000000,2.3471865671641785,1,0.67,eth-updown-5m-1781012400
poly_fast_taker_lagv2_eth_5m,1781012700000000,16.655381355932207,1,0.59,eth-updown-5m-1781012400
poly_sniper_v5_eth_5m_cloud_vwap_hurstmp_v7,1781013000000000,-5.0,0,0.72,eth-updown-5m-1781012700
poly_sniper_v5_eth_5m_l_ema50_hurst_grandparent_v8,1781013000000000,-5.0,0,0.72,eth-updown-5m-1781012700
poly_sniper_v5_eth_5m_v6c3_parent15mrang_v7,1781013000000000,-5.0,0,0.72,eth-updown-5m-1781012700
poly_sniper_v5_eth_5m_cloud_ribbon_mp_hurst_V10,1781013000000000,-5.0,0,0.72,eth-updown-5m-1781012700
poly_sniper_v5_eth_5m_ema50_hurst_parent15mrang_v7_vL,1781013000000000,-5.0,0,0.72,eth-updown-5m-1781012700
poly_sniper_v5_eth_5m_bb_mp_hurst_band_v6_vL,1781013000000000,-5.0,0,0.72,eth-updown-5m-1781012700
poly_sniper_v5_eth_5m_bb_mp_hurst_band_v6,1781013000000000,-5.0,0,0.72,eth-updown-5m-1781012700
poly_sniper_v5_eth_5m_cloud_ribbon_mp_hurst_v6_vL,1781013000000000,-5.0,0,0.72,eth-updown-5m-1781012700
poly_sniper_v5_eth_5m_cloud_ribbon_mp_hurst_v6,1781013000000000,-5.0,0,0.72,eth-updown-5m-1781012700
poly_sniper_v5_eth_5m_v6c3_parent15mrang_v7_vL,1781013000000000,-5.0,0,0.72,eth-updown-5m-1781012700
poly_sniper_v5_eth_5m_cloud_vwap_hurstmp_v7_vL,1781013000000000,-5.0,0,0.72,eth-updown-5m-1781012700
poly_sniper_v5_eth_5m_ema50_hurst_parent15mrang_v7,1781013000000000,-5.0,0,0.72,eth-updown-5m-1781012700
shadow_sniper_eth_5m_cloud_AND_hurst_v1,1781013000000000,-5.0,0,0.72,eth-updown-5m-1781012700
poly_fast_taker_lagv2_eth_5m,1781013300000000,-7.377049180327871,0,0.61,eth-updown-5m-1781013000
poly_fast_taker_lagv2_eth_5m,1781013600000000,-6.53846153846154,0,0.65,eth-updown-5m-1781013300
poly_fast_taker_lagv2_eth_5m,1781013900000000,-16.64255254237288,0,0.59,eth-updown-5m-1781013600
poly_sniper_v5_eth_5m_ema200_vwap_regimerang_xa3_v7,1781013900000000,-5.0,0,0.74,eth-updown-5m-1781013600
poly_fast_taker_b2_nomerge_eth_5m,1781013900000000,-2.0,0,0.59,eth-updown-5m-1781013600
poly_fast_taker_lagv2_eth_5m,1781014200000000,4.368589283732101,0,0.53,eth-updown-5m-1781013900
poly_fast_taker_b2_nomerge_eth_5m,1781014200000000,1.7381132075471695,1,0.53,eth-updown-5m-1781013900
poly_fast_taker_lagv2_eth_5m,1781014800000000,-6.9178571428571445,0,0.63,eth-updown-5m-1781014500
poly_fast_taker_b2_nomerge_eth_5m,1781014800000000,2.3008695652173916,1,0.46,eth-updown-5m-1781014500
poly_fast_taker_lagv2_eth_5m,1781015400000000,-7.327586206896552,0,0.58,eth-updown-5m-1781015100
poly_sniper_v5_eth_5m_bb_mp_hurst_band_v6_vL,1781015100000000,1.33325641025641,1,0.78,eth-updown-5m-1781014800
poly_sniper_v5_eth_5m_cloud_vwap_hurstmp_v7_vL,1781015100000000,1.33325641025641,1,0.78,eth-updown-5m-1781014800
poly_sniper_v5_eth_5m_cloud_mp_sms_active_off120,1781015100000000,-5.0,0,0.13,eth-updown-5m-1781014800
poly_sniper_v5_eth_5m_ema50_hurst_parent15mrang_v7_vL,1781015100000000,1.33325641025641,1,0.78,eth-updown-5m-1781014800
poly_sniper_v5_eth_5m_ema50_hurst_parent15mrang_v7,1781015400000000,-5.0,0,0.55,eth-updown-5m-1781015100
poly_sniper_v5_eth_5m_ema50_hurst_parent15mrang_v7_vL,1781015400000000,-5.0,0,0.55,eth-updown-5m-1781015100
poly_fast_taker_b2_nomerge_eth_5m,1781015400000000,1.4193103448275863,1,0.58,eth-updown-5m-1781015100
poly_fast_taker_lagv2_eth_5m,1781015700000000,-6.034482758620686,0,0.58,eth-updown-5m-1781015400
poly_sniper_v5_eth_5m_lq_ema50_hurst_grandparent_prev15m_v8_vL,1781015700000000,-5.0,0,0.63,eth-updown-5m-1781015400
poly_sniper_v5_eth_5m_ema50_hurst_parent15mrang_v7_vL,1781015700000000,-5.0,0,0.63,eth-updown-5m-1781015400
poly_fast_taker_b2_nomerge_eth_5m,1781015700000000,-2.0,0,0.57,eth-updown-5m-1781015400
poly_fast_taker_lagv2_eth_5m,1781016000000000,0.0,0,0.58,eth-updown-5m-1781015700
poly_sniper_v5_eth_5m_lq_ema50_hurst_grandparent_prev15m_v8,1781016000000000,1.6657567567567568,1,0.74,eth-updown-5m-1781015700
shadow_sniper_eth_5m_cloud_AND_hurst_v1,1781016000000000,1.6657567567567568,1,0.74,eth-updown-5m-1781015700
poly_sniper_v5_eth_5m_cloud_mp_sms_active_off120,1781016000000000,-5.0,0,0.3465346534653465,eth-updown-5m-1781015700
poly_sniper_v5_eth_5m_tr200_mp_sms_active_off120,1781016000000000,-5.0,0,0.3465346534653465,eth-updown-5m-1781015700
poly_sniper_v5_eth_5m_bb_mp_hurst_band_v6,1781016000000000,1.6657567567567568,1,0.74,eth-updown-5m-1781015700
poly_sniper_v5_eth_5m_cloud_vwap_hurstmp_v7,1781016000000000,1.6657567567567568,1,0.74,eth-updown-5m-1781015700
poly_sniper_v5_eth_5m_bb_mp_hurst_band_v6_vL,1781016000000000,1.6657567567567568,1,0.74,eth-updown-5m-1781015700
poly_sniper_v5_eth_5m_cloud_vwap_hurstmp_v7_vL,1781016000000000,1.6657567567567568,1,0.74,eth-updown-5m-1781015700
poly_sniper_v5_eth_5m_l_ema50_hurst_grandparent_v8,1781016000000000,1.6657567567567568,1,0.74,eth-updown-5m-1781015700
poly_sniper_v5_eth_5m_lq_ema50_hurst_grandparent_prev15m_v8_vL,1781016000000000,1.6657567567567568,1,0.74,eth-updown-5m-1781015700
poly_sniper_v5_eth_5m_v5repl_off120_v6,1781016000000000,-5.0,0,0.3465346534653465,eth-updown-5m-1781015700
poly_sniper_v5_eth_5m_ema50_hurst_parent15mrang_v7,1781016000000000,1.6657567567567568,1,0.74,eth-updown-5m-1781015700
poly_sniper_v5_eth_5m_ema50_hurst_parent15mrang_v7_vL,1781016000000000,1.6657567567567568,1,0.74,eth-updown-5m-1781015700
poly_sniper_v5_eth_5m_cloud_ribbon_mp_hurst_v6_vL,1781016300000000,-5.0,0,0.64,eth-updown-5m-1781016000
poly_sniper_v5_eth_5m_ema50_hurst_parent15mrang_v7_vL,1781016300000000,-5.0,0,0.64,eth-updown-5m-1781016000
poly_sniper_v5_eth_5m_bb_mp_hurst_band_v6_vL,1781016300000000,-5.0,0,0.64,eth-updown-5m-1781016000
poly_sniper_v5_eth_5m_cloud_vwap_hurstmp_v7_vL,1781016300000000,-5.0,0,0.64,eth-updown-5m-1781016000
poly_fast_taker_b2_nomerge_eth_5m,1781016300000000,-2.0,0,0.61,eth-updown-5m-1781016000
poly_sniper_v5_eth_5m_v6c3_parent15mrang_v7_vL,1781016300000000,-5.0,0,0.64,eth-updown-5m-1781016000
poly_sniper_v5_eth_5m_ema50_hurst_parent15mrang_v7,1781016600000000,7.60701282051282,1,0.39,eth-updown-5m-1781016300
poly_sniper_v5_eth_5m_bb_mp_hurst_band_v6_vL,1781016600000000,-5.0,0,0.62,eth-updown-5m-1781016300
poly_sniper_v5_eth_5m_lq_ema50_hurst_grandparent_prev15m_v8_vL,1781016600000000,7.60701282051282,1,0.39,eth-updown-5m-1781016300
poly_sniper_v5_eth_5m_ema50_hurst_parent15mrang_v7_vL,1781016600000000,7.60701282051282,1,0.39,eth-updown-5m-1781016300
poly_sniper_v5_eth_5m_lq_ema50_hurst_grandparent_prev15m_v8,1781016600000000,7.60701282051282,1,0.39,eth-updown-5m-1781016300
poly_sniper_v5_eth_5m_l_ema50_hurst_grandparent_V10,1781016600000000,7.60701282051282,1,0.39,eth-updown-5m-1781016300
poly_sniper_v5_eth_5m_bb_mp_hurst_band_v6,1781016600000000,-5.0,0,0.62,eth-updown-5m-1781016300
poly_sniper_v5_eth_5m_l_ema50_hurst_grandparent_v8,1781016600000000,7.60701282051282,1,0.39,eth-updown-5m-1781016300
poly_fast_taker_b2_nomerge_eth_5m,1781016600000000,-2.0,0,0.59,eth-updown-5m-1781016300
poly_sniper_v5_eth_5m_tr200_mp_sms_active_off120,1781016900000000,0.579477528089887,1,0.8900000000000001,eth-updown-5m-1781016600
poly_sniper_v5_eth_5m_cloud_mp_sms_active_off120,1781016900000000,0.579477528089887,1,0.8900000000000001,eth-updown-5m-1781016600
poly_sniper_v5_eth_5m_v5repl_off120_v6,1781016900000000,0.579477528089887,1,0.8900000000000001,eth-updown-5m-1781016600
shadow_oracle_settle_eth_5m,1781016900000000,0.3518440860215051,1,0.93,eth-updown-5m-1781016600
poly_sniper_v5_eth_5m_ema50_hurst_parent15mrang_v7,1781017200000000,4.269462264150942,1,0.53,eth-updown-5m-1781016900
poly_sniper_v5_eth_5m_ema50_hurst_parent15mrang_v7_vL,1781017200000000,4.269462264150942,1,0.53,eth-updown-5m-1781016900
poly_fast_taker_lagv2_eth_5m,1781017800000000,-7.539682539682538,0,0.63,eth-updown-5m-1781017500
poly_sniper_v5_eth_5m_lq_ema50_hurst_grandparent_prev15m_v8_vL,1781017500000000,2.3471865671641785,1,0.67,eth-updown-5m-1781017200
poly_sniper_v5_eth_5m_ema50_hurst_parent15mrang_v7_vL,1781017500000000,2.3471865671641785,1,0.67,eth-updown-5m-1781017200
poly_fast_taker_lagv2_eth_5m,1781017500000000,21.213524686983224,1,0.5315379163713678,eth-updown-5m-1781017200
poly_sniper_v5_eth_5m_bb_mp_hurst_band_v6_vL,1781017500000000,2.3471865671641785,1,0.67,eth-updown-5m-1781017200
poly_sniper_v5_eth_5m_l_ema50_hurst_grandparent_V10,1781017800000000,-5.0,0,0.57,eth-updown-5m-1781017500
poly_fast_taker_b2_nomerge_eth_5m,1781017800000000,1.151111111111111,1,0.63,eth-updown-5m-1781017500
poly_sniper_v5_eth_5m_l_ema50_hurst_grandparent_v8,1781017800000000,-5.0,0,0.57,eth-updown-5m-1781017500
poly_fast_taker_lagv2_eth_5m,1781018400000000,-9.583333333333334,0,0.6,eth-updown-5m-1781018100
poly_fast_taker_b2_nomerge_eth_5m,1781018100000000,1.5399999999999998,1,0.56,eth-updown-5m-1781017800
poly_sniper_v5_eth_5m_a2_hlcascade50k_v9,1781018100000000,3.043308143647365,1,0.611295156964821,eth-updown-5m-1781017800
poly_sniper_v5_eth_5m_up_a2_hlcascade25k_v9,1781018100000000,-5.0,0,0.4,eth-updown-5m-1781017800
poly_sniper_v5_eth_5m_a2_hlcascade50k_v9,1781018100000000,-5.0,0,0.4,eth-updown-5m-1781017800
poly_sniper_v5_eth_5m_l_ema50_hurst_grandparent_V10,1781019000000000,4.447384615384615,1,0.52,eth-updown-5m-1781018700
poly_sniper_v5_eth_5m_l_ema50_hurst_grandparent_v8,1781019000000000,4.447384615384615,1,0.52,eth-updown-5m-1781018700
poly_fast_taker_lagv2_eth_5m,1781019600000000,-10.012527586206897,0,0.58,eth-updown-5m-1781019300
poly_sniper_v5_eth_5m_cloud_vwap_hurstmp_v7_vL,1781019300000000,1.7548150684931507,1,0.73,eth-updown-5m-1781019000
poly_sniper_v5_eth_5m_bb_mp_hurst_band_v6_vL,1781019300000000,1.7548150684931507,1,0.73,eth-updown-5m-1781019000
poly_fast_taker_lagv2_eth_5m,1781019900000000,-9.057971014492752,0,0.69,eth-updown-5m-1781019600
poly_fast_taker_b2_nomerge_eth_5m,1781019600000000,1.4785964912280705,1,0.57,eth-updown-5m-1781019300
poly_fast_taker_lagv2_eth_5m,1781020200000000,-5.932203389830507,0,0.59,eth-updown-5m-1781019900
poly_sniper_v5_eth_5m_lq_ema50_hurst_grandparent_prev15m_v8_vL,1781019900000000,2.6865,1,0.64,eth-updown-5m-1781019600
poly_sniper_v5_eth_5m_bb_mp_hurst_band_v6_vL,1781019900000000,2.6865,1,0.64,eth-updown-5m-1781019600
poly_sniper_v5_eth_5m_ema200_vwap_regimerang_xa3_v7,1781019900000000,2.931516129032258,1,0.62,eth-updown-5m-1781019600
poly_sniper_v5_eth_5m_cloud_vwap_hurstmp_v7_vL,1781019900000000,2.6865,1,0.64,eth-updown-5m-1781019600
poly_sniper_v5_eth_5m_cloud_ribbon_mp_hurst_v6_vL,1781019900000000,2.6865,1,0.64,eth-updown-5m-1781019600
poly_fast_taker_b2_nomerge_eth_5m,1781019900000000,-2.0,0,0.65,eth-updown-5m-1781019600
poly_sniper_v5_eth_5m_l_ema50_hurst_grandparent_V10,1781020200000000,-4.999999999999999,0,0.61,eth-updown-5m-1781019900
poly_sniper_v5_eth_5m_lq_ema50_hurst_grandparent_prev15m_v8,1781020200000000,-4.999999999999999,0,0.61,eth-updown-5m-1781019900
poly_sniper_v5_eth_5m_lq_ema50_hurst_grandparent_prev15m_v8_vL,1781020200000000,-4.999999999999999,0,0.61,eth-updown-5m-1781019900
poly_sniper_v5_eth_5m_l_ema50_hurst_grandparent_v8,1781020200000000,-4.999999999999999,0,0.61,eth-updown-5m-1781019900
poly_fast_taker_b2_nomerge_eth_5m,1781020200000000,1.4785964912280705,1,0.57,eth-updown-5m-1781019900
poly_sniper_v5_eth_5m_l_ema50_hurst_grandparent_V10,1781020500000000,1.7548150684931507,1,0.73,eth-updown-5m-1781020200
poly_sniper_v5_eth_5m_l_ema50_hurst_grandparent_v8,1781020500000000,1.7548150684931507,1,0.73,eth-updown-5m-1781020200
poly_fast_taker_b2_nomerge_eth_5m,1781020800000000,-2.0,0,0.55,eth-updown-5m-1781020500
poly_fast_taker_lagv2_eth_5m,1781021100000000,-10.450748387096777,0,0.62,eth-updown-5m-1781020800
poly_sniper_v5_eth_5m_bb_mp_hurst_band_v6_vL,1781021100000000,-5.0,0,0.74,eth-updown-5m-1781020800
poly_sniper_v5_eth_5m_cloud_vwap_hurstmp_v7_vL,1781021100000000,-5.0,0,0.74,eth-updown-5m-1781020800
poly_fast_taker_lagv2_eth_5m,1781021700000000,-0.8317461538461545,0,0.65,eth-updown-5m-1781021400
shadow_sniper_eth_5m_cloud_AND_hurst_v1,1781021400000000,1.6657567567567568,1,0.74,eth-updown-5m-1781021100
poly_sniper_v5_eth_5m_cloud_vwap_hurstmp_v7_vL,1781021400000000,1.6657567567567568,1,0.74,eth-updown-5m-1781021100
poly_sniper_v5_eth_5m_ema50_hurst_parent15mrang_v7,1781021400000000,1.6657567567567568,1,0.74,eth-updown-5m-1781021100
poly_sniper_v5_eth_5m_bb_mp_hurst_band_v6,1781021400000000,1.6657567567567568,1,0.74,eth-updown-5m-1781021100
poly_sniper_v5_eth_5m_l_ema50_hurst_grandparent_v8,1781021400000000,1.6657567567567568,1,0.74,eth-updown-5m-1781021100
poly_sniper_v5_eth_5m_ema50_hurst_parent15mrang_v7_vL,1781021400000000,1.6657567567567568,1,0.74,eth-updown-5m-1781021100
poly_sniper_v5_eth_5m_bb_mp_hurst_band_v6_vL,1781021400000000,1.6657567567567568,1,0.74,eth-updown-5m-1781021100
poly_sniper_v5_eth_5m_cloud_vwap_hurstmp_v7,1781021400000000,1.6657567567567568,1,0.74,eth-updown-5m-1781021100
poly_fast_taker_lagv2_eth_5m,1781021400000000,16.655381355932207,1,0.59,eth-updown-5m-1781021100
poly_fast_taker_b2_nomerge_eth_5m,1781021400000000,1.4785964912280705,1,0.57,eth-updown-5m-1781021100
poly_sniper_v5_eth_5m_ema50_hurst_parent15mrang_v7_vL,1781021700000000,8.293013513513515,1,0.37,eth-updown-5m-1781021400
poly_fast_taker_b2_nomerge_eth_5m,1781022300000000,1.4193103448275863,1,0.58,eth-updown-5m-1781022000
poly_fast_taker_lagv2_eth_5m,1781022600000000,-6.189206349206351,0,0.63,eth-updown-5m-1781022300
poly_fast_taker_lagv2_eth_5m,1781022900000000,-10.000000000000002,0,0.55,eth-updown-5m-1781022600
poly_sniper_v5_eth_5m_cloud_vwap_hurstmp_v7_vL,1781022900000000,3.3310762711864412,1,0.59,eth-updown-5m-1781022600
poly_sniper_v5_eth_5m_cloud_ribbon_mp_hurst_v6_vL,1781022900000000,3.3310762711864412,1,0.59,eth-updown-5m-1781022600
poly_sniper_v5_eth_5m_bb_mp_hurst_band_v6_vL,1781022900000000,3.3310762711864412,1,0.59,eth-updown-5m-1781022600
poly_fast_taker_lagv2_eth_5m,1781023500000000,-7.272727272727274,0,0.55,eth-updown-5m-1781023200
poly_fast_taker_b2_nomerge_eth_5m,1781023500000000,-2.0,0,0.58,eth-updown-5m-1781023200
poly_sniper_v5_eth_5m_bb_mp_hurst_band_v6_vL,1781023500000000,2.8070079365079366,1,0.63,eth-updown-5m-1781023200
poly_sniper_v5_eth_5m_a2_hlcascade50k_v9,1781023800000000,-5.0,0,0.30869114952600973,eth-updown-5m-1781023500
poly_sniper_v5_eth_5m_a2_hlcascade50k_v9,1781023800000000,1.8464444444444446,1,0.72,eth-updown-5m-1781023500
poly_sniper_v5_eth_5m_up_a2_hlcascade25k_v9,1781023800000000,1.8464444444444446,1,0.72,eth-updown-5m-1781023500
poly_fast_taker_lagv2_eth_5m,1781024100000000,-8.47457627118644,0,0.59,eth-updown-5m-1781023800
poly_sniper_v5_eth_5m_cloud_ribbon_mp_hurst_v6,1781024400000000,0.8963809523809526,1,0.84,eth-updown-5m-1781024100
poly_sniper_v5_eth_5m_ema50_hurst_parent15mrang_v7_vL,1781024400000000,0.8963809523809526,1,0.84,eth-updown-5m-1781024100
poly_sniper_v5_eth_5m_v6c3_parent15mrang_v7_vL,1781024400000000,0.8963809523809526,1,0.84,eth-updown-5m-1781024100
poly_sniper_v5_eth_5m_cloud_ribbon_mp_hurst_v6_vL,1781024400000000,0.8963809523809526,1,0.84,eth-updown-5m-1781024100
poly_fast_taker_lagv2_eth_5m,1781024400000000,16.520057829035203,1,0.5919378070677375,eth-updown-5m-1781024100
poly_sniper_v5_eth_5m_ema50_hurst_parent15mrang_v7,1781024400000000,0.8963809523809526,1,0.84,eth-updown-5m-1781024100
poly_sniper_v5_eth_5m_v6c3_parent15mrang_v7,1781024400000000,0.8963809523809526,1,0.84,eth-updown-5m-1781024100
poly_fast_taker_b2_nomerge_eth_5m,1781024400000000,1.4193103448275863,1,0.58,eth-updown-5m-1781024100
poly_fast_taker_lagv2_eth_5m,1781024700000000,17.36844827586207,1,0.58,eth-updown-5m-1781024400
poly_sniper_v5_eth_5m_a2_hlcascade50k_v9,1781025000000000,2.931516129032258,1,0.62,eth-updown-5m-1781024700
poly_sniper_v5_eth_5m_a2_hlcascade50k_v9,1781025000000000,-5.0,0,0.39215686274509803,eth-updown-5m-1781024700
poly_sniper_v5_eth_5m_ema50_hurst_parent15mrang_v7_vL,1781025000000000,2.8070079365079366,1,0.63,eth-updown-5m-1781024700
poly_sniper_v5_eth_5m_l_ema50_hurst_grandparent_V10,1781025000000000,2.8070079365079366,1,0.63,eth-updown-5m-1781024700
poly_fast_taker_lagv2_eth_5m,1781025000000000,14.657580645161291,1,0.62,eth-updown-5m-1781024700
poly_fast_taker_b2_nomerge_eth_5m,1781025000000000,-2.0,0,0.52,eth-updown-5m-1781024700
poly_sniper_v5_eth_5m_tr200_mp_sms_active_off120,1781025000000000,1.7206958776873302,1,0.733797745773325,eth-updown-5m-1781024700
poly_sniper_v5_eth_5m_l_ema50_hurst_grandparent_v8,1781025000000000,2.8070079365079366,1,0.63,eth-updown-5m-1781024700
poly_sniper_v5_eth_5m_ema200_vwap_regimerang_xa3_v7,1781025000000000,2.0378571428571433,1,0.7,eth-updown-5m-1781024700
poly_sniper_v5_eth_5m_cloud_mp_sms_active_off120,1781025000000000,1.7206958776873302,1,0.733797745773325,eth-updown-5m-1781024700
poly_sniper_v5_eth_5m_v5repl_off120_v6,1781025000000000,1.7206958776873302,1,0.733797745773325,eth-updown-5m-1781024700
poly_sniper_v5_eth_5m_ema50_hurst_parent15mrang_v7,1781025000000000,2.8070079365079366,1,0.63,eth-updown-5m-1781024700
poly_sniper_v5_eth_5m_up_a2_hlcascade25k_v9,1781025000000000,-5.0,0,0.39215686274509803,eth-updown-5m-1781024700
poly_fast_taker_lagv2_eth_5m,1781025300000000,-10.546875,0,0.64,eth-updown-5m-1781025000
poly_sniper_v5_eth_5m_l_ema50_hurst_grandparent_V10,1781025300000000,-5.0,0,0.83,eth-updown-5m-1781025000
poly_sniper_v5_eth_5m_l_ema50_hurst_grandparent_v8,1781025300000000,-5.0,0,0.83,eth-updown-5m-1781025000
poly_sniper_v5_eth_5m_cloud_ribbon_mp_hurst_v6,1781025300000000,-5.0,0,0.83,eth-updown-5m-1781025000
poly_sniper_v5_eth_5m_v6c3_parent15mrang_v7,1781025300000000,-5.0,0,0.83,eth-updown-5m-1781025000
poly_sniper_v5_eth_5m_ema50_hurst_parent15mrang_v7_vL,1781025300000000,-5.0,0,0.83,eth-updown-5m-1781025000
poly_sniper_v5_eth_5m_cloud_ribbon_mp_hurst_V10,1781025300000000,-5.0,0,0.83,eth-updown-5m-1781025000
poly_fast_taker_lagv2_eth_5m,1781025600000000,-6.556931746031747,0,0.63,eth-updown-5m-1781025300
poly_sniper_v5_eth_5m_cloud_ribbon_mp_hurst_v6_vL,1781025300000000,-5.0,0,0.83,eth-updown-5m-1781025000
poly_sniper_v5_eth_5m_ema50_hurst_parent15mrang_v7,1781025300000000,-5.0,0,0.83,eth-updown-5m-1781025000
poly_sniper_v5_eth_5m_v6c3_parent15mrang_v7_vL,1781025300000000,-5.0,0,0.83,eth-updown-5m-1781025000
poly_fast_taker_b2_nomerge_eth_5m,1781025300000000,-2.0,0,0.65,eth-updown-5m-1781025000
poly_sniper_v5_eth_5m_bb_mp_hurst_band_V10,1781025600000000,-5.0,0,0.49,eth-updown-5m-1781025300
poly_sniper_v5_eth_5m_ema50_hurst_parent15mrang_v7_vL,1781025600000000,-5.0,0,0.49,eth-updown-5m-1781025300
poly_sniper_v5_eth_5m_cloud_vwap_hurstmp_v7_vL,1781025600000000,-5.0,0,0.49,eth-updown-5m-1781025300
poly_sniper_v5_eth_5m_l_ema50_hurst_grandparent_V10,1781025600000000,-5.0,0,0.49,eth-updown-5m-1781025300
poly_sniper_v5_eth_5m_ema50_hurst_parent15mrang_v7,1781025600000000,-5.0,0,0.49,eth-updown-5m-1781025300
poly_sniper_v5_eth_5m_cloud_vwap_hurstmp_v7,1781025600000000,-5.0,0,0.49,eth-updown-5m-1781025300
poly_sniper_v5_eth_5m_bb_mp_hurst_band_v6_vL,1781025600000000,-5.0,0,0.49,eth-updown-5m-1781025300
poly_sniper_v5_eth_5m_l_ema50_hurst_grandparent_v8,1781025600000000,-5.0,0,0.49,eth-updown-5m-1781025300
shadow_sniper_eth_5m_cloud_AND_hurst_v1,1781025600000000,-5.0,0,0.49,eth-updown-5m-1781025300
poly_sniper_v5_eth_5m_bb_mp_hurst_band_v6,1781025600000000,-5.0,0,0.49,eth-updown-5m-1781025300
poly_fast_taker_b2_nomerge_eth_5m,1781025900000000,-2.0,0,0.55,eth-updown-5m-1781025600
poly_sniper_v5_eth_5m_bb_mp_hurst_band_v6_vL,1781025900000000,-5.0,0,0.5222601052403383,eth-updown-5m-1781025600
poly_sniper_v5_eth_5m_bb_mp_hurst_band_V10,1781025900000000,-5.0,0,0.5222601052403383,eth-updown-5m-1781025600
poly_sniper_v5_eth_5m_bb_mp_hurst_band_v6,1781025900000000,-5.0,0,0.5222601052403383,eth-updown-5m-1781025600
poly_fast_taker_lagv2_eth_5m,1781026200000000,-7.916666666666665,0,0.6,eth-updown-5m-1781025900
poly_fast_taker_lagv2_eth_5m,1781026500000000,-7.195049180327873,0,0.61,eth-updown-5m-1781026200
poly_sniper_v5_eth_5m_l_ema50_hurst_grandparent_v8,1781026200000000,1.1799999999999997,1,0.8,eth-updown-5m-1781025900
poly_sniper_v5_eth_5m_l_ema50_hurst_grandparent_V10,1781026200000000,1.1799999999999997,1,0.8,eth-updown-5m-1781025900
poly_fast_taker_b2_nomerge_eth_5m,1781026200000000,1.5503249999999997,1,0.558352859065756,eth-updown-5m-1781025900
poly_sniper_v5_eth_5m_l_ema50_hurst_grandparent_V10,1781026500000000,-5.0,0,0.56,eth-updown-5m-1781026200
poly_sniper_v5_eth_5m_l_ema50_hurst_grandparent_v8,1781026500000000,-5.0,0,0.56,eth-updown-5m-1781026200
poly_fast_taker_b2_nomerge_eth_5m,1781026500000000,1.2531147540983607,1,0.61,eth-updown-5m-1781026200
poly_fast_taker_lagv2_eth_5m,1781026800000000,-10.426537704918033,0,0.61,eth-updown-5m-1781026500
poly_sniper_v5_eth_5m_cloud_vwap_hurstmp_v7_vL,1781026800000000,-5.0,0,0.4,eth-updown-5m-1781026500
poly_sniper_v5_eth_5m_cloud_vwap_hurstmp_v7,1781026800000000,-5.0,0,0.4,eth-updown-5m-1781026500
poly_sniper_v5_eth_5m_v6c3_parent15mrang_v7_vL,1781027700000000,1.2556139240506328,1,0.79,eth-updown-5m-1781027400
poly_sniper_v5_eth_5m_ema50_hurst_parent15mrang_v7_vL,1781027700000000,1.2556139240506328,1,0.79,eth-updown-5m-1781027400
poly_sniper_v5_eth_5m_bb_mp_hurst_band_v6_vL,1781027700000000,1.2556139240506328,1,0.79,eth-updown-5m-1781027400
poly_sniper_v5_eth_5m_cloud_vwap_hurstmp_v7_vL,1781027700000000,1.2556139240506328,1,0.79,eth-updown-5m-1781027400
poly_sniper_v5_eth_5m_cloud_ribbon_mp_hurst_v6_vL,1781027700000000,1.2556139240506328,1,0.79,eth-updown-5m-1781027400
poly_fast_taker_lagv2_eth_5m,1781027700000000,15.966666666666667,1,0.6,eth-updown-5m-1781027400
poly_fast_taker_lagv2_eth_5m,1781028000000000,-10.344827586206895,0,0.58,eth-updown-5m-1781027700
poly_fast_taker_b2_nomerge_eth_5m,1781028300000000,1.362033898305085,1,0.59,eth-updown-5m-1781028000
poly_sniper_v5_eth_5m_ema50_hurst_parent15mrang_v7,1781028300000000,2.1378768115942033,1,0.69,eth-updown-5m-1781028000
poly_sniper_v5_eth_5m_ema50_hurst_parent15mrang_v7_vL,1781028300000000,2.1378768115942033,1,0.69,eth-updown-5m-1781028000
poly_sniper_v5_eth_5m_ema50_hurst_parent15mrang_v7,1781028600000000,4.098259259259258,1,0.54,eth-updown-5m-1781028300
poly_sniper_v5_eth_5m_ema50_hurst_parent15mrang_v7_vL,1781028600000000,4.098259259259258,1,0.54,eth-updown-5m-1781028300
poly_sniper_v5_eth_5m_bb_mp_hurst_band_v6,1781028900000000,1.1799999999999997,1,0.8,eth-updown-5m-1781028600
poly_sniper_v5_eth_5m_cloud_vwap_hurstmp_v7_vL,1781028900000000,1.1799999999999997,1,0.8,eth-updown-5m-1781028600
poly_sniper_v5_eth_5m_ema50_hurst_parent15mrang_v7,1781028900000000,1.1799999999999997,1,0.8,eth-updown-5m-1781028600
poly_sniper_v5_eth_5m_l_ema50_hurst_grandparent_v8,1781028900000000,1.1799999999999997,1,0.8,eth-updown-5m-1781028600
poly_sniper_v5_eth_5m_cloud_vwap_hurstmp_v7,1781028900000000,1.1799999999999997,1,0.8,eth-updown-5m-1781028600
poly_sniper_v5_eth_5m_l_ema50_hurst_grandparent_V10,1781028900000000,1.1799999999999997,1,0.8,eth-updown-5m-1781028600
poly_sniper_v5_eth_5m_ema50_hurst_parent15mrang_v7_vL,1781028900000000,1.1799999999999997,1,0.8,eth-updown-5m-1781028600
shadow_sniper_eth_5m_cloud_AND_hurst_v1,1781028900000000,1.1799999999999997,1,0.8,eth-updown-5m-1781028600
poly_sniper_v5_eth_5m_bb_mp_hurst_band_v6_vL,1781028900000000,1.1799999999999997,1,0.8,eth-updown-5m-1781028600
poly_sniper_v5_eth_5m_ema50_hurst_parent15mrang_v7,1781029200000000,4.098259259259258,1,0.54,eth-updown-5m-1781028900
poly_sniper_v5_eth_5m_ema50_hurst_parent15mrang_v7_vL,1781029200000000,4.098259259259258,1,0.54,eth-updown-5m-1781028900
poly_sniper_v5_eth_5m_a2_hlcascade50k_v9,1781029500000000,-5.0,0,0.4799999999999999,eth-updown-5m-1781029200
poly_sniper_v5_eth_5m_ema50_hurst_parent15mrang_v7,1781029500000000,1.1799999999999997,1,0.8,eth-updown-5m-1781029200
poly_sniper_v5_eth_5m_ema50_hurst_parent15mrang_v7_vL,1781029500000000,1.1799999999999997,1,0.8,eth-updown-5m-1781029200
poly_sniper_v5_eth_5m_up_a2_hlcascade25k_v9,1781029500000000,-5.0,0,0.4799999999999999,eth-updown-5m-1781029200
poly_sniper_v5_eth_5m_l_ema50_hurst_grandparent_V10,1781029500000000,1.1799999999999997,1,0.8,eth-updown-5m-1781029200
poly_sniper_v5_eth_5m_l_ema50_hurst_grandparent_v8,1781029500000000,1.1799999999999997,1,0.8,eth-updown-5m-1781029200
poly_sniper_v5_eth_5m_l_ema50_hurst_grandparent_V10,1781029800000000,1.5791666666666668,1,0.75,eth-updown-5m-1781029500
poly_sniper_v5_eth_5m_l_ema50_hurst_grandparent_v8,1781029800000000,1.5791666666666668,1,0.75,eth-updown-5m-1781029500
poly_sniper_v5_eth_5m_ema50_hurst_parent15mrang_v7,1781029800000000,1.5791666666666668,1,0.75,eth-updown-5m-1781029500
poly_sniper_v5_eth_5m_ema50_hurst_parent15mrang_v7_vL,1781029800000000,1.5791666666666668,1,0.75,eth-updown-5m-1781029500
poly_sniper_v5_eth_5m_ema50_hurst_parent15mrang_v7_vL,1781030100000000,1.8464444444444446,1,0.72,eth-updown-5m-1781029800
poly_sniper_v5_eth_5m_ema50_hurst_parent15mrang_v7,1781030100000000,1.8464444444444446,1,0.72,eth-updown-5m-1781029800
poly_sniper_v5_eth_5m_cloud_vwap_hurstmp_v7_vL,1781030400000000,-5.0,0,0.62,eth-updown-5m-1781030100
shadow_sniper_eth_5m_cloud_AND_hurst_v1,1781030400000000,-5.0,0,0.62,eth-updown-5m-1781030100
poly_sniper_v5_eth_5m_l_ema50_hurst_grandparent_V10,1781030400000000,-5.0,0,0.62,eth-updown-5m-1781030100
poly_sniper_v5_eth_5m_bb_mp_hurst_band_v6,1781030400000000,-5.0,0,0.62,eth-updown-5m-1781030100
poly_sniper_v5_eth_5m_l_ema50_hurst_grandparent_v8,1781030400000000,-5.0,0,0.62,eth-updown-5m-1781030100
poly_sniper_v5_eth_5m_bb_mp_hurst_band_v6_vL,1781030400000000,-5.0,0,0.62,eth-updown-5m-1781030100
poly_sniper_v5_eth_5m_cloud_vwap_hurstmp_v7,1781030400000000,-5.0,0,0.62,eth-updown-5m-1781030100
poly_sniper_v5_eth_5m_cloud_ribbon_mp_hurst_v6,1781030400000000,-5.0,0,0.62,eth-updown-5m-1781030100
poly_sniper_v5_eth_5m_cloud_ribbon_mp_hurst_v6_vL,1781030400000000,-5.0,0,0.62,eth-updown-5m-1781030100
poly_sniper_v5_eth_5m_cloud_vwap_hurstmp_v7_vL,1781030700000000,-5.0,0,0.45999999999999996,eth-updown-5m-1781030400
poly_sniper_v5_eth_5m_cloud_vwap_hurstmp_v7,1781030700000000,-5.0,0,0.45999999999999996,eth-updown-5m-1781030400
poly_sniper_v5_eth_5m_l_ema50_hurst_grandparent_v8,1781030700000000,3.93340909090909,1,0.55,eth-updown-5m-1781030400
poly_sniper_v5_eth_5m_ema200_vwap_regimerang_xa3_v7,1781030700000000,1.7548150684931507,1,0.73,eth-updown-5m-1781030400
poly_fast_taker_b2_nomerge_eth_5m,1781030700000000,1.151111111111111,1,0.63,eth-updown-5m-1781030400
poly_sniper_v5_eth_5m_l_ema50_hurst_grandparent_V10,1781030700000000,3.93340909090909,1,0.55,eth-updown-5m-1781030400
poly_sniper_v5_eth_5m_bb_mp_hurst_band_v6_vL,1781031300000000,3.7745714285714276,1,0.56,eth-updown-5m-1781031000
poly_sniper_v5_eth_5m_ema50_hurst_parent15mrang_v7,1781031300000000,3.7745714285714276,1,0.56,eth-updown-5m-1781031000
poly_sniper_v5_eth_5m_bb_mp_hurst_band_v6,1781031300000000,3.7745714285714276,1,0.56,eth-updown-5m-1781031000
poly_sniper_v5_eth_5m_ema200_vwap_regimerang_xa3_v7,1781031300000000,1.4949473684210524,1,0.76,eth-updown-5m-1781031000
poly_sniper_v5_eth_5m_ema50_hurst_parent15mrang_v7_vL,1781031300000000,3.7745714285714276,1,0.56,eth-updown-5m-1781031000
poly_sniper_v5_eth_5m_cloud_vwap_hurstmp_v7,1781031600000000,2.569807692307692,1,0.65,eth-updown-5m-1781031300
poly_sniper_v5_eth_5m_bb_mp_hurst_band_v6,1781031600000000,2.569807692307692,1,0.65,eth-updown-5m-1781031300
poly_sniper_v5_eth_5m_bb_mp_hurst_band_v6_vL,1781031600000000,2.569807692307692,1,0.65,eth-updown-5m-1781031300
poly_sniper_v5_eth_5m_ema50_hurst_parent15mrang_v7_vL,1781031600000000,2.569807692307692,1,0.65,eth-updown-5m-1781031300
poly_sniper_v5_eth_5m_cloud_vwap_hurstmp_v7_vL,1781031600000000,2.569807692307692,1,0.65,eth-updown-5m-1781031300
poly_sniper_v5_eth_5m_ema50_hurst_parent15mrang_v7,1781031600000000,2.569807692307692,1,0.65,eth-updown-5m-1781031300
poly_sniper_v5_eth_5m_ema200_vwap_regimerang_xa3_v7,1781031600000000,1.7548150684931507,1,0.73,eth-updown-5m-1781031300
poly_sniper_v5_eth_5m_l_ema50_hurst_grandparent_v8,1781031900000000,-5.0,0,0.79,eth-updown-5m-1781031600
poly_sniper_v5_eth_5m_v5repl_off120_v6,1781031900000000,-5.0,0,0.77,eth-updown-5m-1781031600
poly_sniper_v5_eth_5m_l_ema50_hurst_grandparent_V10,1781031900000000,-5.0,0,0.79,eth-updown-5m-1781031600
poly_sniper_v5_eth_5m_ema50_hurst_parent15mrang_v7_vL,1781031900000000,-5.0,0,0.79,eth-updown-5m-1781031600
poly_sniper_v5_eth_5m_ema50_hurst_parent15mrang_v7,1781031900000000,-5.0,0,0.79,eth-updown-5m-1781031600
poly_sniper_v5_eth_5m_tr200_mp_sms_active_off120,1781031900000000,-5.0,0,0.77,eth-updown-5m-1781031600
poly_sniper_v5_eth_5m_bb_mp_hurst_band_v6_vL,1781032200000000,3.93340909090909,1,0.55,eth-updown-5m-1781031900
poly_sniper_v5_eth_5m_ema50_hurst_parent15mrang_v7,1781032200000000,3.93340909090909,1,0.55,eth-updown-5m-1781031900
shadow_sniper_eth_5m_cloud_AND_hurst_v1,1781032200000000,3.93340909090909,1,0.55,eth-updown-5m-1781031900
poly_sniper_v5_eth_5m_cloud_vwap_hurstmp_v7,1781032200000000,3.93340909090909,1,0.55,eth-updown-5m-1781031900
poly_sniper_v5_eth_5m_cloud_ribbon_mp_hurst_v6,1781032200000000,3.93340909090909,1,0.55,eth-updown-5m-1781031900
poly_sniper_v5_eth_5m_bb_mp_hurst_band_v6,1781032200000000,3.93340909090909,1,0.55,eth-updown-5m-1781031900
poly_sniper_v5_eth_5m_v6c3_parent15mrang_v7_vL,1781032200000000,3.93340909090909,1,0.55,eth-updown-5m-1781031900
poly_sniper_v5_eth_5m_l_ema50_hurst_grandparent_V10,1781032200000000,3.93340909090909,1,0.55,eth-updown-5m-1781031900
poly_fast_taker_b2_nomerge_eth_5m,1781032200000000,-2.0,0,0.62,eth-updown-5m-1781031900
poly_sniper_v5_eth_5m_cloud_ribbon_mp_hurst_v6_vL,1781032200000000,3.93340909090909,1,0.55,eth-updown-5m-1781031900
poly_sniper_v5_eth_5m_ema50_hurst_parent15mrang_v7_vL,1781032200000000,3.93340909090909,1,0.55,eth-updown-5m-1781031900
poly_sniper_v5_eth_5m_cloud_vwap_hurstmp_v7_vL,1781032200000000,3.93340909090909,1,0.55,eth-updown-5m-1781031900
poly_sniper_v5_eth_5m_v6c3_parent15mrang_v7,1781032200000000,3.93340909090909,1,0.55,eth-updown-5m-1781031900
poly_sniper_v5_eth_5m_l_ema50_hurst_grandparent_v8,1781032200000000,3.93340909090909,1,0.55,eth-updown-5m-1781031900
poly_sniper_v5_eth_5m_bb_mp_hurst_band_v6,1781032500000000,1.6657567567567568,1,0.74,eth-updown-5m-1781032200
poly_sniper_v5_eth_5m_bb_mp_hurst_band_v6_vL,1781032500000000,1.6657567567567568,1,0.74,eth-updown-5m-1781032200
shadow_sniper_eth_5m_cloud_AND_hurst_v1,1781032500000000,1.6657567567567568,1,0.74,eth-updown-5m-1781032200
poly_sniper_v5_eth_5m_l_ema50_hurst_grandparent_v8,1781032500000000,1.6657567567567568,1,0.74,eth-updown-5m-1781032200
poly_sniper_v5_eth_5m_v6c3_parent15mrang_v7,1781032500000000,1.6657567567567568,1,0.74,eth-updown-5m-1781032200
poly_sniper_v5_eth_5m_cloud_vwap_hurstmp_v7,1781032500000000,1.6657567567567568,1,0.74,eth-updown-5m-1781032200
poly_sniper_v5_eth_5m_cloud_ribbon_mp_hurst_v6_vL,1781032500000000,1.6657567567567568,1,0.74,eth-updown-5m-1781032200
poly_sniper_v5_eth_5m_l_ema50_hurst_grandparent_V10,1781032500000000,1.6657567567567568,1,0.74,eth-updown-5m-1781032200
poly_sniper_v5_eth_5m_cloud_vwap_hurstmp_v7_vL,1781032500000000,1.6657567567567568,1,0.74,eth-updown-5m-1781032200
poly_sniper_v5_eth_5m_cloud_ribbon_mp_hurst_v6,1781032500000000,1.6657567567567568,1,0.74,eth-updown-5m-1781032200
poly_sniper_v5_eth_5m_v6c3_parent15mrang_v7_vL,1781032500000000,1.6657567567567568,1,0.74,eth-updown-5m-1781032200
poly_sniper_v5_eth_5m_ema50_hurst_parent15mrang_v7,1781032500000000,1.6657567567567568,1,0.74,eth-updown-5m-1781032200
poly_sniper_v5_eth_5m_ema50_hurst_parent15mrang_v7_vL,1781032500000000,1.6657567567567568,1,0.74,eth-updown-5m-1781032200
poly_sniper_v5_eth_5m_l_ema50_hurst_grandparent_v8,1781032800000000,3.7745714285714276,1,0.56,eth-updown-5m-1781032500
poly_sniper_v5_eth_5m_cloud_ribbon_mp_hurst_v6_vL,1781032800000000,3.7745714285714276,1,0.56,eth-updown-5m-1781032500
poly_sniper_v5_eth_5m_cloud_ribbon_mp_hurst_v6,1781032800000000,3.7745714285714276,1,0.56,eth-updown-5m-1781032500
poly_sniper_v5_eth_5m_l_ema50_hurst_grandparent_V10,1781032800000000,3.7745714285714276,1,0.56,eth-updown-5m-1781032500
poly_sniper_v5_eth_5m_cloud_vwap_hurstmp_v7,1781032800000000,3.7745714285714276,1,0.56,eth-updown-5m-1781032500
poly_sniper_v5_eth_5m_ema50_hurst_parent15mrang_v7_vL,1781032800000000,3.7745714285714276,1,0.56,eth-updown-5m-1781032500
poly_sniper_v5_eth_5m_bb_mp_hurst_band_v6,1781032800000000,3.7745714285714276,1,0.56,eth-updown-5m-1781032500
poly_sniper_v5_eth_5m_bb_mp_hurst_band_v6_vL,1781032800000000,3.7745714285714276,1,0.56,eth-updown-5m-1781032500
poly_sniper_v5_eth_5m_ema50_hurst_parent15mrang_v7,1781032800000000,3.7745714285714276,1,0.56,eth-updown-5m-1781032500
poly_sniper_v5_eth_5m_cloud_vwap_hurstmp_v7_vL,1781032800000000,3.7745714285714276,1,0.56,eth-updown-5m-1781032500
shadow_sniper_eth_5m_cloud_AND_hurst_v1,1781032800000000,3.7745714285714276,1,0.56,eth-updown-5m-1781032500
poly_sniper_v5_eth_5m_v6c3_parent15mrang_v7,1781032800000000,3.7745714285714276,1,0.56,eth-updown-5m-1781032500
poly_sniper_v5_eth_5m_v6c3_parent15mrang_v7_vL,1781032800000000,3.7745714285714276,1,0.56,eth-updown-5m-1781032500
poly_sniper_v5_eth_5m_ema50_hurst_parent15mrang_v7,1781033100000000,2.3471865671641785,1,0.67,eth-updown-5m-1781032800
poly_sniper_v5_eth_5m_bb_mp_hurst_band_v6_vL,1781033100000000,2.3471865671641785,1,0.67,eth-updown-5m-1781032800
poly_sniper_v5_eth_5m_ema50_hurst_parent15mrang_v7_vL,1781033100000000,2.3471865671641785,1,0.67,eth-updown-5m-1781032800
poly_sniper_v5_eth_5m_ema200_vwap_regimerang_xa3_v7,1781033100000000,1.940753521126761,1,0.71,eth-updown-5m-1781032800
poly_sniper_v5_eth_5m_bb_mp_hurst_band_v6,1781033100000000,2.3471865671641785,1,0.67,eth-updown-5m-1781032800
poly_sniper_v5_eth_5m_bb_mp_hurst_band_v6_vL,1781033400000000,-5.0,0,0.4,eth-updown-5m-1781033100
poly_sniper_v5_eth_5m_ema50_hurst_parent15mrang_v7_vL,1781033400000000,3.0602213114754098,1,0.61,eth-updown-5m-1781033100
poly_sniper_v5_eth_5m_bb_mp_hurst_band_V10,1781033400000000,-5.0,0,0.4,eth-updown-5m-1781033100
poly_sniper_v5_eth_5m_cloud_vwap_hurstmp_v7_vL,1781033400000000,-5.0,0,0.4,eth-updown-5m-1781033100
poly_sniper_v5_eth_5m_cloud_vwap_hurstmp_v7,1781033400000000,-5.0,0,0.4,eth-updown-5m-1781033100
poly_sniper_v5_eth_5m_ema50_hurst_parent15mrang_v7,1781033400000000,3.0602213114754098,1,0.61,eth-updown-5m-1781033100
poly_sniper_v5_eth_5m_bb_mp_hurst_band_v6,1781033400000000,-5.0,0,0.4,eth-updown-5m-1781033100
poly_fast_taker_b2_nomerge_eth_5m,1781033700000000,1.201290322580645,1,0.62,eth-updown-5m-1781033400
poly_sniper_v5_eth_5m_ema50_hurst_parent15mrang_v7_vL,1781033700000000,1.7548150684931507,1,0.73,eth-updown-5m-1781033400
poly_sniper_v5_eth_5m_ema50_hurst_parent15mrang_v7,1781033700000000,1.7548150684931507,1,0.73,eth-updown-5m-1781033400
poly_sniper_v5_eth_5m_bb_mp_hurst_band_v6_vL,1781034000000000,3.707173875282264,1,0.5643564356435644,eth-updown-5m-1781033700
poly_sniper_v5_eth_5m_ema50_hurst_parent15mrang_v7_vL,1781034000000000,3.707173875282264,1,0.5643564356435644,eth-updown-5m-1781033700
poly_sniper_v5_eth_5m_cloud_vwap_hurstmp_v7_vL,1781034000000000,3.707173875282264,1,0.5643564356435644,eth-updown-5m-1781033700
poly_sniper_v5_eth_5m_cloud_ribbon_mp_hurst_v6_vL,1781034000000000,3.707173875282264,1,0.5643564356435644,eth-updown-5m-1781033700
poly_sniper_v5_eth_5m_v6c3_parent15mrang_v7_vL,1781034000000000,3.707173875282264,1,0.5643564356435644,eth-updown-5m-1781033700
poly_sniper_v5_eth_5m_ema200_vwap_regimerang_xa3_v7,1781034000000000,2.456757575757575,1,0.66,eth-updown-5m-1781033700
poly_sniper_v5_eth_5m_ema50_hurst_parent15mrang_v7_vL,1781034300000000,-5.0,0,0.88,eth-updown-5m-1781034000
poly_sniper_v5_eth_5m_cloud_ribbon_mp_hurst_v6_vL,1781034300000000,-5.0,0,0.88,eth-updown-5m-1781034000
poly_fast_taker_b2_nomerge_eth_5m,1781034300000000,-2.0,0,0.61,eth-updown-5m-1781034000
poly_sniper_v5_eth_5m_v6c3_parent15mrang_v7_vL,1781034300000000,-5.0,0,0.88,eth-updown-5m-1781034000
poly_sniper_v5_eth_5m_ema50_hurst_parent15mrang_v7_vL,1781034600000000,-5.0,0,0.36561264822134387,eth-updown-5m-1781034300
poly_sniper_v5_eth_5m_bb_mp_hurst_band_v6,1781034600000000,2.53022802280228,1,0.6534653465346535,eth-updown-5m-1781034300
poly_sniper_v5_eth_5m_ema50_hurst_parent15mrang_v7,1781034600000000,-5.0,0,0.36561264822134387,eth-updown-5m-1781034300
poly_sniper_v5_eth_5m_bb_mp_hurst_band_v6_vL,1781034600000000,2.53022802280228,1,0.6534653465346535,eth-updown-5m-1781034300
poly_sniper_v5_eth_5m_v6c3_parent15mrang_v7_vL,1781034900000000,0.4630054945054944,1,0.91,eth-updown-5m-1781034600
poly_sniper_v5_eth_5m_v6c3_parent15mrang_v7,1781034900000000,0.4630054945054944,1,0.91,eth-updown-5m-1781034600
poly_sniper_v5_eth_5m_ema50_hurst_parent15mrang_v7,1781034900000000,0.4630054945054944,1,0.91,eth-updown-5m-1781034600
poly_sniper_v5_eth_5m_cloud_ribbon_mp_hurst_v6_vL,1781034900000000,0.4630054945054944,1,0.91,eth-updown-5m-1781034600
poly_sniper_v5_eth_5m_cloud_ribbon_mp_hurst_v6,1781034900000000,0.4630054945054944,1,0.91,eth-updown-5m-1781034600
poly_sniper_v5_eth_5m_ema50_hurst_parent15mrang_v7_vL,1781034900000000,0.4630054945054944,1,0.91,eth-updown-5m-1781034600
poly_fast_taker_b2_nomerge_eth_5m,1781034900000000,0.6189473684210529,1,0.7599999999999999,eth-updown-5m-1781034600
poly_sniper_v5_eth_5m_cloud_ribbon_mp_hurst_v6,1781035200000000,2.6865,1,0.64,eth-updown-5m-1781034900
poly_sniper_v5_eth_5m_bb_mp_hurst_band_v6_vL,1781035200000000,2.6865,1,0.64,eth-updown-5m-1781034900
poly_sniper_v5_eth_5m_cloud_vwap_hurstmp_v7,1781035200000000,2.6865,1,0.64,eth-updown-5m-1781034900
poly_sniper_v5_eth_5m_cloud_vwap_hurstmp_v7_vL,1781035200000000,2.6865,1,0.64,eth-updown-5m-1781034900
poly_sniper_v5_eth_5m_bb_mp_hurst_band_v6,1781035200000000,2.6865,1,0.64,eth-updown-5m-1781034900
poly_sniper_v5_eth_5m_v6c3_parent15mrang_v7,1781035200000000,2.6865,1,0.64,eth-updown-5m-1781034900
poly_sniper_v5_eth_5m_ema50_hurst_parent15mrang_v7_vL,1781035200000000,2.6865,1,0.64,eth-updown-5m-1781034900
poly_sniper_v5_eth_5m_ema50_hurst_parent15mrang_v7,1781035200000000,2.6865,1,0.64,eth-updown-5m-1781034900
poly_sniper_v5_eth_5m_cloud_ribbon_mp_hurst_v6_vL,1781035200000000,2.6865,1,0.64,eth-updown-5m-1781034900
poly_sniper_v5_eth_5m_v6c3_parent15mrang_v7_vL,1781035200000000,2.6865,1,0.64,eth-updown-5m-1781034900
poly_fast_taker_b2_nomerge_eth_5m,1781035200000000,1.151111111111111,1,0.63,eth-updown-5m-1781034900
poly_fast_taker_b2_nomerge_eth_5m,1781035500000000,-2.0,0,0.6,eth-updown-5m-1781035200
poly_sniper_v5_eth_5m_bb_mp_hurst_band_v6,1781035800000000,2.931516129032258,1,0.62,eth-updown-5m-1781035500
poly_sniper_v5_eth_5m_l_ema50_hurst_grandparent_v8,1781035800000000,2.931516129032258,1,0.62,eth-updown-5m-1781035500
poly_sniper_v5_eth_5m_bb_mp_hurst_band_v6_vL,1781035800000000,2.931516129032258,1,0.62,eth-updown-5m-1781035500
poly_sniper_v5_eth_5m_cloud_ribbon_mp_hurst_v6_vL,1781035800000000,2.931516129032258,1,0.62,eth-updown-5m-1781035500
poly_sniper_v5_eth_5m_cloud_ribbon_mp_hurst_v6,1781035800000000,2.931516129032258,1,0.62,eth-updown-5m-1781035500
poly_sniper_v5_eth_5m_l_ema50_hurst_grandparent_V10,1781035800000000,2.931516129032258,1,0.62,eth-updown-5m-1781035500
poly_sniper_v5_eth_5m_cloud_vwap_hurstmp_v7,1781035800000000,2.931516129032258,1,0.62,eth-updown-5m-1781035500
poly_sniper_v5_eth_5m_up_a2_hlcascade25k_v9,1781035800000000,-5.0,0,0.45,eth-updown-5m-1781035500
shadow_sniper_eth_5m_cloud_AND_hurst_v1,1781035800000000,2.931516129032258,1,0.62,eth-updown-5m-1781035500
poly_fast_taker_b2_nomerge_eth_5m,1781035800000000,1.362033898305085,1,0.59,eth-updown-5m-1781035500
poly_sniper_v5_eth_5m_cloud_vwap_hurstmp_v7_vL,1781035800000000,2.931516129032258,1,0.62,eth-updown-5m-1781035500
poly_sniper_v5_eth_5m_ema200_vwap_regimerang_xa3_v7,1781036100000000,-5.0,0,0.6339144215530904,eth-updown-5m-1781035800
poly_sniper_v5_eth_5m_l_ema50_hurst_grandparent_V10,1781036100000000,-5.0,0,0.66,eth-updown-5m-1781035800
poly_sniper_v5_eth_5m_l_ema50_hurst_grandparent_v8,1781036100000000,-5.0,0,0.66,eth-updown-5m-1781035800
poly_sniper_v5_eth_5m_l_ema50_hurst_grandparent_v8,1781036400000000,2.0378571428571433,1,0.7,eth-updown-5m-1781036100
poly_sniper_v5_eth_5m_l_ema50_hurst_grandparent_V10,1781036400000000,2.0378571428571433,1,0.7,eth-updown-5m-1781036100
poly_sniper_v5_eth_5m_bb_mp_hurst_band_v6,1781036700000000,2.0378571428571433,1,0.7,eth-updown-5m-1781036400
poly_sniper_v5_eth_5m_cloud_vwap_hurstmp_v7_vL,1781036700000000,2.0378571428571433,1,0.7,eth-updown-5m-1781036400
poly_sniper_v5_eth_5m_bb_mp_hurst_band_v6_vL,1781036700000000,2.0378571428571433,1,0.7,eth-updown-5m-1781036400
shadow_sniper_eth_5m_cloud_AND_hurst_v1,1781036700000000,2.0378571428571433,1,0.7,eth-updown-5m-1781036400
poly_sniper_v5_eth_5m_l_ema50_hurst_grandparent_v8,1781036700000000,2.0378571428571433,1,0.7,eth-updown-5m-1781036400
poly_sniper_v5_eth_5m_cloud_vwap_hurstmp_v7,1781036700000000,2.0378571428571433,1,0.7,eth-updown-5m-1781036400
poly_sniper_v5_eth_5m_l_ema50_hurst_grandparent_V10,1781036700000000,2.0378571428571433,1,0.7,eth-updown-5m-1781036400
poly_sniper_v5_eth_5m_l_ema50_hurst_grandparent_V10,1781037300000000,1.1063395061728392,1,0.81,eth-updown-5m-1781037000
poly_sniper_v5_eth_5m_cloud_ribbon_mp_hurst_v6,1781037300000000,1.1063395061728392,1,0.81,eth-updown-5m-1781037000
poly_sniper_v5_eth_5m_l_ema50_hurst_grandparent_v8,1781037300000000,1.1063395061728392,1,0.81,eth-updown-5m-1781037000
poly_sniper_v5_eth_5m_cloud_ribbon_mp_hurst_v6_vL,1781037300000000,1.1063395061728392,1,0.81,eth-updown-5m-1781037000
poly_sniper_v5_eth_5m_ema50_hurst_parent15mrang_v7_vL,1781037600000000,-4.999999999999999,0,0.61,eth-updown-5m-1781037300
poly_sniper_v5_eth_5m_l_ema50_hurst_grandparent_v8,1781037600000000,-4.999999999999999,0,0.61,eth-updown-5m-1781037300
poly_sniper_v5_eth_5m_cloud_ribbon_mp_hurst_v6,1781037600000000,-4.999999999999999,0,0.61,eth-updown-5m-1781037300
poly_sniper_v5_eth_5m_v6c3_parent15mrang_v7_vL,1781037600000000,-4.999999999999999,0,0.61,eth-updown-5m-1781037300
poly_sniper_v5_eth_5m_cloud_vwap_hurstmp_v7_vL,1781037600000000,-4.999999999999999,0,0.61,eth-updown-5m-1781037300
poly_sniper_v5_eth_5m_cloud_vwap_hurstmp_v7,1781037600000000,-4.999999999999999,0,0.61,eth-updown-5m-1781037300
shadow_sniper_eth_5m_cloud_AND_hurst_v1,1781037600000000,-4.999999999999999,0,0.61,eth-updown-5m-1781037300
poly_sniper_v5_eth_5m_ema50_hurst_parent15mrang_v7,1781037600000000,-4.999999999999999,0,0.61,eth-updown-5m-1781037300
poly_sniper_v5_eth_5m_v6c3_parent15mrang_v7,1781037600000000,-4.999999999999999,0,0.61,eth-updown-5m-1781037300
poly_sniper_v5_eth_5m_bb_mp_hurst_band_v6_vL,1781037600000000,-4.999999999999999,0,0.61,eth-updown-5m-1781037300
poly_sniper_v5_eth_5m_cloud_ribbon_mp_hurst_v6_vL,1781037600000000,-4.999999999999999,0,0.61,eth-updown-5m-1781037300
poly_sniper_v5_eth_5m_bb_mp_hurst_band_v6,1781037600000000,-4.999999999999999,0,0.61,eth-updown-5m-1781037300
poly_sniper_v5_eth_5m_l_ema50_hurst_grandparent_V10,1781037600000000,-4.999999999999999,0,0.61,eth-updown-5m-1781037300
poly_sniper_v5_eth_5m_l_ema50_hurst_grandparent_v8,1781037900000000,-5.0,0,0.66,eth-updown-5m-1781037600
poly_sniper_v5_eth_5m_ema50_hurst_parent15mrang_v7,1781037900000000,-5.0,0,0.66,eth-updown-5m-1781037600
poly_sniper_v5_eth_5m_ema200_vwap_regimerang_xa3_v7,1781037900000000,7.940894736842105,1,0.38,eth-updown-5m-1781037600
poly_sniper_v5_eth_5m_l_ema50_hurst_grandparent_V10,1781037900000000,-5.0,0,0.66,eth-updown-5m-1781037600
poly_sniper_v5_eth_5m_ema50_hurst_parent15mrang_v7_vL,1781037900000000,-5.0,0,0.66,eth-updown-5m-1781037600
poly_sniper_v5_eth_5m_ema50_hurst_parent15mrang_v7,1781038200000000,2.931516129032258,1,0.62,eth-updown-5m-1781037900
poly_sniper_v5_eth_5m_bb_mp_hurst_band_v6_vL,1781038200000000,2.931516129032258,1,0.62,eth-updown-5m-1781037900
poly_sniper_v5_eth_5m_cloud_vwap_hurstmp_v7,1781038200000000,2.931516129032258,1,0.62,eth-updown-5m-1781037900
poly_sniper_v5_eth_5m_ema50_hurst_parent15mrang_v7_vL,1781038200000000,2.931516129032258,1,0.62,eth-updown-5m-1781037900
poly_sniper_v5_eth_5m_v6c3_parent15mrang_v7,1781038200000000,2.931516129032258,1,0.62,eth-updown-5m-1781037900
poly_sniper_v5_eth_5m_l_ema50_hurst_grandparent_V10,1781038200000000,2.931516129032258,1,0.62,eth-updown-5m-1781037900
shadow_sniper_eth_5m_cloud_AND_hurst_v1,1781038200000000,2.931516129032258,1,0.62,eth-updown-5m-1781037900
poly_sniper_v5_eth_5m_cloud_ribbon_mp_hurst_v6_vL,1781038200000000,2.931516129032258,1,0.62,eth-updown-5m-1781037900
poly_sniper_v5_eth_5m_l_ema50_hurst_grandparent_v8,1781038200000000,2.931516129032258,1,0.62,eth-updown-5m-1781037900
poly_sniper_v5_eth_5m_cloud_vwap_hurstmp_v7_vL,1781038200000000,2.931516129032258,1,0.62,eth-updown-5m-1781037900
poly_sniper_v5_eth_5m_bb_mp_hurst_band_v6,1781038200000000,2.931516129032258,1,0.62,eth-updown-5m-1781037900
poly_sniper_v5_eth_5m_cloud_ribbon_mp_hurst_v6,1781038200000000,2.931516129032258,1,0.62,eth-updown-5m-1781037900
poly_sniper_v5_eth_5m_v6c3_parent15mrang_v7_vL,1781038200000000,2.931516129032258,1,0.62,eth-updown-5m-1781037900
poly_sniper_v5_eth_5m_v6c3_parent15mrang_v7_vL,1781038800000000,2.569807692307692,1,0.65,eth-updown-5m-1781038500
poly_sniper_v5_eth_5m_cloud_vwap_hurstmp_v7_vL,1781038800000000,2.569807692307692,1,0.65,eth-updown-5m-1781038500
poly_sniper_v5_eth_5m_bb_mp_hurst_band_v6_vL,1781038800000000,2.569807692307692,1,0.65,eth-updown-5m-1781038500
poly_sniper_v5_eth_5m_ema50_hurst_parent15mrang_v7_vL,1781038800000000,2.569807692307692,1,0.65,eth-updown-5m-1781038500
poly_sniper_v5_eth_5m_bb_mp_hurst_band_v6,1781038800000000,2.569807692307692,1,0.65,eth-updown-5m-1781038500
poly_sniper_v5_eth_5m_cloud_ribbon_mp_hurst_v6,1781038800000000,2.569807692307692,1,0.65,eth-updown-5m-1781038500
poly_sniper_v5_eth_5m_cloud_ribbon_mp_hurst_v6_vL,1781038800000000,2.569807692307692,1,0.65,eth-updown-5m-1781038500
poly_sniper_v5_eth_5m_v6c3_parent15mrang_v7,1781038800000000,2.569807692307692,1,0.65,eth-updown-5m-1781038500
poly_sniper_v5_eth_5m_cloud_vwap_hurstmp_v7,1781038800000000,2.569807692307692,1,0.65,eth-updown-5m-1781038500
poly_sniper_v5_eth_5m_ema200_vwap_regimerang_xa3_v7,1781038800000000,3.0602213114754098,1,0.61,eth-updown-5m-1781038500
poly_sniper_v5_eth_5m_ema50_hurst_parent15mrang_v7,1781038800000000,2.569807692307692,1,0.65,eth-updown-5m-1781038500
poly_sniper_v5_eth_5m_ema200_vwap_regimerang_xa3_v7,1781039400000000,1.33325641025641,1,0.78,eth-updown-5m-1781039100
poly_sniper_v5_eth_5m_ema50_hurst_parent15mrang_v7,1781040900000000,1.7548150684931507,1,0.73,eth-updown-5m-1781040600
poly_sniper_v5_eth_5m_cloud_ribbon_mp_hurst_v6,1781040900000000,1.7548150684931507,1,0.73,eth-updown-5m-1781040600
poly_sniper_v5_eth_5m_l_ema50_hurst_grandparent_V10,1781040900000000,1.7548150684931507,1,0.73,eth-updown-5m-1781040600
poly_sniper_v5_eth_5m_ema50_hurst_parent15mrang_v7_vL,1781040900000000,1.7548150684931507,1,0.73,eth-updown-5m-1781040600
poly_sniper_v5_eth_5m_v6c3_parent15mrang_v7,1781040900000000,1.7548150684931507,1,0.73,eth-updown-5m-1781040600
poly_sniper_v5_eth_5m_cloud_ribbon_mp_hurst_v6_vL,1781040900000000,1.7548150684931507,1,0.73,eth-updown-5m-1781040600
poly_sniper_v5_eth_5m_v6c3_parent15mrang_v7_vL,1781040900000000,1.7548150684931507,1,0.73,eth-updown-5m-1781040600
poly_sniper_v5_eth_5m_bb_mp_hurst_band_v6,1781040900000000,1.7548150684931507,1,0.73,eth-updown-5m-1781040600
poly_sniper_v5_eth_5m_bb_mp_hurst_band_v6_vL,1781040900000000,1.7548150684931507,1,0.73,eth-updown-5m-1781040600
shadow_sniper_eth_5m_cloud_AND_hurst_v1,1781040900000000,1.7548150684931507,1,0.73,eth-updown-5m-1781040600
poly_sniper_v5_eth_5m_l_ema50_hurst_grandparent_v8,1781040900000000,1.7548150684931507,1,0.73,eth-updown-5m-1781040600
poly_sniper_v5_eth_5m_cloud_vwap_hurstmp_v7,1781040900000000,1.7548150684931507,1,0.73,eth-updown-5m-1781040600
poly_sniper_v5_eth_5m_cloud_vwap_hurstmp_v7_vL,1781040900000000,1.7548150684931507,1,0.73,eth-updown-5m-1781040600
poly_sniper_v5_eth_5m_cloud_ribbon_mp_hurst_v6_vL,1781041200000000,-5.0,0,0.65,eth-updown-5m-1781040900
poly_sniper_v5_eth_5m_cloud_vwap_hurstmp_v7_vL,1781041200000000,-5.0,0,0.65,eth-updown-5m-1781040900
poly_sniper_v5_eth_5m_ema50_hurst_parent15mrang_v7_vL,1781041200000000,-5.0,0,0.65,eth-updown-5m-1781040900
poly_sniper_v5_eth_5m_v6c3_parent15mrang_v7,1781041200000000,-5.0,0,0.65,eth-updown-5m-1781040900
poly_sniper_v5_eth_5m_cloud_vwap_hurstmp_v7,1781041200000000,-5.0,0,0.65,eth-updown-5m-1781040900
poly_sniper_v5_eth_5m_ema50_hurst_parent15mrang_v7,1781041200000000,-5.0,0,0.65,eth-updown-5m-1781040900
poly_sniper_v5_eth_5m_bb_mp_hurst_band_v6_vL,1781041200000000,-5.0,0,0.65,eth-updown-5m-1781040900
poly_sniper_v5_eth_5m_v6c3_parent15mrang_v7_vL,1781041200000000,-5.0,0,0.65,eth-updown-5m-1781040900
poly_sniper_v5_eth_5m_bb_mp_hurst_band_v6,1781041200000000,-5.0,0,0.65,eth-updown-5m-1781040900
poly_sniper_v5_eth_5m_cloud_ribbon_mp_hurst_v6,1781041200000000,-5.0,0,0.65,eth-updown-5m-1781040900
poly_sniper_v5_eth_5m_cloud_ribbon_mp_hurst_v6,1781041500000000,2.569807692307692,1,0.65,eth-updown-5m-1781041200
poly_sniper_v5_eth_5m_v6c3_parent15mrang_v7,1781041500000000,2.569807692307692,1,0.65,eth-updown-5m-1781041200
poly_sniper_v5_eth_5m_cloud_ribbon_mp_hurst_v6_vL,1781041500000000,2.569807692307692,1,0.65,eth-updown-5m-1781041200
poly_sniper_v5_eth_5m_v6c3_parent15mrang_v7_vL,1781041500000000,2.569807692307692,1,0.65,eth-updown-5m-1781041200
poly_sniper_v5_eth_5m_ema50_hurst_parent15mrang_v7,1781041500000000,2.569807692307692,1,0.65,eth-updown-5m-1781041200
poly_sniper_v5_eth_5m_cloud_vwap_hurstmp_v7_vL,1781041500000000,2.569807692307692,1,0.65,eth-updown-5m-1781041200
poly_sniper_v5_eth_5m_bb_mp_hurst_band_v6_vL,1781041500000000,2.569807692307692,1,0.65,eth-updown-5m-1781041200
poly_sniper_v5_eth_5m_cloud_vwap_hurstmp_v7,1781041500000000,2.569807692307692,1,0.65,eth-updown-5m-1781041200
poly_sniper_v5_eth_5m_bb_mp_hurst_band_v6,1781041500000000,2.569807692307692,1,0.65,eth-updown-5m-1781041200
poly_sniper_v5_eth_5m_ema50_hurst_parent15mrang_v7_vL,1781041500000000,2.569807692307692,1,0.65,eth-updown-5m-1781041200
poly_sniper_v5_eth_5m_ema50_hurst_parent15mrang_v7,1781041800000000,-5.0,0,0.55,eth-updown-5m-1781041500
poly_sniper_v5_eth_5m_ema50_hurst_parent15mrang_v7_vL,1781041800000000,-5.0,0,0.55,eth-updown-5m-1781041500
poly_sniper_v5_eth_5m_ema200_vwap_regimerang_xa3_v7,1781042100000000,2.0378571428571433,1,0.7,eth-updown-5m-1781041800
poly_sniper_v5_eth_5m_ema200_vwap_regimerang_xa3_v7,1781043000000000,-5.0,0,0.73,eth-updown-5m-1781042700
poly_sniper_v5_eth_5m_ema200_vwap_regimerang_xa3_v7,1781043600000000,2.456757575757575,1,0.66,eth-updown-5m-1781043300
poly_fast_taker_b2_nomerge_eth_5m,1781043900000000,-2.0,0,0.62,eth-updown-5m-1781043600
poly_sniper_v5_eth_5m_ema200_vwap_regimerang_xa3_v7,1781045400000000,-4.999999999999999,0,0.61,eth-updown-5m-1781045100
